0.100000
0.348300
0.878440
0.413251
0.938376
0.223787
0.672243
0.852686
0.486121
0.966755
0.124383
0.421488
0.943644
0.205805
0.632549
0.899507
0.349825
0.880221
0.408020
0.934759
0.236011
0.697799
0.816088
0.580842
0.942208
0.210730
0.643670
0.887619
0.386038
0.917239
0.293778
0.802919
0.612389
0.918617
0.289321
0.795728
0.629049
0.903050
0.338821
0.866963
0.446359
0.956365
0.161500
0.524066
0.965259
0.129778
0.437061
0.952170
0.176249
0.561868
0.952687
0.174438
0.557316
0.954787
0.167064
0.538525
0.961756
0.142343
0.472456
0.964564
0.132278
0.444201
0.955450
0.164726
0.532479
0.963418
0.136394
0.455851
0.959957
0.148762
0.490065
0.967118
0.123069
0.417662
0.941263
0.213959
0.650859
0.879425
0.410362
0.936404
0.230463
0.686344
0.833118
0.538054
0.961896
0.141845
0.471075
0.964262
0.133363
0.447284
0.956745
0.160156
0.520537
0.965868
0.127583
0.430754
0.948943
0.187502
0.589574
0.936449
0.230312
0.686029
0.833571
0.536886
0.962235
0.140632
0.467708
0.963465
0.136226
0.455378
0.959794
0.149340
0.491636
0.967229
0.122667
0.416488
0.940510
0.216532
0.656529
0.872680
0.429994
0.948534
0.188923
0.593005
0.934025
0.238480
0.702819
0.808305
0.599649
0.929071
0.255025
0.735251
0.753323
0.719152
0.781634
0.660541
0.867757
0.444102
0.955408
0.164876
0.532867
0.963320
0.136746
0.456841
0.960291
0.147570
0.486819
0.966828
0.124118
0.420720
0.943176
0.207414
0.636203
0.895707
0.361520
0.893287
0.368910
0.900996
0.345213
0.874779
0.423923
0.945101
0.200794
0.621042
0.910800
0.314412
0.834207
0.535244
0.962693
0.138992
0.463136
0.962241
0.140610
0.467646
0.963449
0.136282
0.455536
0.959849
0.149147
0.491110
0.967194
0.122794
0.416859
0.940749
0.215715
0.654734
0.874842
0.423740
0.944994
0.201165
0.621900
0.909993
0.316974
0.837861
0.525740
0.964936
0.130940
0.440385
0.953746
0.170723
0.547902
0.958620
0.153514
0.502898
0.967467
0.121805
0.413968
0.938856
0.222158
0.668751
0.857294
0.473459
0.964774
0.131523
0.442051
0.954504
0.168058
0.541083
0.960968
0.145158
0.480216
0.965985
0.127159
0.429531
0.948282
0.189798
0.595109
0.932493
0.243615
0.713112
0.791738
0.638120
0.893671
0.367738
0.899802
0.348914
0.879160
0.411140
0.936942
0.228645
0.682539
0.838550
0.523935
0.965283
0.129691
0.436811
0.952048
0.176677
0.562939
0.952169
