0.100000
0.348300
0.878440
0.413251
0.938376
0.223787
0.672243
0.852686
0.486121
0.966755
0.124383
0.421488
0.943644
0.205805
0.632549
0.899507
0.349825
0.880221
0.408020
0.934759
0.236011
0.697799
0.816088
0.580842
0.942208
0.210730
0.643670
0.887619
0.386038
0.917239
0.293778
0.802919
0.612389
0.918617
0.289321
0.795728
0.629049
0.903050
0.338821
0.866963
0.446359
0.956365
0.161500
0.524066
0.965259
0.129778
0.437061
0.952170
0.176249
0.561868
0.952687
0.174438
0.557316
0.954787
0.167064
0.538525
0.961756
0.142343
0.472456
0.964564
0.132278
0.444201
0.955450
0.164726
0.532479
0.963418
0.136394
0.455851
0.959957
0.148762
0.490065
0.967118
0.123069
0.417662
0.941263
0.213959
0.650859
0.879425
0.410362
0.936404
0.230463
0.686344
0.833118
0.538054
0.961896
0.141845
0.471075
0.964262
0.133363
0.447284
0.956745
0.160156
0.520537
0.965868
0.127583
0.430754
0.948943
0.187502
0.589574
0.936449
0.230312
0.686029
0.833571
0.536886
0.962235
0.140632
0.467708
0.963465
0.136226
0.455378
0.959794
0.149340
0.491636
0.967229
0.122667
0.416488
0.940510
0.216532
0.656529
0.872680
0.429994
0.948534
0.188923
0.593005
0.934025
0.238480
0.702819
0.808305
0.599649
0.929071
0.255025
0.735251
0.753323
0.719152
0.781634
0.660541
0.867757
0.444102
0.955408
0.164876
0.532867
0.963320
0.136746
0.456841
0.960291
0.147570
0.486819
0.966828
0.124118
0.420720
0.943176
0.207414
0.636203
0.895707
0.361520
0.893287
0.368910
0.900996
0.345213
0.874779
0.423923
0.945101
0.200794
0.621042
0.910800
0.314412
0.834207
0.535244
0.962693
0.138992
0.463136
0.962241
0.140610
0.467646
0.963449
0.136282
0.455536
0.959849
0.149147
0.491110
0.967194
0.122794
0.416859
0.940749
0.215715
0.654734
0.874842
0.423740
0.944994
0.201165
0.621900
0.909993
0.316974
0.837861
0.525740
0.964936
0.130940
0.440385
0.953746
0.170723
0.547902
0.958620
0.153514
0.502898
0.967467
0.121805
0.413968
0.938856
0.222158
0.668751
0.857294
0.473459
0.964774
0.131523
0.442051
0.954504
0.168058
0.541083
0.960968
0.145158
0.480216
0.965985
0.127159
0.429531
0.948282
0.189798
0.595109
0.932493
0.243615
0.713112
0.791738
0.638120
0.893671
0.367738
0.899802
0.348914
0.879160
0.411140
0.936942
0.228645
0.682539
0.838550
0.523935
0.965283
0.129691
0.436811
0.952048
0.176677
0.562939
0.952169
0.176250
0.561871
0.952686
0.174443
0.557329
0.954781
0.167086
0.538580
0.961740
0.142402
0.472619
0.964598
0.132154
0.443848
0.955297
0.165265
0.533877
0.963059
0.137682
0.459469
0.961142
0.144535
0.478505
0.965712
0.128145
0.432371
0.949800
0.184522
0.582332
0.941267
0.213948
0.650835
0.879453
0.410280
0.936348
0.230655
0.686744
0.832540
0.539544
0.961448
0.143443
0.475497
0.965176
0.130074
0.437910
0.952580
0.174812
0.558259
0.954365
0.168548
0.542340
0.960562
0.146605
0.484185
0.966532
0.125186
0.423821
0.945042
0.201000
0.621518
0.910353
0.315831
0.836236
0.529978
0.964022
0.134225
0.449728
0.957720
0.156707
0.511421
0.966995
0.123513
0.418957
0.942082
0.211162
0.644636
0.886542
0.389266
0.920046
0.284683
0.788081
0.646326
0.884639
0.394945
0.924789
0.269177
0.761309
0.703248
0.807631
0.601255
0.927823
0.259165
0.743034
0.738917
0.746595
0.732169
0.758898
0.708100
0.799907
0.619417
0.912313
0.309594
0.827195
0.553192
0.956550
0.160844
0.522346
0.965567
0.128666
0.433869
0.950575
0.181820
0.575706
0.945320
0.200042
0.619298
0.912422
0.309243
0.826677
0.554501
0.956005
0.162772
0.527392
0.964596
0.132162
0.443870
0.955307
0.165231
0.533787
0.963082
0.137598
0.459232
0.961068
0.144801
0.479236
0.965831
0.127714
0.431130
0.949144
0.186802
0.587880
0.937612
0.226377
0.677755
0.845220
0.506285
0.967347
0.122241
0.415242
0.939698
0.219295
0.662561
0.865231
0.451267
0.958309
0.154617
0.505850
0.967368
0.122167
0.415026
0.939556
0.219778
0.663610
0.863906
0.455004
0.959665
0.149802
0.492887
0.967304
0.122395
0.415695
0.939994
0.218287
0.660368
0.867972
0.443490
0.955141
0.165815
0.535300
0.962678
0.139046
0.463287
0.962284
0.140457
0.467219
0.963341
0.136668
0.456621
0.960218
0.147833
0.487537
0.966899
0.123861
0.419970
0.942713
0.208999
0.639782
0.891884
0.373172
0.905249
0.331942
0.858197
0.470959
0.964236
0.133456
0.447549
0.956853
0.159774
0.519533
0.966023
0.127022
0.429135
0.948065
0.190549
0.596910
0.931155
0.248088
0.721912
0.776922
0.670726
0.854700
0.480608
0.966045
0.126945
0.428913
0.947944
0.190971
0.597920
0.930393
0.250628
0.726839
0.768365
0.688783
0.829577
0.547137
0.958901
0.152515
0.500215
0.967500
0.121688
0.413626
0.938628
0.222934
0.670416
0.855109
0.479485
0.965871
0.127571
0.430717
0.948924
0.187570
0.589739
0.936334
0.230700
0.686837
0.832405
0.539891
0.961342
0.143824
0.476546
0.965371
0.129373
0.435899
0.951598
0.178248
0.566862
0.950199
0.183131
0.578930
0.943390
0.206678
0.634534
0.897455
0.356154
0.887424
0.386624
0.917755
0.292111
0.800246
0.618628
0.913039
0.307274
0.823755
0.561858
0.952692
0.174421
0.557274
0.954805
0.166999
0.538357
0.961806
0.142165
0.471963
0.964458
0.132660
0.445287
0.955915
0.163088
0.528218
0.964419
0.132801
0.445687
0.956084
0.162492
0.526661
0.964749
0.131612
0.442302
0.954617
0.167662
0.540065
0.961288
0.144017
0.477078
0.965467
0.129029
0.434913
0.951106
0.179970
0.571137
0.947916
0.191067
0.598148
0.930220
0.251204
0.727949
0.766412
0.692826
0.823607
0.562228
0.952514
0.175045
0.558843
0.954100
0.169480
0.544727
0.959758
0.149469
0.491985
0.967251
0.122587
0.416254
0.940358
0.217049
