1.0
1.9999999999999996
2.170086486626033
2.5615528128088307
2.6286512817427528
2.813606502648327
2.846778225342799
2.9474126424804536
2.96617303176726
3.2880564549796962
3.329958780168209
3.42481152601009
3.435659335623132
3.906971993773785
3.941675701275069
4.007473864208663
4.012492431871493
4.126912763117088
4.135975574575138
4.153929729972695
4.155264818333096
4.551000692710984
4.57386243138424
4.613518756903943
4.615710810302314
4.677120689847984
4.680728430383668
4.68716466731359
4.687518752355445
4.78815705767507
4.794334901108826
4.805229302069366
4.805795578480292
4.823577602702032
4.824603142501807
4.826410210095737
4.826503501744756
4.860400737367347
4.862663081056771
4.866712704613554
4.866920491555511
4.8737536757296045
4.874149111765501
4.874843773115698
4.87487889076664
4.967850115733134
4.974749351331239
4.9869457947237406
4.987536241678289
5.007392284637734
5.008447618296186
5.010253671005805
5.0103387794954966
5.046756634810085
5.04892997230726
5.052684798121045
5.052859898754148
5.058824716104672
5.059132784924623
5.059656474468598
5.059680592087352
5.144324693205674
5.149740931511956
5.15900460714547
5.1594162846260465
5.173790203124552
5.1744865267128075
5.1756481609957214
5.17569874809449
5.200256094932167
5.201589560209846
5.203838242363596
5.203935813178846
5.207376561004905
5.2075404013283855
5.20781268582089
5.207824376120225
5.39801363287869
5.407729462753119
5.423404356832128
5.424013531817598
5.446202058723282
5.44711820238987
5.448587243474364
5.448643752345681
5.481065074852015
5.482504897091563
5.484823137348389
5.484911404505637
5.488216673762475
5.488352203234272
5.488568966064825
5.488577176167589
5.541327738234912
5.543862203323675
5.547950469164982
5.5481028820932
5.553943968186737
5.554177857636035
5.554549219171902
5.554562902532398
5.5633527651310875
5.5637401705890674
5.564360855186846
5.564383778445875
5.565263741016825
5.565298712622545
5.565354170509536
5.565356204829867
5.793368631138241
5.802755117274774
5.817221108462623
5.8176990191828875
5.836979586059991
5.837648359630927
5.8386759715187875
5.8387096788959445
5.8645480082933
5.865497625646652
5.866960898137341
5.867008535147547
5.868972219736993
5.869040037081537
5.86914407579526
5.869147451578481
5.906013372148322
5.90746239879365
5.909701085876336
5.909773070698653
5.912789279293486
5.912892096336401
5.9130492183069085
5.91305423210174
5.917201238748347
5.917353597074706
5.917587856410325
5.917595349214838
5.917909114145808
5.917919759629644
5.917936018197921
5.917936536010972
5.97660189092856
5.979062991801424
5.982863923960448
5.982983239774599
5.988101702423084
5.9882716250296975
5.9885295216848276
5.988537519484021
5.995549000254454
5.995798699912855
5.9961796885586125
5.996191513493856
5.996696668570083
5.996713255648627
5.996738400208205
5.996739177381178
6.007229766754895
6.007639949737133
6.00827048147606
6.0082900662974295
6.0091351794305865
6.00916298295289
6.009205105193925
6.009206401461279
6.010360188216184
6.010401046790186
6.010463321593175
6.010465244452506
6.010547715632058
6.010550409263944
6.010554487533711
6.010554612935616
6.21671263820411
6.224292403840287
6.235600435949639
6.235921165869291
6.250428473518459
6.25085745106902
6.251493002921439
6.25151088669887
6.269986184320981
6.270559741221682
6.271411423647759
6.271435276225846
6.27252599880976
6.272558046502908
6.272605469796561
6.272606794751066
6.297074498423621
6.297878756890742
6.29907603750322
6.299109338046015
6.300648496445032
6.300693404883265
6.300759724432724
6.300761559221437
6.302740255895937
6.302801482715125
6.302892273501618
6.302894790015234
6.303010923606651
6.30301430054466
6.303019285923437
6.3030194237275206
6.337919070477636
6.339143984380641
6.340971715999718
6.341021977869914
6.343380026550137
6.343448019556104
6.343548115438795
6.343550843776496
6.346594430984018
6.346687406723359
6.3468248171786446
6.346828567859856
6.3470036315017015
6.34700863933867
6.3470160066879115
6.347016207211025
6.351165206026344
6.351301657764774
6.351504395346539
6.35150993933284
6.3517701587437525
6.351777622328779
6.351788601690378
6.351788900081544
6.35212284928427
6.352133004920112
6.352148006298088
6.352148414985253
6.352167515545126
6.352168060856366
6.352168862774853
6.352168884562073
6.407868657137183
6.409946739486768
6.413046145772725
6.41312951579979
6.417127465468154
6.417240029670444
6.417404824544403
6.417409203055599
6.422560332467357
6.422713527745713
6.4229385831026296
6.422944565406587
6.423229236591179
6.423237152922016
6.423248730595157
6.423249037484021
6.430224458905659
6.4304465970990545
6.430774416793143
6.430783134415051
6.431200429235755
6.431212045589844
6.431229028674801
6.431229477680548
6.431758921909713
6.4317745028346405
6.431797368360048
6.431797974180494
6.431826860604303
6.431827661184127
6.4318288312627505
6.43182886218635
6.4422654457776
6.442629326967322
6.443169725005372
6.443184097855412
6.443878120320938
6.443897458563648
6.44392571416781
6.4439264581138485
6.444817187626889
6.444843449375202
6.44488196796129
6.44488298419848
6.444931617574802
6.4449329594521085
6.444934918759356
6.444934970309366
6.44613891717594
6.446177069158711
6.446233319027071
6.446234807189422
6.446306340600313
6.446308321448567
6.446311214215919
6.446311290302199
6.446401942273067
6.446404595642044
6.446408485191558
6.446408587728147
6.446413495010441
6.446413630291968
6.44641382779351
6.44641383298713
6.625863968893393
6.631875672911789
6.640609729795908
6.640825885835206
6.651710603255952
6.651989929315032
6.65239165232534
6.652401508346491
6.6657672681875635
6.666124819706306
6.6666399782544055
6.66665257932711
6.667289471090047
6.66730568450499
6.667328980035217
6.667329548813508
6.684154634567067
6.684626969812934
6.685308935748109
6.685325548695559
6.686171250333585
6.686192692413209
6.686223465198744
6.6862242119609085
6.687260635864714
6.687288189233506
6.687327846113078
6.68732880982601
6.687377790036158
6.687379028752323
6.6873808061704345
6.687380849283844
6.709639262153617
6.710300465249637
6.711257369608403
6.711280540131679
6.712471333569554
6.712501342946193
6.712544341744479
6.712545376363996
6.714010937568798
6.714049656348107
6.714105290318535
6.714106630631304
6.714175217804248
6.714176936634937
6.714179398504922
6.714179457700281
6.7160418898235035
6.716094012184009
6.716169175956582
6.716170989652902
6.716264107539049
6.716266445974263
6.716269795383317
6.716269875872522
6.716383877097902
6.716386878655747
6.7163911902777045
6.71639129406641
6.71639660777228
6.71639674082333
6.716396931362254
6.716396935940467
6.748270618934709
6.749280815565015
6.750746021446956
6.750781148438024
6.752610699840296
6.75265633592812
6.752721562072797
6.752723111341121
6.754983810672867
6.755042888648852
6.755127554284288
6.755129567169801
6.755233644178809
6.755236216277642
6.755239890199464
6.755239977368756
6.758124459934628
6.758204221026314
6.758318920280355
6.758321650365431
6.7584633029922205
6.758466809317458
6.758471817380255
6.758471936091131
6.758644659151019
6.758649136966575
6.758655550329985
6.758655702597819
6.758663580581546
6.758663774996195
6.758664052626621
6.758664059206471
6.762592093375045
6.762708842204173
6.762877511920971
6.7628815326724325
6.763091157739196
6.763096357552445
6.7631037837312125
6.763103959520347
6.763361614748928
6.7633683130383755
6.763377906204164
6.763378133656372
6.763389917677677
6.763390208075919
6.763390622649082
6.763390632459556
6.7637174860018545
6.763726484481296
6.763739418628709
6.76373972593321
6.7637556913591546
6.763756085818411
6.7637566490246
6.763756662352026
6.763776117905385
6.763776621321513
6.763777342087255
6.763777359171428
6.763778244193119
6.763778265995806
6.763778297120152
6.763778297856542
6.8149940125971815
6.816716835157431
6.819215199929768
6.8192739351881295
6.82239469083842
6.82247093229828
6.822579417837667
6.822581937548183
6.826436960247515
6.826535435743966
6.826675898415773
6.826679161825952
6.826850929827479
6.826855073151597
6.826860963710615
6.826861100292367
6.831767021532004
6.831899210565051
6.832088331615977
6.832092726817016
6.832324948994817
6.832330554150092
6.832338521296379
6.832338705719762
6.832619797248752
6.832626890316723
6.832636998411376
6.832637232736651
6.8326495801296
6.832649877281837
6.832650299578033
6.832650309351447
6.839274695743498
6.839465470298554
6.839739487957319
6.839745857602433
6.84008414032631
6.840092310939443
6.840103920959692
6.840104189073329
6.840516429186448
6.840526843413026
6.840541680024322
6.840542023144176
6.840560141691821
6.840560576647699
6.840561194474116
6.840561208736856
6.841077814456719
6.841091593494396
6.841111288755849
6.841111745072904
6.841135903533509
6.841136484801163
6.841137310538775
6.841137329599353
6.841166535464219
6.841167270024991
6.841168316219977
6.841168340406552
6.841169617561172
6.841169648209079
6.841169691740252
6.8411696927449785
6.851093147179375
6.851405198511531
6.851855869690738
6.851866344574264
6.852426895003328
6.852440440588344
6.852459677884844
6.852460120461797
6.853149667813325
6.853167106245667
6.853191937122802
6.853192509169581
6.853222817880955
6.853223542560025
6.853224571098289
6.853224594747107
6.854098960556125
6.8541223251823205
6.854155705607953
6.854156475952551
6.854197402479722
6.8541983831592415
6.854199775149278
6.854199807147601
6.854249256309457
6.854250494608805
6.854252256754868
6.854252297323622
6.854254446488626
6.854254497836802
6.8542545707089975
6.8542545723839305
6.85543371921678
6.855467522824057
6.855516036256724
6.855517158465471
6.855577001883261
6.855578440092952
6.8555804817221535
6.8555805286389475
6.855653389264615
6.8556552204912835
6.855657826791704
6.855657886776857
6.855661066209926
6.855661142151309
6.855661249916906
6.855661252392801
6.855752451747084
6.855754871375889
6.855758326505503
6.855758406182501
6.855762639697858
6.855762741058978
6.855762884915752
6.855762888221021
6.855767999315578
6.855768127194005
6.855768309147857
6.855768313334831
6.855768535221149
6.855768540519694
6.85576854803862
6.855768548211323
6.945377570904412
6.948356899190188
6.95263578271188
6.952732127325948
6.958015069347095
6.958138263495313
6.9583120411510055
6.9583159076321435
6.96474009192289
6.964896001665849
6.965116346968017
6.965121245945846
6.965387990749786
6.965394134430186
6.965402793068369
6.965402985244848
6.973390184356554
6.9735932557760165
6.973880909119159
6.973887297856646
6.974236616061679
6.974244654697107
6.974255979111048
6.974256229777904
6.97467325960957
6.974683260411752
6.974697380900137
6.974697693843172
6.974714769569589
6.97471516157356
6.9747157137287275
6.974715725948161
6.9851005304341385
6.985379661753644
6.985776162462399
6.985784954614047
6.986268315815117
6.986279423798056
6.986295062801137
6.986295407706398
6.986875212423717
6.986889100121702
6.986908696903155
6.986909129604905
6.9869328134549455
6.986933355059085
6.986934117370777
6.986934134177092
6.987645060311457
6.987662948370176
6.987688261031865
6.987688820762351
6.987719526609281
6.987720230068614
6.9877212202555645
6.987721242081968
6.987757854893497
6.98775872889283
6.98775996191759
6.987759989133239
6.987761478917399
6.987761512972797
6.987761560903353
6.987761561959753
7.002286449669338
7.002704531907464
7.003300482480383
7.003313661270613
7.004043688352659
7.004060422991359
7.0040839624731595
7.004084478813714
7.004965386952723
7.0049864373140736
7.005016113963637
7.005016765630645
7.005052598125641
7.005053412846269
7.00505455832376
7.00505458343627
7.0061424677897115
7.006169780557096
7.006208393463787
7.006209242499919
7.006256037531832
7.006257103296211
7.006258601792327
7.006258634634036
7.006314366371804
7.006315688500713
7.006317551598463
7.006317592484628
7.006319840786324
7.006319891871539
7.006319963689609
7.006319965263503
7.007729671046076
7.007767298331678
7.007820687675465
7.007821863670756
7.007886880997162
7.007888365033277
7.0078904517306935
7.007890497444627
7.00796839837852
7.007970251400847
7.00797286282012
7.007972920105273
7.007976071853821
7.007976143437649
7.007976244064479
7.007976246268565
7.008071628771464
7.008074011748214
7.008077379473518
7.008077453471428
7.0080815331143755
7.008081625958889
7.008081756485637
7.008081759344744
7.008086615655173
7.0080867307700805
7.00808689296665
7.008086896524064
7.008087092230221
7.008087096674395
7.008087102921573
7.008087103058383
7.03102839756789
7.031747021256226
7.032775523005975
7.03279813854587
7.0340652037987415
7.034094087297692
7.034134650988726
7.034135532645787
7.035675011795617
7.035711590757039
7.035763074539917
7.0357641945133285
7.035826252039705
7.035827649276985
7.035829610154978
7.035829652737398
7.0377460733031425
7.037793901488172
7.037861400892524
7.037862870806385
7.037944526384003
7.0379463673810605
7.0379489509827895
7.037949007055192
7.038046043349269
7.038048320798451
7.038051523840316
7.038051593444696
7.038055450710377
7.038055537457639
7.038055659179666
7.038055661821181
7.0405614866694854
7.040627933535137
7.040722040024411
7.040724092071331
7.040838469837595
7.0408410530808325
7.040844678216002
7.040844756829613
7.0409814682079706
7.040984683844498
7.040989206344998
7.040989304543316
7.04099475097658
7.040994873362281
7.040995045062534
7.040995048785248
7.041161876113836
7.041165993647074
7.041171800351233
7.041171926632444
7.041178944708391
7.041179102711613
7.041179324402002
7.041179329208543
7.041187660018225
7.041187855246097
7.0411881297587176
7.041188135718214
7.0411884662229465
7.041188473648176
7.041188484065059
7.0411884842909
7.044753808885131
7.044856191506281
7.045001909126439
7.045005092261473
7.045183370044261
7.045187406064432
7.04519306958449
7.04519319225243
7.045408031594622
7.045413100146131
7.045420228437754
7.04542038302762
7.045428967928613
7.0454291605966475
7.045429430830379
7.045429436681443
7.0456942961399625
7.04570085851093
7.045710113286131
7.0457103143092885
7.045721500979776
7.0457217525202065
7.045722105358956
7.04572211299833
7.045735393953525
7.04573570478313
7.045736141729317
7.045736151201913
7.04573667712601
7.045736688924384
7.045736705471947
7.045736705830192
7.046079032090729
7.046088044684646
7.046100801157115
7.046101078813254
7.046116572273722
7.046116921534838
7.046117411504599
7.046117422112655
7.046135925474172
7.0461363598390445
7.046136970535136
7.046136983774207
7.046137718978478
7.04613773547155
7.046137758603442
7.046137759104174
7.046160315141229
7.046160870696289
7.046161653903233
7.0461616709095605
7.046162617168992
7.046162638438231
7.046162668271705
7.0461626689174786
7.046163791691076
7.04616381795738
7.046163854879552
7.046163855679886
7.04616390011856
7.046163901115386
7.04616390251338
7.046163902543585
7.175092533585172
7.178929888955163
7.184339909226949
7.1844530370481845
7.19099318378492
7.191134221185463
7.191330418076484
7.191334482466221
7.199084396313881
7.199257398608007
7.199498401270715
7.199503387155837
7.199790718676393
7.1997968565907975
7.199805388979049
7.199805565264214
7.209117950218982
7.209334173783207
7.2096358794425734
7.209642110370378
7.210002631504553
7.210010320317168
7.21002100333049
7.210021223385221
7.21044334176279
7.210452681659996
7.210465682766399
7.210465950833145
7.21048143917049
7.210481768904673
7.210482226998623
7.210482236432945
7.222020982923941
7.222301400524629
7.222693432659145
7.222701510187333
7.223171226911062
7.2231812222160094
7.223195100986026
7.223195385761276
7.223747153849177
7.223759335794987
7.223776281971018
7.2237766300122725
7.22379680517486
7.22379723293907
7.223797826785278
7.223797838966955
7.224455790463196
7.2244709534359
7.224492093621609
7.224492528292943
7.224517769993637
7.224518305923102
7.22451904995987
7.2245190652198
7.224548595080387
7.224549245512594
7.2245501501928375
7.224550168767845
7.224551245645971
7.224551268471528
7.2245513001579456
7.224551300807793
7.239551245990992
7.239935967434064
7.240475046663836
7.2404861166174594
7.241134096241283
7.241147839713917
7.2411669060074715
7.241167295160249
7.241931436262673
7.241948251922267
7.241971622897642
7.241972100326249
7.241999899652948
7.242000485792679
7.242001298686825
7.242001315271603
7.242916682104341
7.242937708013553
7.242966995185009
7.242967594098728
7.243002531231186
7.243003268820944
7.243004291779106
7.243004312644471
7.243045140889397
7.243046034837193
7.243047276917782
7.243047302279875
7.243048779189285
7.243048810314392
7.243048853477774
7.243048854358107
7.244183960249262
7.244211410625825
7.244249752890207
7.244250538006787
7.244296443723856
7.2442974144551915
7.244298760793841
7.244298788246252
7.244352672101169
7.244353854201407
7.244355496727719
7.244355530255749
7.244357483477872
7.244357524627796
7.244357581689327
7.244357582852737
7.2444217790461725
7.244423248960256
7.244425295984273
7.244425337823933
7.244427779150574
7.244427830664359
7.244427902102535
7.244427903559109
7.244430755723042
7.244430818137678
7.244430904851416
7.244430906621275
7.244431009720328
7.24443101189223
7.244431014903729
7.244431014965141
7.265433389362074
7.266007850127863
7.266814887752036
7.266831370279014
7.267805055705656
7.267825595550225
7.267854052358303
7.267854628637245
7.2690080297019035
7.269033271162512
7.269068304497408
7.269069014483605
7.269110629141735
7.269111499324965
7.2691127043544395
7.269112728742769
7.270501545719566
7.270533263617542
7.270577381038374
7.270578275913213
7.270630829380061
7.270631929524505
7.270633452994972
7.2706334838156526
7.270694796464274
7.270696127013797
7.270697972847838
7.270698010229095
7.27070020154687
7.270700247333829
7.270700310733288
7.2707003120158245
7.272432548267303
7.272474182967668
7.272532251035312
7.272533430170963
7.272602847761511
7.272604302951071
7.272606318063669
7.272606358809035
7.272687695524299
7.272689463592352
7.272691916398187
7.27269196604567
7.272694878053121
7.272694938866227
7.272695023063011
7.272695024765177
7.272791698566728
7.272793890529518
7.272796938041914
7.272796999805192
7.272800628114401
7.272800704001057
7.272800809074695
7.272800811199042
7.272805041575026
7.272805133292489
7.272805260512967
7.272805263087747
7.27280541409951
7.272805417252762
7.2728054216184574
7.2728054217067495
7.275094881825911
7.27515355434971
7.275235679455001
7.275237349465504
7.275335990541376
7.275338062098392
7.275340930685296
7.2753409886453255
7.27545723255647
7.275459765051053
7.27546327833965
7.275463349400634
7.275467520619077
7.27546760766411
7.275467728161728
7.275467730595855
7.275606865127711
7.275610028509801
7.275614426742945
7.275614515816439
7.275619752716361
7.275619862166311
7.2756200136897515
7.275620016750677
7.275626123310115
7.275626255603974
7.275626439079964
7.275626442790255
7.275626660544848
7.275626665087815
7.275626671376639
7.275626671503652
7.2757990078291135
7.2758031321764545
7.275808882496561
7.275808999139539
7.275815870808597
7.2758160147010855
7.275816213924302
7.275816217948756
7.275824266036189
7.275824440785197
7.275824683167253
7.2758246880687025
7.27582497577516
7.275824981777611
7.275824990086763
7.275824990254625
7.275834550945428
7.275834767467694
7.275835068446645
7.275835074541046
7.2758354328134764
7.275835440299685
7.275835450663532
7.275835450872862
7.275835868503778
7.275835877549326
7.275835890094186
7.275835890347855
7.2758359052360895
7.275835905546714
7.27583590597661
7.275835905985332
7.308864654765724
7.30983499648804
7.311201061433742
7.311228670297147
7.312882166628651
7.312916672360384
7.312964367352706
7.312965320522373
7.314931419851429
7.314973959784736
7.315032860178555
7.315034037832877
7.315103834509557
7.315105273616155
7.315107261525214
7.315107301215765
7.317483997201726
7.317537614324681
7.3176120036914085
7.317613491823078
7.317701878914528
7.317703702669727
7.317706221745084
7.317706272004664
7.317809082282759
7.317811279743369
7.317814320235163
7.317814380957914
7.317817980921693
7.317818055058883
7.317818157451473
7.317818159494183
7.320792947218728
7.320863474463811
7.320961572996146
7.320963536638799
7.321080482325583
7.321082897464773
7.321086233091876
7.321086299580413
7.321222876315283
7.321225798786512
7.3212298421153275
7.321229922790232
7.3212347098871104
7.321234808376293
7.3212349443777285
7.321234947088177
7.321396580601135
7.321400184281378
7.321405180499205
7.321405280305345
7.321411211563641
7.321411333765965
7.321411502522555
7.321411505885836
7.321418398082759
7.321418545166615
7.321418748633162
7.321418752692333
7.321418993544134
7.321418998498704
7.321419005340205
7.321419005476495
7.325357363939606
7.3254566662999965
7.325595244375151
7.3255980203453195
7.3257639414220606
7.325767371666346
7.32577210866193
7.325772202960652
7.325966998985907
7.325971173082339
7.325976947399897
7.325977062461398
7.325983898427274
7.32598403887956
7.3259842327782785
7.325984236637159
7.326216242535695
7.326221424592909
7.326228608418276
7.326228751735601
7.326237279582381
7.326237455043867
7.326237697287746
7.326237702108805
7.326247611084996
7.326247822249609
7.326248114286089
7.326248120103868
7.326248465709416
7.326248472808359
7.326248482608463
7.326248482803408
7.326533829839955
7.326540526924102
7.326549835492857
7.326550021473244
7.326561109394287
7.326561337933891
7.326561653480791
7.32656165976034
7.326574596683741
7.326574872947365
7.326575255048789
7.326575262660706
7.326575714907095
7.326575724196218
7.326575737019805
7.326575737274944
7.326591030177839
7.326591370414464
7.3265918419790275
7.3265918513847
7.326592411022405
7.326592422534191
7.326592438427135
7.326592438743337
7.3265930888065185
7.326593102655972
7.3265931218089
7.326593122190449
7.326593144855986
7.326593145321441
7.326593145964092
7.326593145976946
7.332321778048953
7.332478448144724
7.332698091667096
7.332702495350063
7.332967083767867
7.3329725611633965
7.332980123521013
7.332980273760707
7.333293219179168
7.3332999370406675
7.33330922848029
7.333309413248827
7.333320411393178
7.3333206368876445
7.333320948069222
7.333320954249096
7.333697046399028
7.3337054667280235
7.333717137727552
7.333717370084636
7.333731223110103
7.333731507532811
7.333731900054836
7.333731907849486
7.333748002622388
7.333748344850041
7.333748817953397
7.333748827357735
7.333749387017061
7.333749398486587
7.3337494143138064
7.333749414628118
7.334217178455731
7.334228191959961
7.334243498112842
7.334243803283344
7.334262034282217
7.334262409244285
7.334262926749155
7.334262937024677
7.3342842072039955
7.334284660404928
7.334285286970772
7.334285299424402
7.334286040706067
7.334286055896323
7.334286076857476
7.3342860772736564
7.3343112184590975
7.334311776480149
7.334312549563817
7.334312564948424
7.334313482024449
7.334313500844286
7.334313526815675
7.334313527331296
7.334314592055183
7.334314614682593
7.334314645961755
7.334314646583422
7.334314683583246
7.334314684341344
7.334314685387518
7.334314685408279
7.334930104351429
7.334945539427566
7.334967066829009
7.334967496861411
7.334993256815135
7.334993787858489
7.334994520840118
7.334994535392106
7.33502475869417
7.335025404425222
7.33502629726646
7.335026315010305
7.335027371477018
7.335027393123334
7.33502742299223
7.335027423585099
7.335063391898113
7.335064192852519
7.3350653026522465
7.335065324735082
7.3350666414970345
7.335066668516222
7.335066705801541
7.3350667065416255
7.335068235658374
7.3350682681519555
7.335068313068179
7.335068313960656
7.335068367089986
7.335068368178289
7.3350683696801156
7.335068369709866
7.335112562688559
7.335113596627821
7.335115033023118
7.335115061648789
7.335116771727089
7.335116806881537
7.335116855397312
7.335116856360372
7.3351188504035605
7.33511889286783
7.335118951572701
7.33511895273921
7.335119022187778
7.335119023610538
7.335119025573705
7.335119025612644
7.335121380965459
7.335121433213053
7.3351215055925385
7.3351215070325235
7.335121592887525
7.3351215946488875
7.335121597079549
7.335121597127795
7.335121696797405
7.335121698915048
7.335121701842175
7.33512170190034
7.3351217053626865
7.335121705433612
7.335121705531481
7.335121705533394
7.39512069536568
7.396949523856298
7.399516384209346
7.399566982592354
7.4026643871768645
7.402727333470539
7.4028139257888625
7.4028156114954555
7.406483166573976
7.406560279857002
7.4066665177389845
7.406668585625302
7.406793842964015
7.4067963545045465
7.406799806977469
7.406799874089219
7.411204031772194
7.4113002945548185
7.4114331443328805
7.4114357296626086
7.411592722973024
7.411595870645831
7.41160019676708
7.411600280747778
7.411781745835551
7.411785509163261
7.411790689693141
7.41179079034985
7.41179689264719
7.411797014777052
7.411797182615755
7.411797185873608
7.4172479344923
7.417372583880303
7.417544968325991
7.417548321845549
7.417752600022451
7.417756695020915
7.417762321764328
7.417762430803682
7.417999338993681
7.418004252016578
7.418011013580558
7.4180111447267
7.41801910767993
7.418019266760182
7.4180194853085695
7.4180194895430285
7.418297353376629
7.4183033448422915
7.4183116063573
7.418311766764351
7.418321520094142
7.418321715185282
7.418321983218617
7.418321988411625
7.418333249376163
7.418333482343866
7.418333802926402
7.418333809143371
7.418334186628528
7.418334194168491
7.418334204526836
7.418334204727538
7.425404868084864
7.4255755857804475
7.42581229279798
7.425816894828911
7.426098367321528
7.426104007525517
7.426111754852645
7.426111904633012
7.426439698700262
7.426446495054135
7.4264558454447425
7.4264560263725174
7.426467034840057
7.426467254221698
7.426467555482262
7.426467561305065
7.426853929266638
7.426862260340663
7.426873744129043
7.426873966564573
7.4268875200706805
7.426887790500751
7.426888161877564
7.426888169055037
7.426903812507407
7.426904135299738
7.4269045792881325
7.426904587876961
7.426905110437971
7.426905120848909
7.42690513514494
7.426905135421228
7.427373519561092
7.427384097249128
7.4273987122044325
7.427398995644872
7.427416297148546
7.42741664288181
7.427417117694738
7.427417126870311
7.427437169151664
7.4274375834386275
7.42743815331072
7.427438164333687
7.427438835116726
7.427438848479355
7.427438866828234
7.427438867182829
7.4274623425487505
7.4274628470351685
7.427463542305258
7.427463555768808
7.42746437616144
7.427464392526045
7.427464414998376
7.427464415432641
7.4274653620773625
7.427465381605011
7.427465408463416
7.427465408982907
7.427465440593388
7.427465441223097
7.427465442087647
7.427465442104342
7.437340640618068
7.437595771809589
7.4379507008929036
7.437957593309305
7.438381534555529
7.438390021774401
7.438401673782953
7.438401898272293
7.438898271718739
7.438908556014569
7.43892269788881
7.438922970569688
7.438939612442471
7.438939942883546
7.438940396363109
7.4389404050966945
7.4395292289169355
7.439541919436167
7.4395594035069665
7.439559740956841
7.439580366639675
7.439580776659367
7.439581339364957
7.439581350200542
7.439605144010945
7.439605633085627
7.439606305340398
7.439606318297376
7.439607108997829
7.439607124690895
7.439607146226249
7.439607146640898
7.440326473375332
7.440342715556405
7.440365145649569
7.44036557907298
7.440392120180118
7.4403926485488725
7.440393373700951
7.440393387661928
7.440424117407234
7.440424750109475
7.440425619829497
7.44042563658938
7.440426659624363
7.4404266799248315
7.440426707781883
7.440426708318114
7.44046267728665
7.440463447040086
7.440464507150047
7.440464527601341
7.440465777611302
7.440465802448105
7.440465836531889
7.440465837188175
7.440467278404067
7.440467308012128
7.4404673487072355
7.440467349491468
7.440467397353892
7.440467398303554
7.440467399606721
7.440467399631805
7.44138867185705
7.441410699551341
7.441441212215239
7.441441802720927
7.441478050711209
7.4414787736582735
7.441479765900875
7.441479784999105
7.441521953425054
7.441522823538515
7.4415240196822
7.441524042726654
7.441525449864429
7.441525477780029
7.4415255160846705
7.441525516821782
7.441575157642663
7.441576222742978
7.441577689734551
7.441577718028579
7.441579448028763
7.441579482394697
7.4415795295528575
7.441579530460392
7.441581525400861
7.441581566374968
7.441581622689337
7.441581623774125
7.441581690003324
7.441581691316891
7.441581693119476
7.441581693154204
7.441641775504473
7.441643125427983
7.441644989093126
7.4416450250871256
7.4416472295419
7.441647273403888
7.441647333597265
7.441647334755648
7.441649886043984
7.4416499385434705
7.441650010704596
7.441650012094735
7.441650096970203
7.4416500986537795
7.44165010096388
7.4416501010083325
7.441653085782188
7.441653149619259
7.441653237529657
7.441653239225037
7.4416533428749965
7.44165334493367
7.4416533477586455
7.441653347813111
7.44165346730713
7.441653469761018
7.441653473133667
7.441653473198627
7.441653477164976
7.4416534772437375
7.44165347735159
7.4416534773536185
7.457274230288976
7.457714524072326
7.458329673101169
7.45834158614487
7.45908061262491
7.4590953710384165
7.459115614441586
7.4591160021732374
7.4599873391776415
7.460005350281724
7.460030094590936
7.460030568863807
7.460059662616711
7.460060236737751
7.460061023779618
7.460061038845472
7.461103163020887
7.461125574196118
7.461156421853634
7.461157013598609
7.461193372318501
7.46119409053312
7.461195075111453
7.461195093953166
7.461236996081305
7.461237851680047
7.4612390264082284
7.46123904890905
7.461240429066956
7.461240456282315
7.461240493587951
7.46124049430188
7.462525967527202
7.4625549341536335
7.462594898037147
7.462595665428738
7.462642911325113
7.4626438457614395
7.4626451267546745
7.462645151259765
7.462699797429898
7.462700914899167
7.462702449195976
7.462702478573248
7.462704281253712
7.462704316787557
7.4627043654922565
7.462704366423898
7.4627682439919365
7.462769601152879
7.462771468001363
7.462771503784355
7.462773702400339
7.462773745793685
7.462773805274231
7.462773806412115
7.462776337858758
7.4627763895005375
7.462776460397195
7.462776461754492
7.462776545040329
7.462776546681911
7.4627765489318065
7.462776548974848
7.464442072181145
7.464481819080389
7.464536821216532
7.464537878725875
7.4646031575005845
7.464604450648351
7.464606223388312
7.464606257283294
7.464682115898209
7.464683670096767
7.4646858040608475
7.4646858448994236
7.464688352268342
7.464688401667511
7.464688469370307
7.46468847066457
7.464777644500704
7.464779543453172
7.464782155662212
7.46478220570723
7.464785282385828
7.464785343078715
7.464785426264333
7.464785427854547
7.464788970636885
7.464789042872944
7.464789142032259
7.464789143929631
7.464789260405755
7.464789262700082
7.4647892658444945
7.464789265904632
7.464896974202227
7.464899374535708
7.464902684048058
7.46490274753628
7.464906657044072
7.464906734287041
7.464906840163441
7.464906842187457
7.464911359909361
7.464911452191471
7.464911578878708
7.464911581302833
7.46491173013002
7.464911733061727
7.4649117370795315
7.464911737156379
7.4649170122781054
7.464917124222196
7.46491727818613
7.464917281135378
7.4649174624348715
7.464917466010718
7.464917470911816
7.464917471005456
7.464917679715871
7.464917683970663
7.464917689811241
7.464917689922925
7.4649176967833695
7.464917696918422
7.46491769710363
7.464917697107183
7.467256897897909
7.467317066639199
7.467400677555945
7.467402287913116
7.467502062884291
7.467504043701077
7.467506759123149
7.467506811003327
7.467623521388328
7.467625918849894
7.467629210687403
7.4676292736376535
7.467633141728676
7.467633217878247
7.4676333222278215
7.4676333242209445
7.4677716122692
7.467774566504297
7.46777863054657
7.4677787083480345
7.467783495496896
7.467783589860329
7.467783719175886
7.467783721645814
7.467789234747368
7.467789347070171
7.467789501234205
7.46778950418145
7.467789685241549
7.467789688804966
7.46778969368767
7.4677896937810155
7.467958368393627
7.467962142328735
7.467967346189515
7.467967445944796
7.467973594226741
7.467973715612662
7.467973881970693
7.467973885148253
7.467980991368769
7.4679811364152044
7.467981335508525
7.4679813393147985
7.4679815731672825
7.467981577769612
7.4679815840761
7.467981584196687
7.4679898836672765
7.467990059653582
7.467990301661343
7.467990306293146
7.467990591225307
7.467990596840044
7.467990604534383
7.467990604681277
7.467990932636457
7.4679909393158415
7.467990948483044
7.467990948658287
7.467990959424576
7.467990959636442
7.467990959926732
7.467990959932281
7.468206497647405
7.468211602119214
7.468218662037588
7.468218797606662
7.468227171501193
7.468227337168164
7.468227564231937
7.468227568568826
7.468237292742045
7.468237491699449
7.468237764820267
7.468237770041749
7.468238090890139
7.468238097204615
7.468238105857196
7.468238106022374
7.468249527344485
7.468249770209999
7.46825010423006
7.468250110622802
7.468250503953813
7.468250511704803
7.468250522326476
7.468250522529313
7.4682509753429125
7.468250984565453
7.468250997223104
7.468250997465093
7.468251012330555
7.468251012623056
7.468251013023931
7.46825101303155
7.468264793648684
7.468265100282341
7.468265522973699
7.468265531074435
7.4682660302916535
7.468266040144936
7.468266053648507
7.468266053906342
7.468266630648209
7.468266642416543
7.468266658569485
7.468266658878278
7.468266677850881
7.4682666782242055
7.468266678735825
7.468266678745528
7.468267351973424
7.468267366243847
7.468267385867328
7.468267386242863
7.4682674093461765
7.4682674098014745
7.468267410425237
7.46826741043719
7.468267437027951
7.468267437569471
7.468267438312706
7.468267438326884
7.468267439199716
7.4682674392168655
7.468267439240425
7.468267439240911
7.498977679380208
7.499933361322204
7.501273409963555
7.501299129971587
7.502917183892068
7.50294920053152
7.502993025008053
7.5029938539930345
7.504912704626063
7.504951984524679
7.505005831947649
7.505006850905085
7.505070030961055
7.505071261271386
7.505072944008493
7.505072975807774
7.507382184397534
7.507431322738166
7.507498804407576
7.507500081887552
7.507579442022676
7.507580988292938
7.50758310303675
7.507583142972591
7.5076743709994425
7.507676207193651
7.507678722194937
7.5076787697298855
7.507681717515847
7.507681774845502
7.507681853245303
7.507681854725673
7.510547674029767
7.5106114866604745
7.510699309711461
7.510700973022758
7.510804545711923
7.510806565063765
7.510809326564115
7.510809378667796
7.510928840271145
7.51093124676359
7.51093454262221
7.510934604861017
7.51093846766193
7.510938542719224
7.510938645345231
7.51093864728125
7.511077792165292
7.511080701760071
7.511084693725958
7.511084769185933
7.511089458466582
7.511089549691144
7.511089674428982
7.511089676782132
7.511095060121015
7.511095168295636
7.511095316430358
7.5110953192273655
7.511095492817529
7.511095496190086
7.511095500801358
7.51109550088839
7.514826460126978
7.514914228644274
7.51503535099746
7.515037646122149
7.515180999545104
7.515183796606837
7.515187621148053
7.515187693223041
7.515353745127795
7.515357093484658
7.515361678749925
7.515361765233987
7.515367138788966
7.515367243072389
7.515367385628175
7.515367388314129
7.515561784316602
7.515565854471207
7.515571438140032
7.515571543560629
7.515578102146455
7.515578229577864
7.515578403784964
7.515578407067221
7.51558593589082
7.515586086982279
7.5155862938407045
7.515586297741567
7.51558654009281
7.515586544794972
7.515586551222974
7.515586551344116
7.515820014719908
7.515825122986213
7.515832146090376
7.515832278849299
7.515840551301464
7.515840712265098
7.51584093232502
7.515840936471127
7.5158504644025435
7.515850655932381
7.515850918172432
7.515850923117554
7.515851230380712
7.515851236342338
7.515851244491587
7.515851244645073
7.51586232371696
7.515862554867304
7.515862871915807
7.515862877900565
7.515863250222876
7.515863257455521
7.515863267342921
7.515863267529235
7.515863694817887
7.5158637033910916
7.515863715128285
7.5158637153495365
7.515863729100396
7.515863729367185
7.51586372973183
7.515863729738678
7.521103586263873
7.52123576459226
7.5214188378580875
7.521422308667488
7.521640019836697
7.521644271361743
7.5216500834817355
7.5216501928201005
7.521903825615881
7.521908945991378
7.521915956546829
7.52191608853952
7.521924303165108
7.521924462291806
7.521924679747766
7.521924683837435
7.522223647745388
7.522229917043866
7.522238516135654
7.522238678195393
7.522248777481725
7.522248973343856
7.522249241011735
7.522249246045363
7.522260837920725
7.5222610701024015
7.52226138787381
7.522261393854787
7.522261766027203
7.522261773234107
7.522261783082445
7.52226178326765
7.522623826672345
7.522631764842794
7.522642677015589
7.522642882914106
7.522655735125602
7.522655984731774
7.522656325863873
7.5226563322785545
7.522671133745934
7.522671430703681
7.522671837154753
7.522671844804327
7.522672320878206
7.522672330096516
7.522672342693259
7.522672342930102
7.522689551798479
7.5226899101036135
7.52269040138589
7.52269041064172
7.52269098737353
7.522690998554472
7.522691013833892
7.52269101412123
7.522691675737426
7.522691688984142
7.522691707113421
7.5226917074545625
7.5226917286867705
7.522691729097751
7.522691729659535
7.522691729670132
7.523149410823736
7.523160005711509
7.523174611047945
7.523174887053096
7.523192151556213
7.5231924874668525
7.523192946577994
7.523192955210349
7.5232129246236426
7.523213326115206
7.523213875686849
7.523213886029205
7.523214529809345
7.523214542273895
7.523214559306296
7.523214559626437
7.523237897716596
7.523238384849437
7.5232390528380755
7.523239065421897
7.5232398497017074
7.523239864905203
7.5232398856812575
7.523239886071829
7.52324078593068
7.52324080394622
7.523240828601376
7.523240829065288
7.523240857939688
7.523240858498663
7.52324085926246
7.5232408592768225
7.5232688283562785
7.523269438323063
7.523270276568781
7.523270292380152
7.523271279299997
7.523271298460312
7.523271324645366
7.523271325137691
7.523272461258388
7.523272484043273
7.523272515227932
7.523272515814845
7.523272552339597
7.5232725530467395
7.523272554013001
7.523272554031122
7.5232738742704965
7.523273901747371
7.52327393942025
7.523273940129913
7.523273984353196
7.523273985210415
7.523273986381822
7.523273986403757
7.523274037133462
7.52327403814887
7.523274039538748
7.523274039564934
7.523274041192423
7.523274041223935
7.523274041266914
7.523274041267729
7.531666855031986
7.531899613534123
7.532223671133779
7.532229816661747
7.532617830229837
7.532625413235775
7.532635775844904
7.532635970199777
7.53309173984862
7.5331009519182
7.533113560058055
7.533113796713458
7.533128565995838
7.533128851189855
7.533129240708091
7.533129248010297
7.533671781225314
7.53368317753167
7.5336988035309105
7.533699097102172
7.533717444265621
7.533717798939396
7.533718283366442
7.533718292446782
7.533739345125134
7.533739765391282
7.533740340248153
7.533740351032792
7.533741023921811
7.533741036907899
7.533741054643478
7.533741054975858
7.53440594890663
7.534420562214397
7.534440643881119
7.534441021587008
7.534464667946618
7.534465125677983
7.534465750885421
7.53446576260265
7.534492988610771
7.534493532968083
7.534494277595565
7.534494291562847
7.5344951632339185
7.534495180053479
7.534495203023845
7.534495203454242
7.534526846754327
7.534527503224222
7.534528402778453
7.534528419668932
7.534529475048223
7.534529495436826
7.534529523282992
7.5345295238048475
7.534530733693576
7.534530757829268
7.534530790840738
7.534530791459937
7.534530830098493
7.534530830844006
7.534530831862139
7.534530831881179
7.535384040097596
7.53540385796212
7.53543116970377
7.53543168413344
7.535463962660522
7.5354645885692335
7.535465443522604
7.535465459541745
7.535502788488376
7.535503536356578
7.5355045594248296
7.535504578610624
7.5355057763332365
7.535505799439074
7.535505830992973
7.535505831584086
7.5355494456945875
7.535550352674227
7.535551595595608
7.535551618928343
7.535553077320746
7.5355531054892335
7.535553143958861
7.535553144679586
7.535554816815807
7.535554850165362
7.535554895777373
7.535554896632686
7.535554950017
7.53555495104672
7.535554952452943
7.535554952479213
7.535607196042675
7.535608330892369
7.535609889433023
7.535609918727301
7.535611752494042
7.53561178796519
7.535611836410813
7.535611837318465
7.535613946741668
7.535613988884096
7.535614046526317
7.535614047607182
7.535614115078382
7.535614116379845
7.5356141181571665
7.5356141181904475
7.535616567172334
7.535616617934539
7.5356166874877015
7.535616688793176
7.5356167703875165
7.535616771963305
7.535616774115317
7.535616774155542
7.535616867686121
7.535616869551247
7.535616872102181
7.535616872149997
7.535616875135561
7.535616875193085
7.535616875271776
7.535616875273215
7.536796449355872
7.536825882813125
7.536866606325218
7.53686737487841
7.536915750145147
7.536916690418681
7.536917974843848
7.536917998901936
7.536974286631837
7.536975417495361
7.536976964611093
7.536976993614849
7.536978805064159
7.536978839998242
7.536978887701662
7.53697888859498
7.537045138653157
7.537046520954795
7.537048415455411
7.537048451008554
7.537050674287051
7.537050717215588
7.537050775838829
7.537050776936599
7.537053326549682
7.53705337738379
7.537053446904322
7.537053448207361
7.5370535295690555
7.537053531137688
7.537053533279726
7.537053533319804
7.537133611504374
7.537135358054851
7.537137757027235
7.537137802104679
7.537140625317711
7.537140679911813
7.537140754470222
7.537140755866462
7.537144004310164
7.537144069189279
7.537144157924248
7.537144159587416
7.537144263446597
7.537144265449057
7.5371442681834875
7.53714426823457
7.537148040724566
7.537148118897463
7.53714822600074
7.537148228010267
7.5371483536470745
7.537148356072357
7.537148359384247
7.537148359446271
7.537148503451323
7.537148506321598
7.537148510247026
7.5371485103205895
7.537148514914502
7.537148515003093
7.5371485151240005
7.537148515126246
7.537249491456772
7.537251815858288
7.537255017499542
7.537255077757211
7.53725885917145
7.537258932435381
7.537259032499088
7.537259034372976
7.537263404088119
7.5372634915554775
7.5372636111962255
7.53726361343873
7.537263753489036
7.537263756189441
7.537263759876741
7.53726375994576
7.5372688607248275
7.537268966696214
7.53726911190315
7.537269114627716
7.537269284988265
7.537269288276994
7.537269292768116
7.537269292852197
7.537269488155772
7.537269492048835
7.537269497372883
7.537269497472642
7.537269503703471
7.537269503823515
7.5372695039875435
7.537269503990644
7.537275607123719
7.537275739557147
7.537275921413297
7.53727592482978
7.537276138774468
7.537276142910728
7.537276148559527
7.537276148665283
7.537276394736727
7.537276399650133
7.537276406370042
7.537276406495977
7.537276414361212
7.537276414512778
7.537276414719928
7.537276414723769
7.537276700357039
7.537276706274273
7.537276714381185
7.537276714533261
7.537276724042812
7.537276724226363
7.537276724477034
7.537276724481754
7.537276735381334
7.5372767355985975
7.537276735895636
7.537276735901203
7.537276736249007
7.537276736255634
7.53727673626475
7.537276736264879
7.554645326064466
7.5551954648140764
7.555966874631021
7.555981476514807
7.556913885067431
7.556932081086847
7.556956922949685
7.556957385733213
7.558064984149915
7.558087345593073
7.558117920581969
7.558118490509095
7.558154274798852
7.558154960852305
7.558155896704541
7.558155914125033
7.559491787398631
7.559519824246497
7.559558228073996
7.559558944426681
7.5596039953173415
7.5596048597727155
7.559606038967278
7.559606060909137
7.5596577035084564
7.55965872647999
7.559660123911248
7.559660149935576
7.559661783588611
7.559661814876885
7.559661857553486
7.559661858347496
7.561324432790247
7.5613609516988145
7.561411083587268
7.561412019471459
7.561470994793449
7.561472127602718
7.561473672821341
7.561473701559986
7.561541533769782
7.561542879094626
7.561544716854348
7.561544751062235
7.561546899503874
7.561546940631241
7.561546996722848
7.561546997765931
7.561625728178822
7.561627347637416
7.561629563649531
7.561629604938657
7.561632201221259
7.561632250978883
7.56163231884415
7.561632320106284
7.5616352918522205
7.561635350640858
7.561635430938351
7.5616354324328645
7.561635526291036
7.561635528087491
7.561635530537589
7.561635530583252
7.563808183091978
7.5638586255325695
7.563928064747795
7.563929362374745
7.564011346655712
7.564012923440577
7.564015074190456
7.564015114164415
7.564109818575005
7.564111699761911
7.564114269467599
7.564114317268096
7.5641173214222
7.564117378891168
7.564117457260624
7.564117458716882
7.564227944253625
7.5642302211521395
7.564233336762331
7.5642333947745355
7.5642370451397625
7.56423711505139
7.56423721039304
7.5642372121647545
7.564241390616715
7.564241473219145
7.564241586028843
7.564241588126951
7.564241719971541
7.564241722493282
7.564241725932118
7.564241725996021
7.564373787346107
7.564376628215527
7.564380523676839
7.564380596296385
7.564385172584956
7.5643852603532595
7.564385380053541
7.564385382277992
7.564390637269836
7.564390741322139
7.564390883435761
7.564390886078865
7.564391052186996
7.5643910553640685
7.564391059696451
7.564391059776889
7.564397147295889
7.564397272291757
7.564397443300203
7.5643974464838974
7.564397646798792
7.564397650634589
7.564397655865552
7.564397655962734
7.564397885195966
7.564397889726703
7.564397895914322
7.564397896029368
7.564397903260936
7.5643979033992395
7.564397903587871
7.564397903591395
7.5674664057647565
7.567542903753914
7.567648611140756
7.567650589073543
7.567776010172453
7.567778426391211
7.567781721927545
7.567781783117852
7.567927521606466
7.5679304224166355
7.5679343847460085
7.56793445837818
7.567939090592513
7.5679391791156565
7.567939299810733
7.567939302051095
7.56811052870453
7.5681140661417095
7.56811890650185
7.568118996538537
7.568124667842254
7.568124776347853
7.568124924294074
7.568124927040262
7.568131419083532
7.568131547286846
7.56813172234037
7.568131725592563
7.568131930145999
7.568131934053996
7.568131939382033
7.568131939480911
7.568338369960256
7.5683428244213085
7.56834893252452
7.568349046278275
7.568356222425544
7.568356359915761
7.568356547392365
7.568356550872328
7.568364792090477
7.568364955100166
7.5683651776940835
7.5683651818294475
7.568365441957704
7.568365446927274
7.56836545370277
7.568365453828462
7.568375001604775
7.568375197435663
7.568375465301305
7.5683754702826835
7.568375783993489
7.568375789993698
7.5683757981746425
7.568375798326606
7.56837615724862
7.568376164334174
7.568376174008591
7.568376174188348
7.568376185492957
7.568376185708935
7.568376186003293
7.568376186008788
7.568635427569216
7.568641324514937
7.568649432459785
7.5686495836864065
7.568659142403547
7.568659325871124
7.568659576058129
7.568659580701789
7.568670603509325
7.568670821991263
7.568671120359099
7.568671125901918
7.568671474620044
7.568671481281923
7.5686714903644665
7.56867149053313
7.56868432383318
7.568684587690003
7.568684948641943
7.568684955354145
7.5686853781409535
7.568685386227333
7.5686853972525485
7.568685397457217
7.568685881254238
7.5686858908049
7.568685903845225
7.568685904087349
7.568685919324812
7.568685919615793
7.568685920012615
7.568685920019977
7.568701220993194
7.568701549309743
7.568701999377231
7.5687020077568175
7.56870253632866
7.568702546452826
7.568702560257433
7.568702560513657
7.568703167273077
7.5687031792707
7.568703195653572
7.568703195957907
7.5687032151025795
7.5687032154683145
7.568703215966954
7.568703215976206
7.568703918570515
7.5687039329760175
7.568703952679939
7.568703953046347
7.56870397612189
7.568703976563116
7.568703977164951
7.56870397717597
7.568704003576123
7.568704004097215
7.568704004808755
7.5687040048219645
7.568704005653293
7.568704005669292
7.568704005690871
7.568704005691313
7.573672288693199
7.573809084810121
7.573999186714549
7.574002749941742
7.5742299766655234
7.5742343641845205
7.574240347617312
7.574240458524968
7.57450685188301
7.574512169313245
7.574519431792789
7.574519566517758
7.574528056457648
7.574528218414766
7.574528439161163
7.574528443251265
7.5748447802745975
7.5748513386450815
7.574860311904471
7.57486047852536
7.5748709922142545
7.574871193004623
7.5748714666909605
7.5748714717615915
7.574883507204958
7.574883744435685
7.574884068251614
7.5748840742560155
7.574884452520527
7.5748844597327665
7.574884469562786
7.574884469744946
7.5752708551284575
7.575279229921243
7.575290713317351
7.575290926797402
7.575304418954122
7.575304676984762
7.575305028708186
7.575305035224094
7.575320531285929
7.575320837218613
7.575321254835865
7.575321262579128
7.575321750455959
7.575321759757493
7.57532177243484
7.57532177266971
7.575339726937459
7.5753400944676965
7.575340597016474
7.575340606343545
7.575341194704367
7.575341205934704
7.575341221241537
7.575341221525169
7.575341894423979
7.575341907679501
7.575341925772256
7.575341926107658
7.575341947241499
7.575341947644343
7.575341948193445
7.5753419482035875
7.575835290754341
7.5758465783012525
7.5758620985905605
7.5758623875475175
7.575880687780367
7.575881038384449
7.575881516323164
7.5758815251763485
7.575902632798837
7.575903050377441
7.575903620439738
7.575903631008295
7.575904297045222
7.575904309742309
7.575904327046891
7.5759043273673585
7.57592890726387
7.5759294116366505
7.575930101363564
7.5759301141634765
7.5759309217667345
7.575930937180507
7.575930958188824
7.575930958577933
7.575931882362205
7.575931900558308
7.575931925393986
7.57593192585434
7.575931954863906
7.575931955416882
7.575931956170534
7.575931956184443
7.575961267981956
7.575961895622671
7.575962755696551
7.575962771676969
7.575963781406
7.575963800704946
7.575963827010149
7.575963827497315
7.575964986115203
7.575965008974244
7.57596504017636
7.575965040754758
7.575965077204348
7.5759650778990455
7.575965078845899
7.575965078863582
7.575966419794369
7.575966447223303
7.5759664847266395
7.575966485422526
7.575966529326802
7.575966530164679
7.575966531306603
7.575966531327792
7.575966581536747
7.5759665825255365
7.575966583875298
7.575966583900266
7.575966585476788
7.575966585506768
7.575966585547848
7.575966585548503
7.576643042450988
7.576659638199282
7.576682544129661
7.576682971461283
7.5767101128455385
7.576710634101059
7.576711344724992
7.576711357886247
7.5767428471107365
7.576743471845393
7.576744324794767
7.576744340605364
7.576745337294987
7.576745356292644
7.576745382183345
7.5767453826627
7.576782310358317
7.576783070645758
7.576784110467914
7.576784129762038
7.576785347507595
7.576785370746217
7.576785402418288
7.576785403004821
7.576786796229127
7.576786823668435
7.576786861118821
7.576786861812847
7.576786905555685
7.576786906389233
7.5767869075252285
7.576786907546197
7.576831324634803
7.576832279567259
7.576833588359512
7.5768336126743225
7.576835149552
7.5768351789232025
7.576835218955724
7.57683521969705
7.576836983679025
7.576837018478027
7.57683706597669
7.576837066857003
7.576837122341674
7.576837123398938
7.576837124839976
7.576837124866724
7.576839167078514
7.576839208848681
7.576839265958588
7.576839267017971
7.576839333872965
7.576839335148501
7.576839336886952
7.576839336919115
7.576839413371712
7.57683941487703
7.576839416931549
7.576839416969641
7.576839419369336
7.576839419415058
7.576839419477391
7.5768394194785476
7.576895031387251
7.576896291299645
7.576898022721003
7.576898054937798
7.5769000950902505
7.5769001341513444
7.576900187395331
7.576900188381398
7.576902539604793
7.576902586087254
7.576902649538954
7.576902650714937
7.576902724843986
7.576902726256721
7.576902728182008
7.5769027282177
7.576905463585684
7.57690551967125
7.5769055963626855
7.57690559778554
7.576905687576726
7.5769056892899185
7.576905691624844
7.576905691668114
7.57690579436759
7.576905796389876
7.576905799149845
7.576905799200983
7.576905802424781
7.576905802486172
7.576905802569968
7.57690580257153
7.576909060682977
7.5769091303868805
7.576909225896722
7.576909227670804
7.576909339790145
7.576909341932347
7.576909344852347
7.576909344906346
7.576909473545716
7.576909476082955
7.576909479545998
7.576909479610146
7.576909483655456
7.5769094837325035
7.576909483837585
7.576909483839507
7.576909632703095
7.576909635747246
7.576909639909012
7.576909639986265
7.576909644858218
7.576909644951094
7.576909645077756
7.576909645080187
7.5769096506514
7.5769096507611255
7.576909650910774
7.576909650913555
7.57690965108844
7.5769096510917295
7.576909651096273
7.576909651096394
7.587564688605969
7.587906947531073
7.588387006653594
7.588396021099332
7.588976841017198
7.588988085768132
7.589003414179283
7.589003697173498
7.589694644115955
7.58970848331248
7.5897273771106795
7.589727726177516
7.589749806999364
7.589750226451899
7.589750797741159
7.5897508082810345
7.590585718245881
7.590603103326091
7.590626880923259
7.590627320585065
7.590655173267357
7.590655702896187
7.590656424252725
7.5906564375582555
7.590688313920274
7.590688939410581
7.5906897925289885
7.590689808277816
7.590690804094001
7.590690822993613
7.590690848732851
7.590690849207613
7.591732434746497
7.591755136956342
7.591786255415476
7.5917868313932155
7.5918233865292555
7.591824082488563
7.591825030398361
7.591825047877688
7.591867025012174
7.59186784988472
7.591868974969568
7.591868995732955
7.591870309066822
7.591870333985475
7.591870367920068
7.59187036854578
7.591918991366229
7.591919981818354
7.591921334998568
7.5919213599956805
7.591922942945343
7.59192297301361
7.59192301396287
7.591923014717934
7.591924823460903
7.591924858911156
7.591924907257836
7.591924908150052
7.591924964577433
7.591924965647928
7.591924967105842
7.5919249671327504
7.593290466418562
7.593321936007404
7.593365194332648
7.593365996024757
7.593416997487397
7.593417969989928
7.593419294570958
7.593419318986369
7.593478140092715
7.593479298070557
7.593480877533471
7.593480906671038
7.593482750511687
7.593482785481934
7.593482833101389
7.593482833979038
7.593551320053494
7.5935527181453075
7.593554628334865
7.59355466360781
7.593556898323403
7.5935569407553425
7.593556998538153
7.593556999603113
7.593559553332439
7.593559603363988
7.593559671591104
7.593559672849555
7.593559752474362
7.593559753984376
7.593559756040348
7.593559756078259
7.59364139409189
7.593643132595983
7.593645512734879
7.593645556737487
7.593648348501234
7.593648401583605
7.593648473873856
7.593648475206141
7.593651675367018
7.593651738162695
7.593651823801755
7.593651825381498
7.593651925336006
7.593651927231548
7.593651929812536
7.5936519298601
7.593655628869856
7.593655704101069
7.593655806869797
7.5936558087673305
7.593655928968504
7.593655931250465
7.593655934357953
7.593655934415252
7.59365607173905
7.593656074428893
7.59365607809711
7.5936560781648845
7.593656082445793
7.593656082526853
7.593656082637482
7.593656082639468
7.5955937216054155
7.5956417175007385
7.595707949644935
7.595709179187698
7.595787659645291
7.59578915925386
7.595791201783369
7.595791239409927
7.595882297956473
7.595884095031861
7.595886546276453
7.595886591469635
7.5958894532123535
7.59588950745558
7.595889581310634
7.595889582670884
7.595996366344769
7.595998552729067
7.596001540102789
7.596001595234236
7.5960050904954
7.5960051568227005
7.596005247135066
7.596005248798338
7.596009243533981
7.596009321749309
7.5960094283975605
7.5960094303634245
7.59600955481422
7.5960095571724535
7.596009560383386
7.596009560442395
7.596137969211137
7.59614071363846
7.596144471289268
7.596144540718244
7.596148948881413
7.596149032648967
7.596149146714753
7.596149148815508
7.596154202768634
7.596154301881674
7.59615443703348
7.5961544395246205
7.596154597250749
7.596154600239635
7.596154604308959
7.596154604383891
7.596160447388772
7.596160566152293
7.596160728368478
7.596160731361552
7.5961609210722845
7.59616092467124
7.596160929571677
7.596160929661915
7.596161146369058
7.596161150610748
7.596161156394258
7.596161156500994
7.5961611632496675
7.5961611633775235
7.596161163551679
7.596161163554907
7.596321813550558
7.596325429688159
7.596330393915345
7.59633048577573
7.596336329029588
7.596336440264898
7.5963365917441
7.596336594533856
7.596343320700094
7.596343452876446
7.596343633129486
7.596343636451969
7.596343846836233
7.596343850822903
7.596343856250837
7.596343856350833
7.596351669751941
7.596351828942766
7.596352046400271
7.596352050412504
7.596352304762405
7.596352309587794
7.596352316157988
7.596352316278924
7.596352606870754
7.596352612558791
7.596352620314475
7.596352620457399
7.5963526295073445
7.59635262967881
7.59635262991231
7.59635262991666
7.596361917736523
7.596362115088309
7.596362385221654
7.596362390211647
7.5963627069920445
7.596362713010278
7.596362721204997
7.59636272135594
7.596363084384901
7.596363091502193
7.59636310120721
7.596363101386155
7.596363112711962
7.5963631129265305
7.596363113218803
7.596363113224113
7.5963635327130445
7.596363541236771
7.596363552878743
7.596363553093591
7.59636356670845
7.5963635669666925
7.596363567318407
7.596363567324889
7.596363582876686
7.596363583181185
7.596363583596176
7.59636358360376
7.596363584088175
7.596363584097292
7.596363584109786
7.596363584109991
7.599528063089736
7.5996148985301835
7.599735441892761
7.599737685258631
7.5998816279594275
7.59988438698268
7.599888144845263
7.599888213998826
7.600056785225096
7.600060124463871
7.600064679331801
7.600064763221518
7.600070081327639
7.600070182023096
7.600070319098173
7.600070321619777
7.6002702222427
7.600274333633884
7.600279951568351
7.600280055137887
7.60028662908552
7.6002867537023
7.60028692334855
7.600286926469312
7.600294441154748
7.600294588128566
7.600294788489539
7.600294792178208
7.600295025939204
7.600295030363383
7.6002950363854955
7.600295036496363
7.600538736896395
7.600543974413469
7.600551146400829
7.600551278777014
7.600559694131986
7.6005598538784085
7.600560071359224
7.600560075359773
7.60056972610051
7.600569915156067
7.600570172901197
7.600570177646153
7.600570478382382
7.6005704840739
7.600570491821271
7.600570491963703
7.600581652742666
7.600581879340659
7.600582188779354
7.600582194481469
7.6005825562941745
7.600582563149278
7.600582572481217
7.600582572652765
7.600582985858305
7.600582993935322
7.600583004945817
7.600583005148513
7.600583017994013
7.600583018237123
7.600583018567987
7.600583018574108
7.600893285982908
7.600900319858414
7.600909977911795
7.600910156443704
7.6009215284036635
7.600921744661096
7.600922039096213
7.600922044511931
7.600935140068065
7.6009353971378735
7.600935747636468
7.6009357540887095
7.60093616309406
7.600936170834238
7.600936181370289
7.600936181564091
7.600951400983408
7.600951710729214
7.600952133755806
7.600952141550706
7.600952636242118
7.600952645614551
7.600952658373224
7.600952658607916
7.600953223656205
7.6009532347010875
7.60095324975725
7.600953250034375
7.600953267599449
7.60095326793179
7.600953268384266
7.60095326839252
7.600971369147509
7.600971753330461
7.60097227907981
7.600972288779333
7.600972905183966
7.600972916878667
7.600972932799366
7.6009729330922156
7.60097363932005
7.600973653146652
7.600973671995797
7.600973672342741
7.600973694335028
7.60097369475109
7.6009736953176565
7.600973695328037
7.600974511146745
7.600974527699119
7.60097455030166
7.600974550718045
7.600974577144899
7.600974577645555
7.600974578327036
7.600974578339527
7.600974608518179
7.600974609108027
7.600974609912041
7.600974609926821
7.6009746108647835
7.600974610882644
7.600974610906823
7.600974610907284
7.601398018628906
7.601408299520852
7.601422468515935
7.601422730974324
7.601439494254123
7.601439813819784
7.6014402489480135
7.601440256950855
7.601459671491816
7.601460053691991
7.601460574856257
7.601460584449634
7.601461192698886
7.601461204209024
7.601461219876359
7.601461220164475
7.60148393786669
7.601484401763446
7.601485035404735
7.601485047080108
7.601485788203082
7.601485802243904
7.601485821356979
7.601485821708469
7.601486668422856
7.601486684972952
7.601486707533017
7.601486707948221
7.601486734267352
7.6014867347652135
7.601486735442905
7.6014867354554685
7.601513980329002
7.601514560913827
7.6015153555778525
7.601515370237848
7.601516302145008
7.601516319825386
7.601516343894093
7.601516344336731
7.601517412342188
7.6015174332514786
7.601517461755936
7.601517462280489
7.601517495537343
7.601517496166618
7.601517497022974
7.601517497038745
7.6015187311829395
7.60151875622326
7.6015187904153265
7.601518791045259
7.601518831021969
7.60151883177911
7.601518832809805
7.601518832828764
7.601518878480276
7.601518879372444
7.6015188805884195
7.6015188806108736
7.601518882029455
7.601518882056347
7.601518882092785
7.601518882093466
7.60155284944374
7.6015536115044195
7.60155465728435
7.601554676606262
7.601555907096748
7.601555930483688
7.601555962323624
7.60155596290911
7.601557378709245
7.601557406484782
7.601557444353246
7.6015574450502434
7.60155748923741
7.601557490073443
7.601557491211522
7.601557491232477
7.601559135005032
7.601559168436289
7.601559214091445
7.601559214932676
7.60155926831915
7.601559269330427
7.601559270707008
7.601559270732373
7.601559331707563
7.601559332899209
7.601559334523479
7.601559334553419
7.601559336448355
7.601559336484214
7.6015593365330645
7.601559336533892
7.6015612891234845
7.601561330534165
7.601561387200929
7.601561388246106
7.601561454679398
7.60156145593957
7.6015614576550625
7.60156145768654
7.601561533794646
7.601561535284352
7.601561537315214
7.601561537352599
7.601561539722038
7.601561539766891
7.601561539827827
7.601561539828971
7.601561627739121
7.60156162952239
7.601561631957335
7.601561632002154
7.601561634849123
7.601561634902986
7.60156163497646
7.60156163497771
7.601561638228657
7.601561638292272
7.601561638378846
7.601561638380411
7.601561638481451
7.601561638483338
7.601561638486077
7.601561638486011
7.608527335463105
7.608753574465193
7.609071014838231
7.609076945973757
7.609461339592194
7.609468744731251
7.609478829457022
7.609479014577767
7.609936836747409
7.609945961580969
7.609958407248463
7.6099586358850555
7.60997316766835
7.609973442103699
7.609973815512342
7.609973822362404
7.610527880454344
7.610539361430838
7.610555049058635
7.610555337515644
7.610573697032655
7.610574044132964
7.610574516424611
7.610574525087512
7.610595515629295
7.610595925038574
7.610596482885894
7.610596493126239
7.610597143656392
7.6105971559313295
7.610597172632325
7.610597172938461
7.611289737112871
7.61130476069787
7.61132533454218
7.611325713265018
7.611349859712378
7.611350316826279
7.611350938829876
7.611350950236686
7.611378650220908
7.611379191329053
7.611379928655284
7.6113799421880755
7.611380802071927
7.611380818294409
7.61138084036536
7.611380840770004
7.611412885654682
7.611413534357309
7.6114144197466995
7.611414436012621
7.611415470729074
7.611415490271753
7.611415516861193
7.611415517348774
7.611416698366709
7.611416721376562
7.6114167527264565
7.611416753301871
7.611416789857199
7.611416790546841
7.611416791484934
7.611416791502072
7.612327107614333
7.612347993586923
7.6123766773158845
7.612377206072667
7.612410994248322
7.612411634978038
7.612412506863091
7.612412522848545
7.612451452940887
7.612452214936228
7.612453253301085
7.612453272354525
7.61245448341379
7.612454506255948
7.612454537331674
7.612454537901408
7.61249980836416
7.612500726939599
7.612501980755914
7.612502003784943
7.612503469220761
7.612503496892032
7.61250353453927
7.612503535229317
7.612505208081786
7.6125052406664855
7.612505285059623
7.612505285873949
7.612505337635697
7.612505338611782
7.612505339939759
7.612505339964173
7.612559212889096
7.612560352715403
7.61256191165557
7.61256194032225
7.612563767048946
7.61256380158968
7.612563848585218
7.612563849446702
7.612565941055436
7.612565981860716
7.612566037457225
7.612566038477159
7.612566103307528
7.612566104530197
7.612566106193499
7.612566106223994
7.612568520514516
7.612568569316784
7.612568635917704
7.612568637140816
7.612568714964931
7.612568716434288
7.612568718433189
7.61256871846993
7.612568807285378
7.612568809015018
7.612568811371595
7.612568811414731
7.612568814162443
7.612568814214262
7.612568814284814
7.61256881428615
7.6138655205451
7.613897519902777
7.613941639752075
7.613942454629203
7.613994690629778
7.613995683503725
7.613997034637103
7.613997059400074
7.614057611487108
7.614058799952442
7.614060419572037
7.614060449280332
7.61406233846934
7.614062374088957
7.614062422544071
7.614062423431846
7.614133349970557
7.614134793803514
7.614136764757532
7.614136800945356
7.614139104888011
7.614139148377035
7.614139207539977
7.614139208624061
7.614141839124279
7.614141890344081
7.6141419601200555
7.614141961399696
7.614142042751837
7.61414204428529
7.614142046371214
7.614142046409428
7.614227200865447
7.61422900962078
7.61423148378176
7.614231529262209
7.614234428981966
7.614234483792723
7.614234558362045
7.614234559728565
7.614237880697166
7.614237945463983
7.614238033701136
7.614238035319321
7.614238138204329
7.614238140143668
7.614238142781872
7.614238142830203
7.614241977181578
7.614242054662466
7.614242160393258
7.614242162334072
7.614242285873166
7.614242288204487
7.61424229137594
7.614242291434087
7.614242432409661
7.6142424351537175
7.6142424388921786
7.6142424389607335
7.6142424433190765
7.614242443401243
7.614242443513011
7.614242443515069
7.614348728252274
7.6143511045477625
7.61435436344935
7.614354423444606
7.614358255525415
7.614358328086894
7.6143584268132605
7.614358428622209
7.6143628346682295
7.614362920770342
7.614363038084274
7.614363040235833
7.614363177040074
7.6143631796189055
7.6143631831268666
7.614363183191127
7.614368294132478
7.61436839765138
7.614368538928993
7.614368541522397
7.614368706617771
7.61436870973338
7.614368713971828
7.614368714049398
7.614368902476952
7.6143689061449225
7.614368911141835
7.6143689112334805
7.614368917059075
7.614368917168889
7.614368917318261
7.614368917320995
7.614374981109081
7.614375109143056
7.614375284226234
7.614375287444071
7.614375492564631
7.6143754964409185
7.614375501714531
7.614375501811095
7.614375736625545
7.614375741203799
7.61437574744085
7.614375747555334
7.614375754827738
7.614375754964713
7.614375755151307
7.614375755154746
7.61437602612608
7.614376031599961
7.6143760390694375
7.614376039206472
7.61437604793402
7.614376048098565
7.614376048322626
7.614376048326685
7.6143760582856705
7.614376058479611
7.6143760587436
7.614376058748422
7.614376059056383
7.614376059062195
7.614376059070025
7.614376059070199
7.616508419827979
7.6165668403543005
7.616647884670602
7.616649385935449
7.616746104652703
7.61674794964188
7.616750460506816
7.616750506494595
7.616863700037709
7.6168659311699685
7.616868971997
7.6168690277375335
7.616872575241705
7.6168726420838935
7.616872733000549
7.616872734665245
7.617006854371592
7.617009598505383
7.617013344987056
7.6170134137301755
7.617017794113989
7.617017876744326
7.617017989140701
7.617017991198562
7.617022993769982
7.61702309111339
7.617023223705567
7.617023226135145
7.617023380705494
7.617023383616627
7.617023387576166
7.617023387648686
7.617186704159499
7.617190194755005
7.617194970417762
7.61719505814978
7.61720065689526
7.617200762656936
7.617200906525163
7.617200909159172
7.617207323564835
7.6172074485823
7.617207618880643
7.6172076220010645
7.617207820544872
7.617207824284149
7.617207829370102
7.617207829463216
7.6172152385522125
7.617215388172187
7.6172155923167875
7.6172155960610155
7.617215834558736
7.617215839055581
7.617215845172035
7.6172158452840675
7.617216117404547
7.617216122696881
7.617216129905325
7.6172161300373435
7.617216138440188
7.617216138598508
7.617216138813815
7.617216138817696
7.61742369833294
7.617428375704557
7.617434792256179
7.617434910311509
7.617442458628071
7.617442601473728
7.617442795801087
7.617442799358903
7.617451482736904
7.617451652327011
7.6174518833618245
7.617451887595126
7.617452156978874
7.617452162052283
7.617452168952832
7.617452169079108
7.617462247727113
7.617462451745925
7.6174627301422495
7.6174627352483135
7.6174630605366715
7.61746306666993
7.617463075012294
7.617463075165057
7.617463446371584
7.617463453591044
7.617463463424245
7.6174634636044525
7.6174634750672325
7.617463475283014
7.617463475576593
7.61746347558194
7.617475441612465
7.617475694124608
7.617476039380116
7.617476045719991
7.617476450154452
7.617476457790389
7.617476468177379
7.617476468367592
7.617476931281477
7.617476940298656
7.617476952581297
7.617476952806348
7.617476967125551
7.617476967395284
7.61747696776186
7.617476967768705
7.617477501864354
7.617477512642938
7.6174775273488695
7.617477527618588
7.617477544798343
7.617477545122348
7.617477545562872
7.6174775455709245
7.617477565171723
7.6174775655528775
7.617477566071952
7.617477566081495
7.617477566686686
7.617477566698047
7.617477566713512
7.617477566713904
7.617759977556392
7.617766788937965
7.617776167229484
7.617776340134254
7.617787424524501
7.617787634803032
7.617787920893279
7.61778792613085
7.617800749019407
7.617801000169022
7.61780134235268
7.617801348622593
7.617801747665768
7.617801755181123
7.617801765402716
7.617801765589756
7.617816748855712
7.617817053166317
7.617817468476448
7.617817476093597
7.617817961448275
7.617817970599683
7.617817983047035
7.617817983274899
7.617818537266356
7.617818548040814
7.61781856271621
7.617818562985083
7.6178185800919085
7.617818580414051
7.6178185808521395
7.6178185808601855
7.617836515897826
7.617836895877284
7.617837415511294
7.617837425053167
7.6178380339000284
7.617838045395935
7.617838061032903
7.61783806131921
7.61783875839951
7.617838771978434
7.617838790475039
7.617838790813985
7.617838812377019
7.617838812783083
7.6178388133353865
7.617838813345455
7.617839617882705
7.617839634120049
7.617839656273698
7.617839656679977
7.6178396825602
7.617839683048052
7.6178396837116775
7.617839683723686
7.617839713250662
7.6178397138248055
7.6178397146067764
7.617839714621045
7.6178397155326625
7.617839715549756
7.617839715573148
7.6178397155734725
7.6178620150735075
7.617862512169444
7.617863193707795
7.617863206241522
7.61786400740739
7.617864022561145
7.617864043175556
7.6178640435528955
7.6178649643964595
7.61786498237078
7.617865006856451
7.617865007304992
7.617865035853667
7.6178650363913025
7.617865037122472
7.6178650371358225
7.617866104845736
7.617866126445152
7.61786615591774
7.617866156458241
7.617866190893267
7.617866191542598
7.6178661924254225
7.617866192441653
7.617866231735278
7.617866232499396
7.61786623354021
7.617866233559222
7.617866234772464
7.617866234795135
7.617866234826259
7.617866234826771
7.617867500898778
7.617867527596144
7.617867564097284
7.617867564767453
7.617867607522751
7.617867608329861
7.617867609427737
7.61786760944776
7.61786765838191
7.617867659335
7.617867660633197
7.617867660657015
7.617867662170367
7.617867662198847
7.617867662237582
7.61786766223823
7.617867718692389
7.617867719831567
7.6178677213857195
7.617867721414191
7.617867723229753
7.617867723263997
7.617867723310547
7.617867723311364
7.617867725382762
7.61786772542299
7.617867725477849
7.617867725478851
7.617867725542707
7.617867725544033
7.617867725545551
7.617867725545713
7.622655260148591
7.622812132502702
7.6230323202678605
7.623036420766527
7.623303239990307
7.623308363386854
7.623315336236862
7.623315463740903
7.623633563479494
7.623639883068947
7.623648497059471
7.623648654701238
7.623658706455984
7.623658895536015
7.623659152635627
7.623659157334043
7.624044604050434
7.624052565793909
7.624063437818982
7.62406363697556
7.624076353001654
7.624076592470472
7.62407691809677
7.62407692404693
7.624091452591493
7.6240917348120965
7.624092119098883
7.624092126126623
7.624092573970722
7.624092582387953
7.624092593832919
7.624092594042023
7.624575167895858
7.624585604123437
7.624599886894411
7.624600148836937
7.624616901706518
7.624617217637577
7.624617647253927
7.6246176551034335
7.624636860572028
7.624637234244347
7.624637743083799
7.624637752388363
7.624638345429646
7.624638356574874
7.6246383717282455
7.624638372005049
7.624660571387347
7.624661018892084
7.624661629262421
7.62466164043396
7.624662353278214
7.624662366689765
7.624662384925493
7.624662385258653
7.624663198296332
7.624663214072996
7.624663235554005
7.624663235946727
7.6246632609784
7.624663261448776
7.6246632620882995
7.624663262100097
7.625298923976416
7.625313466949636
7.625333427310983
7.625333793930485
7.625357292579377
7.625357736520575
7.625358340242033
7.625358351270702
7.625385408243975
7.6253859357769915
7.625386654180984
7.6253866673154285
7.625387504679881
7.6253875204145745
7.625387541807166
7.62538754219788
7.625418979982307
7.625419615263276
7.6254204818244915
7.625420497682834
7.625421509851914
7.62542152889233
7.625421554781012
7.625421555253743
7.625422709856281
7.625422732257957
7.625422762758166
7.62542276331571
7.625422798856425
7.625422799524181
7.625422800431977
7.6254228004486
7.625460170333814
7.625460957528192
7.625462033442275
7.625462053154718
7.62546331303635
7.62546333676895
7.625463369038842
7.625463369628332
7.6254648111090715
7.6254648391201245
7.625464877260231
7.625464877957445
7.625464922404499
7.62546492323958
7.625464924375073
7.625464924395678
7.6254665867026
7.625466620164525
7.625466665800555
7.625466666635551
7.625466719927383
7.625466720929916
7.625466722292667
7.625466722317498
7.62546678309221
7.625466784271159
7.625466785876393
7.625466785905654
7.625466787776198
7.625466787811239
7.625466787859088
7.625466787859883
7.626375109581328
7.626397473072787
7.626428289682747
7.626428856876934
7.626465322671001
7.626466013304901
7.62646695257142
7.626466969725757
7.626509215400715
7.626510041462648
7.6265111665107685
7.626511187075263
7.626512498593047
7.626512523231712
7.626512556728473
7.626512557340132
7.626562003259265
7.626563005857724
7.626564373623947
7.626564398649228
7.626565996509262
7.62656602656135
7.6265660674195885
7.626566068165642
7.626567891247132
7.626567926611159
7.626567974757531
7.626567975637363
7.6265680317378655
7.626568032791414
7.62656803422399
7.6265680342501465
7.62662733688644
7.626628591238502
7.6266303059219585
7.626630337331286
7.626632345644941
7.626632383468621
7.626632434896068
7.6266324358352096
7.62663473423363
7.626634778888158
7.626634839687114
7.626634840798244
7.626634911647967
7.626634912978685
7.626634914787788
7.6266349148207
7.626637566137502
7.626637619498851
7.6266376922697745
7.626637693600882
7.626637778576077
7.626637780173895
7.626637782346133
7.6266377823858065
7.6266378792876335
7.626637881166795
7.626637883725118
7.626637883771752
7.626637886752638
7.626637886808657
7.626637886884822
7.626637886886281
7.626711790039554
7.626713434779741
7.626715688870591
7.626715730221971
7.626718378944372
7.626718428916176
7.626718496866138
7.626718498106868
7.626721541186162
7.626721600427325
7.626721681093383
7.626721682567606
7.626721776579215
7.626721778345003
7.626721780745534
7.62672178078941
7.626725307303322
7.626725378443796
7.626725475471266
7.626725477246121
7.62672559056122
7.6267255926919
7.626725595588747
7.626725595641664
7.626725724881398
7.626725727387852
7.62672573080009
7.626725730862435
7.626725734838488
7.626725734913089
7.6267257350146185
7.626725735016443
7.626729913594193
7.626730001442684
7.626730121494669
7.626730123693374
7.6267302642501456
7.626730266896629
7.62673027049509
7.626730270560837
7.626730431347486
7.626730434470653
7.62673043872274
7.626730438800416
7.626730443755347
7.626730443848401
7.626730443974827
7.626730443977198
7.626730629354057
7.626730633083925
7.626730638170447
7.6267306382634334
7.626730644202783
7.626730644314444
7.626730644466191
7.626730644469078
7.626730651241973
7.626730651373311
7.626730651552095
7.626730651555281
7.6267306517636415
7.626730651767566
7.626730651772949
7.626730651772984
7.6282326646353535
7.628273787676418
7.628330811182813
7.62833186411606
7.628399890574283
7.628401183973425
7.628402943182547
7.628402975298309
7.628482556599692
7.628484119866274
7.628486249234627
7.628486288140422
7.628488770942726
7.628488817566115
7.628488880946163
7.6284888821027215
7.628583126239959
7.6285850476333215
7.628587669319397
7.62858771726756
7.628590780795253
7.628590838390242
7.628590916688686
7.628590918117642
7.628594414564883
7.628594482362013
7.628594574656188
7.628594576341936
7.628594683874812
7.628594685893392
7.62859468863722
7.628594688687198
7.628709363815249
