0.100000
0.350100
0.885092
0.395630
0.930126
0.252817
0.734824
0.757996
0.713573
0.795063
0.633827
0.902831
0.341258
0.874476
0.426997
0.951768
0.178572
0.570600
0.953111
0.173846
0.558696
0.959098
0.152601
0.503030
0.972464
0.104164
0.362992
0.899480
0.351717
0.886967
0.389997
0.925429
0.268451
0.763938
0.701510
0.814541
0.587638
0.942623
0.210389
0.646228
0.889321
0.382889
0.919148
0.289084
0.799451
0.623680
0.912996
0.309001
0.830590
0.547363
0.963774
0.135814
0.456565
0.965161
0.130802
0.442264
0.959533
0.151046
0.498820
0.972495
0.104053
0.362648
0.899113
0.352856
0.888276
0.386050
0.921990
0.279785
0.783856
0.659065
0.874076
0.428161
0.952424
0.176265
0.564811
0.956160
0.163061
0.530875
0.968792
0.117612
0.403701
0.936426
0.231580
0.692229
0.828757
0.552064
0.961955
0.142363
0.474953
0.970060
0.112981
0.389843
0.925296
0.268889
0.764727
0.699888
0.817074
0.581415
0.946716
0.196232
0.613549
0.922345
0.278621
0.781857
0.663466
0.868555
0.444110
0.960349
0.148128
0.490863
0.972175
0.105226
0.366258
0.902919
0.340981
0.874134
0.427993
0.952330
0.176596
0.565645
0.955737
0.164562
0.534803
0.967788
0.121268
0.414525
0.944080
0.205365
0.634810
0.901805
0.344471
0.878404
0.415493
0.944720
0.203153
0.629721
0.907041
0.327997
0.857414
0.475573
0.970179
0.112545
0.388527
0.924162
0.272637
0.771411
0.685948
0.837996
0.528100
0.969428
0.115288
0.396767
0.931044
0.249741
0.728872
0.768733
0.691575
0.829734
0.549562
0.962945
0.138804
0.465000
0.967735
0.121462
0.415098
0.944459
0.204054
0.631797
0.904929
0.334666
0.866166
0.450938
0.963137
0.138112
0.463055
0.967190
0.123442
0.420913
0.948169
0.191172
0.601493
0.932430
0.245086
0.719723
0.784697
0.657206
0.876364
0.421483
0.948519
0.189953
0.598558
0.934714
0.237383
0.704216
0.810271
0.598017
0.935127
0.235984
0.701349
0.814793
0.587021
0.943042
0.208945
0.642967
0.892990
0.371725
0.908492
0.323391
0.851168
0.492789
0.972298
0.104777
0.364877
0.901475
0.345501
0.879646
0.411831
0.942260
0.211640
0.649040
0.886092
0.392629
0.927654
0.261064
0.750419
0.728559
0.769289
0.690411
0.831463
0.545114
0.964583
0.132893
0.448255
0.962084
0.141900
0.473662
0.969802
0.113924
0.392677
0.927694
0.260933
0.750174
0.729037
0.768439
0.692188
0.828817
0.551910
0.962018
0.142138
0.474327
0.969936
0.113433
0.391202
0.926454
0.265052
0.757770
0.714028
0.794308
0.635560
0.901016
0.346936
0.881362
0.406749
0.938674
0.223930
0.676024
0.851970
0.490595
0.972156
0.105298
0.366477
0.903147
0.340267
0.873248
0.430569
0.953748
0.171600
0.552977
0.961582
0.143703
0.478675
0.970731
0.110524
0.382419
0.918720
0.290480
0.801734
0.618341
0.918022
0.292753
0.805419
0.609638
0.925741
0.267418
0.762072
0.705328
0.808500
0.602281
0.931805
0.247187
0.723873
0.777537
0.672865
0.856257
0.478784
0.970749
0.110458
0.382220
0.918537
0.291076
0.802704
0.616061
0.920101
0.285974
0.794311
0.635553
0.901023
0.346914
0.881336
0.406826
0.938730
0.223738
0.675613
0.852532
0.489055
0.972034
0.105745
0.367851
0.904567
0.335805
0.867626
0.446772
0.961479
0.144076
0.479707
0.970898
0.109912
0.380564
0.917009
0.296043
0.810681
0.597026
0.935880
0.233435
0.696089
0.822926
0.566846
0.955118
0.166755
0.540506
0.966118
0.127337
0.432266
0.954653
0.168400
0.544762
0.964706
0.132448
0.446982
0.961566
0.143763
0.478842
0.970758
0.110423
0.382115
0.918441
0.291390
0.803214
0.614859
0.921181
0.282440
0.788378
0.649000
0.886138
0.392492
0.927540
0.261446
0.751128
0.727175
0.771742
0.685247
0.839008
0.525435
0.969983
0.113260
0.390680
0.926011
0.266521
0.760446
0.708633
0.803178
0.614944
0.921105
0.282688
0.788796
0.648061
0.887223
0.389228
0.924768
0.270636
0.767855
0.693407
0.826990
0.556571
0.960051
0.149194
0.493777
0.972349
0.104587
0.364293
0.900860
0.347421
0.881940
0.405035
0.937419
0.228207
0.685140
0.839164
0.525026
0.970064
0.112966
0.389796
0.925256
0.269021
0.764964
0.699399
0.817833
0.579540
0.947890
0.192146
0.603829
0.930564
0.251350
0.731993
0.763137
0.703152
0.811958
0.593935
0.938176
0.225628
0.679661
0.846939
0.504274
0.972429
0.104294
0.363392
0.899906
0.350393
0.885433
0.394607
0.929291
0.255608
0.740160
0.748137
0.732985
0.761343
0.706812
0.806120
0.607971
0.927152
0.262736
0.753516
0.722489
0.779941
0.667654
0.863161
0.459464
0.966108
0.127372
0.432367
0.954706
0.168212
0.544277
0.964874
0.131841
0.445245
0.960837
0.146377
0.486058
0.971744
0.106810
0.371113
0.907880
0.325336
0.853825
0.485502
0.971682
0.107036
0.371804
0.908571
0.323141
0.850824
0.493727
0.972347
0.104596
0.364320
0.900888
0.347332
0.881834
0.405349
0.937651
0.227417
0.683468
0.841561
0.518678
0.971143
0.109015
0.377837
0.914447
0.304330
0.823564
0.565242
0.955942
0.163834
0.532900
0.968289
0.119442
0.409135
0.940382
0.218087
0.663343
0.868711
0.443662
0.960153
0.148828
0.492777
0.972297
0.104779
0.364883
0.901482
0.345479
0.879619
0.411908
0.942313
0.211457
0.648629
0.886567
0.391200
0.926453
0.265057
0.757779
0.714009
0.794339
0.635488
0.901091
0.346699
0.881081
0.407585
0.939277
0.221868
0.671580
0.857979
0.474001
0.969871
0.113672
0.391920
0.927060
0.263041
0.754078
0.721378
0.781858
0.663463
0.868559
0.444099
0.960344
0.148143
0.490906
0.972178
0.105215
0.366225
0.902885
0.341089
0.874267
0.427605
0.952113
0.177361
0.567567
0.954741
0.168090
0.543960
0.964983
0.131448
0.444119
0.960353
0.148113
0.490822
0.972172
0.105237
0.366292
0.902955
0.340869
0.873995
0.428396
0.952556
0.175803
0.563646
0.956742
0.160993
0.525438
0.969983
0.113262
0.390687
0.926017
0.266502
0.760413
0.708701
0.803067
0.615205
0.920871
0.283454
0.790089
0.645151
0.890542
0.379184
0.915720
0.300219
0.817240
0.581005
0.946974
0.195332
0.611421
0.924207
0.272487
0.771146
0.686507
0.837187
0.530225
0.968946
0.117048
0.402023
0.935158
0.235881
0.701137
0.815125
0.586208
0.943590
0.207056
0.638676
0.897691
0.357264
0.893247
0.370938
0.907704
0.325893
0.854582
0.483418
0.971430
0.107961
0.374627
0.911356
0.314259
0.838296
0.527312
0.969598
0.114667
0.394907
0.929537
0.254788
0.738598
0.751046
0.727337
0.771457
0.685851
0.838138
0.527729
0.969509
0.114993
0.395885
0.930333
0.252125
0.733491
0.760424
0.708677
0.803106
0.615112
0.920954
0.283183
0.789632
0.646180
0.889376
0.382722
0.918997
0.289578
0.800262
0.621789
0.914801
0.303186
0.821817
0.569627
0.953642
0.171974
0.553931
0.961186
0.145128
0.482615
0.971324
0.108349
0.375812
0.912506
0.310573
0.832916
0.541359
0.965846
0.128322
0.435118
0.956124
0.163187
0.531208
0.968711
0.117905
0.404572
0.937076
0.229374
0.687602
0.835593
0.534397
0.967898
0.120869
0.413351
0.943294
0.208079
0.641003
0.895160
0.365072
0.901681
0.344858
0.878872
0.414114
0.943806
0.206312
0.636977
0.899513
0.351613
0.886848
0.390357
0.925736
0.267433
0.762101
0.705269
0.808593
0.602057
0.931983
0.246589
0.722696
0.779582
0.668435
0.862140
0.462344
0.966984
0.124191
0.423107
0.949500
0.186523
0.590239
0.940824
0.216574
0.660014
0.872898
0.431583
0.954291
0.169679
0.548055
0.963517
0.136741
0.459188
0.966021
0.127687
0.433281
0.955184
0.166521
0.539899
0.966307
0.126649
0.430268
0.953585
0.172176
0.554446
0.960969
0.145906
0.484761
0.971597
0.107351
0.372765
0.909526
0.320102
0.846606
0.505171
0.972396
0.104415
0.363765
0.900302
0.349161
0.883993
0.398916
0.932752
0.244003
0.717570
0.788360
0.649040
0.886091
0.392631
0.927656
0.261061
0.750412
0.728573
0.769265
0.690461
0.831388
0.545307
0.964515
0.133139
0.448957
0.962365
0.140890
0.470845
0.969193
0.116146
0.399333
0.933079
0.242902
0.715373
0.792061
0.640685
0.895508
0.364001
0.900551
0.348383
0.883078
0.401647
0.934871
0.236853
0.703131
0.811990
0.593856
0.938233
0.225431
0.679241
0.847525
0.502690
0.972472
0.104137
0.362906
0.899389
0.352001
0.887294
0.389012
0.924581
0.271252
0.768954
0.691113
0.830421
0.547798
0.963613
0.136396
0.458210
0.965706
0.128827
0.436577
0.956853
0.160601
0.524405
0.970183
0.112529
0.388480
0.924121
0.272772
0.771650
0.685443
0.838727
0.526178
0.969834
0.113805
0.392320
0.927395
0.261927
0.752019
0.725432
0.774811
0.678723
0.848247
0.500737
0.972498
0.104041
0.362612
0.899074
0.352977
0.888415
0.385632
0.921618
0.281005
0.785941
0.654445
0.879710
0.411640
0.942129
0.212091
0.650052
0.884914
0.396163
0.930558
0.251372
0.732037
0.763059
0.703313
0.811703
0.594553
0.937722
0.227173
0.682949
0.842301
0.516709
0.971414
0.108021
0.374810
0.911534
0.313689
0.837471
0.529482
0.969119
0.116418
0.400144
0.933712
0.240768
0.711087
0.799171
0.624333
0.912365
0.311024
0.833581
0.539636
0.966389
0.126352
0.429407
0.953115
0.173832
0.558659
0.959115
0.152541
0.502868
0.972468
0.104151
0.362950
0.899435
0.351856
0.887127
0.389516
0.925016
0.269817
0.766391
0.696449
0.822376
0.568226
0.954393
0.169320
0.547132
0.963859
0.135509
0.455700
0.964866
0.131870
0.445329
0.960873
0.146248
0.485703
0.971705
0.106954
0.371553
0.908320
0.323938
0.851919
0.490735
0.972166
0.105260
0.366362
0.903028
0.340642
0.873713
0.429217
0.953010
0.174201
0.559596
0.958684
0.154080
0.507019
0.972308
0.104738
0.364756
0.901348
0.345896
0.880121
0.410427
0.941289
0.214976
0.656481
0.877249
0.418888
0.946907
0.195566
0.611975
0.923726
0.274075
0.773946
0.680569
0.845666
0.507703
0.972269
0.104881
0.365199
0.901813
0.344445
0.878372
0.415588
0.944782
0.202937
0.629222
0.907543
0.326404
0.855273
0.481507
0.971170
0.108916
0.377538
0.914162
0.305249
0.824961
0.561718
0.957682
0.157649
0.516576
0.971431
0.107958
0.374618
0.911347
0.314288
0.838338
0.527203
0.969621
0.114583
0.394654
0.929329
0.255480
0.739918
0.748590
0.732111
0.762925
0.703586
0.811270
0.595601
0.936947
0.229810
0.688519
0.834251
0.537894
0.966914
0.124446
0.423851
0.949943
0.184975
0.586452
0.943426
0.207622
0.639964
0.896295
0.361575
0.897962
0.356426
0.892313
0.373792
0.910538
0.316874
0.842049
0.517380
0.971325
0.108347
0.375805
0.912499
0.310595
0.832950
0.541273
0.965874
0.128221
0.434826
