0.100000
0.350100
0.885092
0.395630
0.930126
0.252817
0.734824
0.757996
0.713573
0.795063
0.633827
0.902831
0.341258
0.874476
0.426997
0.951768
0.178572
0.570600
0.953111
0.173846
0.558696
0.959098
0.152601
0.503030
0.972464
0.104164
0.362992
0.899480
0.351717
0.886967
0.389997
0.925429
0.268451
0.763938
0.701510
0.814541
0.587638
0.942623
0.210389
0.646228
0.889321
0.382889
0.919148
0.289084
0.799451
0.623680
0.912996
0.309001
0.830590
0.547363
0.963774
0.135814
0.456565
0.965161
0.130802
0.442264
0.959533
0.151046
0.498820
0.972495
0.104053
0.362648
0.899113
0.352856
0.888276
0.386050
0.921990
0.279785
0.783856
0.659065
0.874076
0.428161
0.952424
0.176265
0.564811
0.956160
0.163061
0.530875
0.968792
0.117612
0.403701
0.936426
0.231580
0.692229
0.828757
0.552064
0.961955
0.142363
0.474953
0.970060
0.112981
0.389843
0.925296
0.268889
0.764727
0.699888
0.817074
0.581415
0.946716
0.196232
0.613549
0.922345
0.278621
0.781857
0.663466
0.868555
0.444110
0.960349
0.148128
0.490863
0.972175
0.105226
0.366258
0.902919
0.340981
0.874134
0.427993
0.952330
0.176596
0.565645
0.955737
0.164562
0.534803
0.967788
0.121268
0.414525
0.944080
0.205365
0.634810
0.901805
0.344471
0.878404
0.415493
0.944720
0.203153
