0.100000
0.350100
0.885092
0.395630
0.930126
0.252817
0.734824
0.757996
0.713573
0.795063
0.633827
0.902831
0.341258
0.874476
0.426997
0.951768
0.178572
0.570600
0.953111
0.173846
0.558696
0.959098
0.152601
0.503030
0.972464
0.104164
0.362992
0.899480
0.351717
0.886967
0.389997
0.925429
0.268451
0.763938
0.701510
0.814541
0.587638
0.942623
0.210389
0.646228
0.889321
0.382889
0.919148
0.289084
0.799451
0.623680
0.912996
0.309001
0.830590
0.547363
0.963774
0.135814
0.456565
0.965161
0.130802
0.442264
0.959533
0.151046
0.498820
0.972495
0.104053
0.362648
0.899113
0.352856
0.888276
0.386050
0.921990
0.279785
0.783856
0.659065
0.874076
0.428161
0.952424
0.176265
0.564811
0.956160
0.163061
0.530875
0.968792
0.117612
0.403701
0.936426
0.231580
0.692229
0.828757
0.552064
0.961955
0.142363
0.474953
0.970060
0.112981
0.389843
0.925296
0.268889
0.764727
0.699888
0.817074
0.581415
0.946716
0.196232
0.613549
0.922345
0.278621
0.781857
0.663466
0.868555
0.444110
0.960349
0.148128
0.490863
0.972175
0.105226
0.366258
0.902919
0.340981
0.874134
0.427993
0.952330
0.176596
0.565645
0.955737
0.164562
0.534803
0.967788
0.121268
0.414525
0.944080
0.205365
0.634810
0.901805
0.344471
0.878404
0.415493
0.944720
0.203153
0.629721
0.907041
0.327997
0.857414
0.475573
0.970179
0.112545
0.388527
0.924162
0.272637
0.771411
0.685948
0.837996
0.528100
0.969428
0.115288
0.396767
0.931044
0.249741
0.728872
0.768733
0.691575
0.829734
0.549562
0.962945
0.138804
0.465000
0.967735
0.121462
0.415098
0.944459
0.204054
0.631797
0.904929
0.334666
0.866166
0.450938
0.963137
0.138112
0.463055
0.967190
0.123442
0.420913
0.948169
0.191172
0.601493
0.932430
0.245086
0.719723
0.784697
0.657206
0.876364
0.421483
0.948519
0.189953
0.598558
0.934714
0.237383
0.704216
0.810271
0.598017
0.935127
0.235984
0.701349
0.814793
0.587021
0.943042
0.208945
0.642967
0.892990
0.371725
0.908492
0.323391
0.851168
0.492789
0.972298
0.104777
0.364877
0.901475
0.345501
0.879646
0.411831
0.942260
0.211640
0.649040
0.886092
0.392629
0.927654
0.261064
0.750419
0.728559
0.769289
0.690411
0.831463
0.545114
0.964583
0.132893
0.448255
0.962084
0.141900
0.473662
0.969802
0.113924
0.392677
0.927694
0.260933
0.750174
0.729037
0.768439
0.692188
0.828817
0.551910
0.962018
0.142138
0.474327
0.969936
0.113433
0.391202
0.926454
0.265052
0.757770
0.714028
0.794308
0.635560
0.901016
0.346936
0.881362
0.406749
0.938674
0.223930
0.676024
0.851970
0.490595
0.972156
0.105298
0.366477
0.903147
0.340267
0.873248
0.430569
0.953748
0.171600
0.552977
0.961582
0.143703
0.478675
0.970731
0.110524
0.382419
0.918720
0.290480
0.801734
0.618341
0.918022
0.292753
0.805419
0.609638
0.925741
0.267418
0.762072
0.705328
0.808500
0.602281
0.931805
0.247187
0.723873
0.777537
0.672865
0.856257
0.478784
0.970749
0.110458
0.382220
0.918537
0.291076
0.802704
0.616061
0.920101
0.285974
0.794311
0.635553
0.901023
0.346914
0.881336
0.406826
0.938730
0.223738
0.675613
0.852532
0.489055
0.972034
0.105745
0.367851
0.904567
0.335805
0.867626
0.446772
0.961479
0.144076
0.479707
0.970898
0.109912
0.380564
0.917009
0.296043
0.810681
0.597026
0.935880
0.233435
0.696089
0.822926
0.566846
0.955118
0.166755
0.540506
0.966118
0.127337
0.432266
0.954653
0.168400
0.544762
0.964706
0.132448
0.446982
0.961566
0.143763
0.478842
0.970758
0.110423
0.382115
0.918441
0.291390
0.803214
0.614859
0.921181
0.282440
0.788378
0.649000
0.886138
0.392492
0.927540
0.261446
0.751128
0.727175
0.771742
0.685247
0.839008
0.525435
0.969983
0.113260
0.390680
0.926011
0.266521
0.760446
0.708633
0.803178
0.614944
0.921105
0.282688
0.788796
0.648061
0.887223
0.389228
0.924768
0.270636
0.767855
0.693407
0.826990
0.556571
0.960051
0.149194
0.493777
0.972349
0.104587
0.364293
0.900860
0.347421
0.881940
0.405035
0.937419
0.228207
0.685140
0.839164
0.525026
0.970064
0.112966
0.389796
0.925256
0.269021
0.764964
0.699399
0.817833
0.579540
0.947890
0.192146
0.603829
0.930564
0.251350
0.731993
0.763137
0.703152
0.811958
0.593935
0.938176
0.225628
0.679661
0.846939
0.504274
0.972429
0.104294
0.363392
0.899906
0.350393
0.885433
0.394607
0.929291
0.255608
0.740160
0.748137
0.732985
0.761343
0.706812
0.806120
0.607971
0.927152
0.262736
0.753516
0.722489
0.779941
0.667654
0.863161
0.459464
0.966108
0.127372
0.432367
0.954706
0.168212
0.544277
0.964874
0.131841
0.445245
0.960837
0.146377
0.486058
0.971744
0.106810
0.371113
0.907880
0.325336
0.853825
0.485502
0.971682
0.107036
0.371804
0.908571
0.323141
0.850824
0.493727
0.972347
0.104596
0.364320
0.900888
0.347332
0.881834
0.405349
0.937651
0.227417
0.683468
0.841561
0.518678
0.971143
0.109015
0.377837
0.914447
0.304330
0.823564
0.565242
0.955942
0.163834
0.532900
0.968289
0.119442
0.409135
0.940382
0.218087
0.663343
0.868711
0.443662
0.960153
0.148828
0.492777
0.972297
0.104779
0.364883
0.901482
0.345479
0.879619
0.411908
0.942313
0.211457
0.648629
0.886567
0.391200
0.926453
0.265057
0.757779
0.714009
0.794339
0.635488
0.901091
0.346699
0.881081
0.407585
0.939277
0.221868
0.671580
0.857979
0.474001
0.969871
0.113672
0.391920
0.927060
0.263041
0.754078
0.721378
0.781858
0.663463
0.868559
0.444099
0.960344
0.148143
0.490906
0.972178
0.105215
0.366225
0.902885
0.341089
0.874267
0.427605
0.952113
0.177361
0.567567
0.954741
0.168090
0.543960
0.964983
0.131448
0.444119
0.960353
0.148113
0.490822
0.972172
0.105237
0.366292
0.902955
0.340869
0.873995
0.428396
0.952556
0.175803
0.563646
0.956742
0.160993
0.525438
0.969983
0.113262
0.390687
0.926017
0.266502
0.760413
0.708701
0.803067
0.615205
0.920871
0.283454
0.790089
0.645151
0.890542
0.379184
0.915720
0.300219
0.817240
0.581005
0.946974
0.195332
0.611421
0.924207
0.272487
0.771146
0.686507
0.837187
0.530225
0.968946
0.117048
0.402023
0.935158
0.235881
0.701137
0.815125
0.586208
0.943590
0.207056
0.638676
0.897691
0.357264
0.893247
0.370938
0.907704
0.325893
0.854582
0.483418
0.971430
0.107961
0.374627
0.911356
0.314259
0.838296
0.527312
0.969598
0.114667
0.394907
0.929537
0.254788
0.738598
0.751046
0.727337
0.771457
0.685851
0.838138
0.527729
0.969509
0.114993
0.395885
0.930333
0.252125
0.733491
0.760424
0.708677
0.803106
0.615112
0.920954
0.283183
0.789632
0.646180
0.889376
0.382722
0.918997
0.289578
0.800262
0.621789
0.914801
0.303186
0.821817
0.569627
0.953642
0.171974
0.553931
0.961186
0.145128
0.482615
0.971324
0.108349
0.375812
0.912506
0.310573
0.832916
0.541359
0.965846
0.128322
0.435118
0.956124
0.163187
0.531208
0.968711
0.117905
0.404572
0.937076
0.229374
0.687602
0.835593
0.534397
0.967898
0.120869
0.413351
0.943294
0.208079
0.641003
0.895160
0.365072
0.901681
0.344858
0.878872
0.414114
0.943806
0.206312
0.636977
0.899513
0.351613
0.886848
0.390357
0.925736
0.267433
0.762101
0.705269
0.808593
0.602057
0.931983
0.246589
0.722696
0.779582
0.668435
0.862140
0.462344
0.966984
0.124191
0.423107
0.949500
0.186523
0.590239
0.940824
0.216574
0.660014
0.872898
0.431583
0.954291
0.169679
0.548055
0.963517
0.136741
0.459188
0.966021
0.127687
0.433281
0.955184
0.166521
0.539899
0.966307
0.126649
0.430268
0.953585
0.172176
0.554446
0.960969
0.145906
0.484761
0.971597
0.107351
0.372765
0.909526
0.320102
0.846606
0.505171
0.972396
0.104415
0.363765
0.900302
0.349161
0.883993
0.398916
0.932752
0.244003
0.717570
0.788360
0.649040
0.886091
0.392631
0.927656
0.261061
0.750412
0.728573
0.769265
0.690461
0.831388
0.545307
0.964515
0.133139
0.448957
0.962365
0.140890
0.470845
0.969193
0.116146
0.399333
0.933079
0.242902
0.715373
0.792061
0.640685
0.895508
0.364001
0.900551
0.348383
0.883078
0.401647
0.934871
0.236853
0.703131
0.811990
0.593856
0.938233
0.225431
0.679241
0.847525
0.502690
0.972472
0.104137
0.362906
0.899389
0.352001
0.887294
0.389012
0.924581
0.271252
0.768954
0.691113
0.830421
0.547798
0.963613
0.136396
0.458210
0.965706
0.128827
0.436577
0.956853
0.160601
0.524405
0.970183
0.112529
0.388480
0.924121
0.272772
0.771650
0.685443
0.838727
0.526178
0.969834
0.113805
0.392320
0.927395
0.261927
0.752019
0.725432
0.774811
0.678723
0.848247
0.500737
0.972498
0.104041
0.362612
0.899074
0.352977
0.888415
0.385632
0.921618
0.281005
0.785941
0.654445
0.879710
0.411640
0.942129
0.212091
0.650052
0.884914
0.396163
0.930558
0.251372
0.732037
0.763059
0.703313
0.811703
0.594553
0.937722
0.227173
0.682949
0.842301
0.516709
0.971414
0.108021
0.374810
0.911534
0.313689
0.837471
0.529482
0.969119
0.116418
0.400144
0.933712
0.240768
0.711087
0.799171
0.624333
0.912365
0.311024
0.833581
0.539636
0.966389
0.126352
0.429407
0.953115
0.173832
0.558659
0.959115
0.152541
0.502868
0.972468
0.104151
0.362950
0.899435
0.351856
0.887127
0.389516
0.925016
0.269817
0.766391
0.696449
0.822376
0.568226
0.954393
0.169320
0.547132
0.963859
0.135509
0.455700
0.964866
0.131870
0.445329
0.960873
0.146248
0.485703
0.971705
0.106954
0.371553
0.908320
0.323938
0.851919
0.490735
0.972166
0.105260
0.366362
0.903028
0.340642
0.873713
0.429217
0.953010
0.174201
0.559596
0.958684
0.154080
0.507019
0.972308
0.104738
0.364756
0.901348
0.345896
0.880121
0.410427
0.941289
0.214976
0.656481
0.877249
0.418888
0.946907
0.195566
0.611975
0.923726
0.274075
0.773946
0.680569
0.845666
0.507703
0.972269
0.104881
0.365199
0.901813
0.344445
0.878372
0.415588
0.944782
0.202937
0.629222
0.907543
0.326404
0.855273
0.481507
0.971170
0.108916
0.377538
0.914162
0.305249
0.824961
0.561718
0.957682
0.157649
0.516576
0.971431
0.107958
0.374618
0.911347
0.314288
0.838338
0.527203
0.969621
0.114583
0.394654
0.929329
0.255480
0.739918
0.748590
0.732111
0.762925
0.703586
0.811270
0.595601
0.936947
0.229810
0.688519
0.834251
0.537894
0.966914
0.124446
0.423851
0.949943
0.184975
0.586452
0.943426
0.207622
0.639964
0.896295
0.361575
0.897962
0.356426
0.892313
0.373792
0.910538
0.316874
0.842049
0.517380
0.971325
0.108347
0.375805
0.912499
0.310595
0.832950
0.541273
0.965874
0.128221
0.434826
0.955977
0.163712
0.532580
0.968371
0.119146
0.408255
0.939757
0.220226
0.668016
0.862687
0.460801
0.966523
0.125867
0.427996
0.952332
0.176590
0.565630
0.955745
0.164534
0.534731
0.967808
0.121196
0.414314
0.943939
0.205850
0.635921
0.900634
0.348125
0.882774
0.402554
0.935562
0.234512
0.698318
0.819507
0.575391
0.950390
0.183408
0.582604
0.945957
0.198866
0.619749
0.916718
0.296986
0.812175
0.593407
0.938561
0.224315
0.676852
0.850834
0.493701
0.972346
0.104600
0.364334
0.900903
0.347286
0.881779
0.405512
0.937770
0.227011
0.682605
0.842790
0.515405
0.971577
0.107423
0.372987
0.909746
0.319403
0.845626
0.507811
0.972263
0.104905
0.365272
0.901890
0.344204
0.878081
0.416444
0.945341
0.201001
0.624731
0.911980
0.312261
0.835393
0.534921
0.967756
0.121384
0.414867
0.944307
0.204581
0.633010
0.903680
0.338595
0.871160
0.436615
0.956871
0.160535
0.524231
0.970216
0.112409
0.388117
0.923806
0.273811
0.773481
0.681559
0.844272
0.511446
0.971990
0.105905
0.368342
0.905071
0.334219
0.865590
0.452577
0.963752
0.135894
0.456791
0.965237
0.130527
0.441474
0.959176
0.152324
0.502281
0.972480
0.104108
0.362817
0.899294
0.352296
0.887634
0.387988
0.923694
0.274181
0.774133
0.680170
0.846225
0.506198
0.972351
0.104582
0.364278
0.900845
0.347468
0.881995
0.404871
0.937297
0.228621
0.686014
0.837901
0.528350
0.969374
0.115488
0.397366
0.931523
0.248133
0.725731
0.774287
0.679842
0.846685
0.504960
0.972404
0.104385
0.363671
0.900202
0.349470
0.884356
0.397832
0.931895
0.246884
0.723277
0.778574
0.670623
0.859254
0.470443
0.969102
0.116481
0.400332
0.933858
0.240275
0.710092
0.800801
0.620527
0.915991
0.299343
0.815875
0.584366
0.944812
0.202832
0.628980
0.907787
0.325631
0.854227
0.484396
0.971553
0.107511
0.373256
0.910011
0.318555
0.844433
0.511014
0.972028
0.105767
0.367917
0.904636
0.335590
0.867351
0.447557
0.961802
0.142916
0.476490
0.970350
0.111919
0.386639
0.922511
0.278076
0.780916
0.665525
0.865920
0.451639
0.963402
0.137154
0.460355
0.966386
0.126364
0.429440
0.953133
0.173769
0.558502
0.959187
0.152284
0.502174
0.972482
0.104101
0.362796
0.899271
0.352368
0.887716
0.387739
0.923477
0.274897
0.775389
0.677487
0.849959
0.496086
0.972440
0.104252
0.363262
0.899767
0.350824
0.885934
0.393104
0.928050
0.259747
0.747963
0.733320
0.760735
0.708047
0.804127
0.612701
0.923091
0.276166
0.777604
0.672720
0.856452
0.478243
0.970659
0.110789
0.383222
0.919452
0.288094
0.797823
0.627463
0.909300
0.320822
0.847612
0.502454
0.972477
0.104119
0.362853
0.899332
0.352178
0.887498
0.388399
0.924051
0.273003
0.772058
0.684579
0.839970
0.522896
0.970461
0.111513
0.385413
0.921424
0.281644
0.787027
0.652024
0.882597
0.403081
0.935960
0.233161
0.695521
0.823791
0.564669
0.956232
0.162807
0.530211
0.968950
0.117036
0.401986
0.935130
0.235975
0.701330
0.814823
0.586948
0.943092
0.208775
0.642580
0.893420
0.370410
0.907173
0.327579
0.856854
0.477129
0.970465
0.111497
0.385364
0.921380
0.281789
0.787273
0.651475
0.883245
0.401149
0.934489
0.238144
0.705768
0.807796
0.603967
0.930452
0.251726
0.732720
0.761824
0.705834
0.807690
0.604222
0.930246
0.252415
0.734050
0.759409
0.710730
0.799756
0.622969
0.913677
0.306808
0.827313
0.555749
0.960410
0.147908
0.490262
0.972131
0.105388
0.366756
0.903437
0.339358
0.872116
0.433851
0.955479
0.165477
0.537188
0.967120
0.123697
0.421660
0.948626
0.189577
0.597650
0.935407
0.235036
0.699400
0.817833
0.579541
0.947889
0.192149
0.603837
0.930558
0.251373
0.732037
0.763057
0.703315
0.811698
0.594564
0.937714
0.227200
0.683006
0.842219
0.516928
0.971385
0.108126
0.375131
0.911847
0.312688
0.836016
0.533293
0.968188
0.119811
0.410226
0.941149
0.215458
0.657550
0.875942
0.422717
0.949266
0.187341
0.592230
0.939410
0.221414
0.670597
0.859288
0.470348
0.969080
0.116560
0.400568
0.934041
0.239657
0.708842
0.802838
0.615745
0.920386
0.285041
0.792754
0.639109
0.897223
0.358711
0.894845
0.366039
0.902691
0.341696
0.875016
0.425422
0.950864
0.181747
0.578501
0.948528
0.189919
0.598476
0.934777
0.237170
0.703780
0.810963
0.596345
0.936392
0.231697
0.692473
0.828392
0.552998
0.961574
0.143734
0.478760
0.970745
0.110472
0.382263
0.918577
0.290945
0.802492
0.616560
0.919650
0.287448
0.796756
0.629931
0.906829
0.328667
0.858309
0.473080
0.969681
0.114365
0.394001
0.928793
0.257272
0.743313
0.742207
0.744296
0.740344
0.747794
0.733647
0.760141
0.709250
0.802174
0.617307
0.918970
0.289664
0.800402
0.621461
0.915112
0.302183
0.820278
0.573472
0.951501
0.179510
0.572942
0.951803
0.178450
0.570295
0.953278
0.173256
0.557198
0.959773
0.150186
0.496483
0.972452
0.104210
0.363132
0.899630
0.351252
0.886430
0.391612
0.926801
0.263902
0.755663
0.718236
0.787232
0.651567
0.883137
0.401472
0.934736
0.237306
0.704059
0.810520
0.597415
0.935585
0.234434
0.698157
0.819755
0.574775
0.950750
0.182146
0.579490
0.947921
0.192039
0.603571
0.930772
0.250654
0.730645
0.765562
0.698164
0.819744
0.574801
0.950735
0.182201
0.579625
0.947837
0.192331
0.604271
0.930207
0.252548
0.734305
0.758943
0.711670
0.798211
0.626563
0.910190
0.317986
0.843628
0.513169
0.971825
0.106511
0.370197
0.906958
0.328257
0.857762
0.474604
0.969991
0.113231
0.390594
0.925938
0.266763
0.760886
0.707741
0.804621
0.611531
0.924112
0.272803
0.771704
0.685328
0.838892
0.525742
0.969922
0.113483
0.391351
0.926580
0.264635
0.757006
0.715557
0.791752
0.641385
0.894740
0.366362
0.903028
0.340641
0.873712
0.429221
0.953012
0.174194
0.559579
0.958692
0.154050
0.506939
0.972313
0.104721
0.364706
0.901296
0.346060
0.880317
0.409846
0.940883
0.216371
0.659567
0.873455
0.429968
0.953422
0.172750
0.555909
0.960341
0.148156
0.490941
0.972181
0.105206
0.366196
0.902856
0.341181
0.874380
0.427275
0.951926
0.178018
0.569214
0.953865
0.171186
0.551918
0.962014
0.142151
0.474362
0.969943
0.113407
0.391123
0.926387
0.265275
0.758178
0.713209
0.795668
0.632437
0.904271
0.336739
0.868815
0.443364
0.960022
0.149296
0.494055
0.972363
0.104538
0.364143
0.900702
0.347914
0.882523
0.403299
0.936124
0.232605
0.694366
0.825544
0.560243
0.958383
0.155154
0.509907
0.972118
0.105436
0.366902
0.903589
0.338882
0.871519
0.435577
0.956355
0.162369
0.529060
0.969215
0.116067
0.399097
0.932894
0.243525
0.716617
0.789969
0.645421
0.890238
0.380110
0.916587
0.297412
0.812847
0.591774
0.939737
0.220297
0.668170
0.862486
0.461369
0.966695
0.125242
0.426176
0.951299
0.180219
0.574709
0.950788
0.182014
0.579161
0.948123
0.191331
0.601874
0.932128
0.246102
0.721735
0.781243
0.664811
0.866838
0.449023
0.962391
0.140795
0.470582
0.969133
0.116365
0.399985
0.933588
0.241185
0.711928
0.797787
0.627547
0.909217
0.321086
0.847981
0.501457
0.972492
0.104064
0.362682
0.899149
0.352746
0.888150
0.386430
0.922326
0.278682
0.781961
0.663237
0.868846
0.443277
0.959984
0.149434
0.494432
0.972380
0.104476
0.363952
0.900499
0.348545
0.883269
0.401079
0.934435
0.238326
0.706139
0.807200
0.605393
0.929291
0.255608
0.740160
0.748138
0.732984
0.761345
0.706807
0.806127
0.607953
0.927167
0.262686
0.753423
0.722671
0.779625
0.668341
0.862262
0.462000
0.966883
0.124560
0.424183
0.950140
0.184286
0.584763
0.944551
0.203736
0.631065
0.905678
0.332305
0.863108
0.459615
0.966156
0.127199
0.431865
0.954441
0.169149
0.546690
0.964020
0.134927
0.454047
0.964285
0.133968
0.451320
0.963282
0.137590
0.461583
0.966759
0.125010
0.425497
0.950908
0.181595
0.578124
0.948758
0.189117
0.596539
0.936246
0.232192
0.693504
0.826844
0.556943
0.959886
0.149782
0.495382
0.972417
0.104338
0.363527
0.900049
0.349947
0.884914
0.396164
0.930558
0.251370
0.732033
0.763065
0.703300
0.811724
0.594503
0.937759
0.227047
0.682681
0.842682
0.515695
0.971542
0.107552
0.373380
0.910134
0.318165
0.843881
0.512491
0.971893
0.106263
0.369437
0.906189
0.330691
0.860992
0.465575
0.967890
0.120897
0.413432
0.943348
0.207890
0.640573
0.895630
0.363624
0.900153
0.349625
0.884537
0.397290
0.931463
0.248336
0.726128
0.773589
0.681330
0.844595
0.510579
0.972065
0.105633
0.367506
0.904212
0.336923
0.869049
0.442693
0.959725
0.150360
0.496956
0.972464
0.104166
0.362997
0.899485
0.351702
0.886950
0.390050
0.925474
0.268301
0.763668
0.702065
0.813671
0.589765
0.941155
0.215436
0.657502
0.876002
0.422542
0.949161
0.187710
0.593128
0.938763
0.223625
0.675369
0.852866
0.488139
0.971953
0.106044
0.368766
0.905505
0.332850
0.863817
0.457609
0.965510
0.129540
0.438633
0.957850
0.157051
0.514982
0.971627
0.107240
0.372427
0.909190
0.321171
0.848099
0.501138
0.972495
0.104052
0.362644
0.899109
0.352869
0.888291
0.386005
0.921950
0.279919
0.784085
0.658560
0.874700
0.426343
0.951395
0.179882
0.573871
0.951272
0.180314
0.574945
0.950651
0.182494
0.580349
0.947386
0.193900
0.608018
0.927112
0.262868
0.753758
0.722010
0.780768
0.665850
0.865501
0.452830
0.963845
0.135558
0.455838
0.964913
0.131698
0.444836
0.960662
0.147003
0.487780
0.971919
0.106167
0.369144
0.905891
0.331633
0.862228
0.462097
0.966911
0.124456
0.423879
0.949960
0.184915
0.586308
0.943523
0.207286
0.639199
0.897126
0.359013
0.895177
0.365018
0.901623
0.345038
0.879089
0.413475
0.943377
0.207791
0.640347
0.895877
0.362863
0.899343
0.352143
0.887458
0.388518
0.924154
0.272662
0.771455
0.685853
0.838134
0.527739
0.969507
0.115002
0.395910
0.930353
0.252058
0.733361
0.760660
0.708199
0.803881
0.613283
0.922579
0.277849
0.780525
0.666379
0.864818
0.454773
0.964543
0.133037
0.448666
0.962249
0.141307
0.472011
0.969453
0.115199
0.396502
0.930831
0.250457
0.730263
0.766248
0.696746
0.821922
0.569365
0.953783
0.171474
0.552655
0.961715
0.143228
0.477355
0.970505
0.111350
0.384921
0.920984
0.283084
0.789466
0.646555
0.888949
0.384015
0.920169
0.285750
0.793938
0.636407
0.900120
0.349727
0.884656
0.396933
0.931178
0.249294
0.728000
0.770282
0.688326
0.834535
0.537155
0.967130
0.123662
0.421558
0.948564
0.189794
0.598175
0.935007
0.236392
0.702187
0.813479
0.590233
0.940828
0.216560
0.659985
0.872934
0.431479
0.954236
0.169875
0.548558
0.963328
0.137423
0.461113
0.966618
0.125522
0.426992
0.951766
0.178581
0.570624
0.953098
0.173893
0.558816
0.959044
0.152796
0.503557
0.972451
0.104214
0.363145
0.899643
0.351210
0.886381
0.391760
0.926925
0.263489
0.754902
0.719746
0.784658
0.657292
0.876258
0.421791
0.948707
0.189297
0.596973
0.935920
0.233299
0.695806
0.823357
0.565763
0.955677
0.164775
0.535359
0.967636
0.121820
0.416151
0.945151
0.201660
0.626265
0.910483
0.317051
0.842300
0.516711
0.971414
0.108022
0.374814
0.911538
0.313676
0.837452
0.529530
0.969108
0.116458
0.400263
0.933805
0.240455
0.710455
0.800207
0.621917
0.914680
0.303578
0.822417
0.568123
0.954447
0.169128
0.546638
0.964039
0.134858
0.453851
0.964215
0.134221
0.452039
0.963552
0.136614
0.458829
0.965906
0.128103
0.434484
0.955803
0.164328
0.534192
0.967952
0.120670
0.412764
0.942897
0.209448
0.644104
0.891721
0.375598
0.912299
0.311236
0.833892
0.538828
0.966635
0.125458
0.426805
0.951659
0.178956
0.571560
0.952580
0.175717
0.563429
0.956850
0.160612
0.524434
0.970178
0.112550
0.388542
0.924175
0.272594
0.771334
0.686109
0.837764
0.528712
0.969293
0.115781
0.398243
0.932221
0.245789
0.721117
0.782308
0.662476
0.869811
0.440504
0.958730
0.153913
0.506572
0.972332
0.104651
0.364489
0.901067
0.346776
0.881172
0.407313
0.939082
0.222536
0.673023
0.856045
0.479373
0.970845
0.110106
0.381154
0.917556
0.294266
0.807850
0.603839
0.930556
0.251378
0.732048
0.763038
0.703354
0.811637
0.594712
0.937606
0.227571
0.683793
0.841097
0.519911
0.970958
0.109693
0.379899
0.916389
0.298051
0.813853
0.589321
0.941464
0.214374
0.655146
0.878866
0.414131
0.943817
0.206273
0.636889
0.899607
0.351322
0.886511
0.391369
0.926595
0.264583
0.756913
0.715744
0.791438
0.642098
0.893953
0.368775
0.905514
0.332822
0.863781
0.457712
0.965543
0.129418
0.438281
0.957682
0.157650
0.516578
0.971431
0.107959
0.374621
0.911350
0.314277
0.838323
0.527242
0.969613
0.114613
0.394745
0.929404
0.255231
0.739442
0.749476
0.730392
0.766017
0.697225
0.821188
0.571200
0.952780
0.175013
0.561652
0.957714
0.157536
0.516275
0.971470
0.107816
0.374187
0.910926
0.315634
0.840276
0.522085
0.970603
0.110994
0.383843
0.920014
0.286258
0.794783
0.634470
0.902161
0.343357
0.877051
0.419468
0.947272
0.194297
0.608963
0.926315
0.265515
0.758616
0.712329
0.797125
0.629079
0.907688
0.325946
0.854653
0.483220
0.971405
0.108055
0.374914
0.911635
0.313365
0.837001
0.530714
0.968830
0.117471
0.403281
0.936111
0.232650
0.694458
0.825404
0.560597
0.958216
0.155748
0.511499
0.971986
0.105923
0.368395
0.905126
0.334046
0.865367
0.453213
0.963985
0.135054
0.454407
0.964414
0.133504
0.449997
0.962774
0.139418
0.466726
0.968193
0.119794
0.410174
0.941113
0.215582
0.657824
0.875607
0.423697
0.949852
0.185294
0.587235
0.942897
0.209446
0.644099
0.891726
0.375583
0.912284
0.311284
0.833963
0.538643
0.966691
0.125255
0.426213
0.951321
0.180144
0.574522
0.950897
0.181633
0.578219
0.948700
0.189320
0.597028
0.935878
0.233442
0.696103
0.822905
0.566899
0.955090
0.166853
0.540761
0.966037
0.127629
0.433111
0.955096
0.166834
0.540712
0.966052
0.127573
0.432949
0.955011
0.167132
0.541484
0.965806
0.128468
0.435539
0.956336
0.162436
0.529237
0.969175
0.116214
0.399535
0.933237
0.242369
0.714306
0.793844
0.636620
0.899893
0.350432
0.885479
0.394470
0.929179
0.255983
0.740872
0.746805
0.735550
0.756667
0.716234
0.790614
0.643963
0.891878
0.375118
0.911834
0.312729
0.836075
0.533137
0.968229
0.119664
0.409791
0.940845
0.216501
0.659855
0.873097
0.431007
0.953983
0.170767
0.550847
0.962443
0.140610
0.470064
0.969014
0.116801
0.401286
0.934594
0.237789
0.705044
0.808953
0.601192
0.932667
0.244290
0.718142
0.787391
0.651210
0.883557
0.400219
0.933770
0.240571
0.710689
0.799824
0.622811
0.913828
0.306322
0.826581
0.557610
0.959589
0.150845
0.498274
0.972488
0.104076
0.362719
0.899189
0.352621
0.888007
0.386864
0.922709
0.277425
0.779790
0.667980
0.862734
0.460669
0.966483
0.126013
0.428420
0.952569
0.175756
0.563528
0.956801
0.160786
0.524893
0.970089
0.112872
0.389513
0.925013
0.269825
0.766406
0.696419
0.822422
0.568111
0.954454
0.169104
0.546576
0.964061
0.134778
0.453624
0.964134
0.134516
0.452880
0.963863
0.135493
0.455654
0.964850
0.131927
0.445492
0.960943
0.145999
0.485019
0.971627
0.107240
0.372426
0.909190
0.321173
0.848102
0.501130
0.972495
0.104051
0.362644
0.899108
0.352872
0.888294
0.385995
0.921941
0.279946
0.784131
0.658459
0.874825
0.425979
0.951186
0.180616
0.575697
0.950210
0.184040
0.584158
0.944949
0.202359
0.627885
0.908881
0.322157
0.849466
0.497427
0.972474
0.104128
0.362879
0.899360
0.352090
0.887397
0.388701
0.924313
0.272138
0.770527
0.687811
0.835289
0.535192
0.967682
0.121653
0.415660
0.944829
0.202773
0.628843
0.907924
0.325196
0.853635
0.486024
0.971740
0.106824
0.371155
0.907922
0.325203
0.853646
0.485996
0.971737
0.106835
0.371189
0.907956
0.325093
0.853496
0.486408
0.971781
0.106673
0.370692
0.907457
0.326677
0.855641
0.480491
0.971020
0.109467
0.379213
0.915747
0.300132
0.817105
0.581339
0.946764
0.196064
0.613154
0.922693
0.277476
0.779879
0.667788
0.862985
0.459961
0.966264
0.126806
0.430726
0.953833
0.171300
0.552211
0.961896
0.142576
0.475546
0.970174
0.112563
0.388582
0.924210
0.272479
0.771131
0.686537
0.837143
0.530342
0.968919
0.117148
0.402321
0.935385
0.235113
0.699557
0.817588
0.580146
0.947513
0.193459
0.606966
0.927991
0.259943
0.748330
0.732613
0.762018
0.705439
0.808322
0.602708
0.931465
0.248330
0.726117
0.773609
0.681287
0.844655
0.510417
0.972078
0.105584
0.367357
0.904059
0.337405
0.869659
0.440940
0.958931
0.153196
0.504637
0.972416
0.104340
0.363534
0.900057
0.349923
0.884885
0.396250
0.930628
0.251138
0.731583
0.763878
0.701634
0.814347
0.588113
0.942298
0.211509
0.648746
0.886433
0.391606
0.926795
0.263920
0.755696
0.718169
0.787345
0.651315
0.883434
0.400586
0.934054
0.239612
0.708751
0.802985
0.615398
0.920698
0.284022
0.791046
0.642987
0.892968
0.371792
0.908559
0.323179
0.850877
0.493584
0.972340
0.104621
0.364398
0.900972
0.347073
0.881526
0.406264
0.938321
0.225133
0.678603
0.848413
0.500286
0.972500
0.104034
0.362591
0.899052
0.353046
0.888494
0.385392
0.921405
0.281706
0.787132
0.651789
0.882874
0.402254
0.935334
0.235284
0.699910
0.817040
0.581498
0.946663
0.196415
0.613983
0.921961
0.279882
0.784022
0.658700
0.874527
0.426847
0.951683
0.178871
0.571348
0.952698
0.175302
0.562383
0.957361
0.158792
0.519614
0.971003
0.109526
0.379391
0.915914
0.299590
0.816261
0.583418
0.945431
0.200690
0.624009
0.912678
0.310020
0.832100
0.543470
0.965149
0.130844
0.442386
0.959588
0.150850
0.498288
0.972489
0.104075
0.362716
0.899186
0.352632
0.888020
0.386824
0.922674
0.277538
0.779987
0.667553
0.863293
0.459092
0.965990
0.127799
0.433604
