0.100000
0.350100
0.885092
0.395630
0.930126
0.252817
0.734824
0.757996
0.713573
0.795063
0.633827
0.902831
0.341258
0.874476
0.426997
0.951768
0.178572
0.570600
0.953111
0.173846
0.558696
0.959098
0.152601
0.503030
0.972464
0.104164
0.362992
0.899480
0.351717
0.886967
0.389997
0.925429
0.268451
0.763938
0.701510
0.814541
0.587638
0.942623
0.210389
0.646228
0.889321
0.382889
0.919148
0.289084
0.799451
0.623680
0.912996
0.309001
0.830590
0.547363
0.963774
0.135814
0.456565
0.965161
0.130802
0.442264
0.959533
0.151046
0.498820
0.972495
0.104053
0.362648
0.899113
0.352856
0.888276
0.386050
0.921990
0.279785
0.783856
0.659065
0.874076
0.428161
0.952424
0.176265
0.564811
0.956160
0.163061
0.530875
0.968792
0.117612
0.403701
0.936426
0.231580
0.692229
0.828757
0.552064
0.961955
0.142363
0.474953
0.970060
0.112981
0.389843
0.925296
0.268889
0.764727
0.699888
0.817074
0.581415
0.946716
0.196232
0.613549
0.922345
0.278621
0.781857
0.663466
0.868555
0.444110
0.960349
0.148128
0.490863
0.972175
0.105226
0.366258
0.902919
0.340981
0.874134
0.427993
0.952330
0.176596
0.565645
0.955737
0.164562
0.534803
0.967788
0.121268
0.414525
0.944080
0.205365
0.634810
0.901805
0.344471
0.878404
0.415493
0.944720
0.203153
0.629721
0.907041
0.327997
0.857414
0.475573
0.970179
0.112545
0.388527
0.924162
0.272637
0.771411
0.685948
0.837996
0.528100
0.969428
0.115288
0.396767
0.931044
0.249741
0.728872
0.768733
0.691575
0.829734
0.549562
0.962945
0.138804
0.465000
0.967735
0.121462
0.415098
0.944459
0.204054
0.631797
0.904929
0.334666
0.866166
0.450938
0.963137
0.138112
0.463055
0.967190
0.123442
0.420913
0.948169
0.191172
0.601493
0.932430
0.245086
0.719723
0.784697
0.657206
0.876364
0.421483
0.948519
0.189953
0.598558
0.934714
0.237383
0.704216
0.810271
0.598017
0.935127
0.235984
0.701349
0.814793
0.587021
0.943042
0.208945
0.642967
0.892990
0.371725
0.908492
0.323391
0.851168
0.492789
0.972298
0.104777
0.364877
0.901475
0.345501
0.879646
0.411831
0.942260
0.211640
0.649040
0.886092
0.392629
0.927654
0.261064
0.750419
0.728559
0.769289
0.690411
0.831463
0.545114
0.964583
0.132893
0.448255
0.962084
0.141900
0.473662
0.969802
0.113924
0.392677
0.927694
0.260933
0.750174
0.729037
0.768439
0.692188
0.828817
0.551910
0.962018
0.142138
0.474327
0.969936
0.113433
0.391202
0.926454
0.265052
0.757770
0.714028
0.794308
0.635560
0.901016
0.346936
0.881362
0.406749
0.938674
0.223930
0.676024
0.851970
0.490595
0.972156
0.105298
0.366477
0.903147
0.340267
0.873248
0.430569
0.953748
0.171600
0.552977
0.961582
0.143703
0.478675
0.970731
0.110524
0.382419
0.918720
0.290480
0.801734
0.618341
0.918022
0.292753
0.805419
0.609638
0.925741
0.267418
0.762072
0.705328
0.808500
0.602281
0.931805
0.247187
0.723873
0.777537
0.672865
0.856257
0.478784
0.970749
0.110458
0.382220
0.918537
