0.100000
0.350100
0.885092
0.395630
0.930126
0.252817
0.734824
0.757996
0.713573
0.795063
0.633827
0.902831
0.341258
0.874476
0.426997
0.951768
0.178572
0.570600
0.953111
0.173846
0.558696
0.959098
0.152601
0.503030
0.972464
0.104164
0.362992
0.899480
0.351717
0.886967
0.389997
0.925429
0.268451
0.763938
0.701510
0.814541
0.587638
0.942623
0.210389
0.646228
0.889321
0.382889
0.919148
0.289084
0.799451
0.623680
0.912996
0.309001
0.830590
0.547363
0.963774
0.135814
0.456565
0.965161
0.130802
0.442264
0.959533
0.151046
0.498820
0.972495
