0 2
1 2
2 4
3 2
4 9
5 2
6 3
7 9
8 2
9 5
10 3
11 5
12 2
13 8
14 2
15 4
16 2
17 13
18 2
19 6
20 4
21 6
22 2
23 6
24 2
25 8
26 2
27 6
28 2
29 4
30 2
31 11
32 2
33 3
34 6
35 2
36 3
37 4
38 2
39 9
40 2
41 3
42 7
43 2
44 3
45 4
46 2
47 8
48 2
49 3
50 4
51 2
52 13
53 3
54 3
55 9
56 2
57 3
58 8
59 2
60 3
61 4
62 2
63 5
64 2
65 9
66 2
67 3
68 5
69 2
70 5
71 2
72 11
73 2
74 3
75 6
76 2
77 3
78 4
79 2
80 11
81 3
82 3
83 9
84 2
85 3
86 9
87 2
88 3
89 4
90 2
91 6
92 2
93 7
94 2
95 4
96 2
97 11
98 2
99 3
100 4
101 2
102 14
103 3
104 3
105 10
106 3
107 3
108 7
109 2
110 3
111 6
112 2
113 3
114 4
115 2
116 12
117 3
118 3
119 12
120 2
121 3
122 7
123 2
124 6
125 2
126 7
127 2
128 5
129 2
130 13
131 2
132 4
133 2
134 7
135 2
136 6
137 2
138 9
139 2
140 4
141 2
142 18
143 3
144 3
145 11
146 2
147 3
148 7
149 2
150 3
151 4
152 2
153 9
154 2
155 3
156 4
157 2
158 6
159 2
160 4
161 2
162 13
163 2
164 3
165 5
166 2
167 4
168 2
169 8
170 2
171 3
172 4
173 2
174 12
175 2
176 3
177 7
178 2
179 4
180 2
181 7
182 2
183 4
184 2
185 10
186 2
187 3
188 5
189 2
190 5
191 2
192 15
193 3
194 3
195 7
196 3
197 3
198 7
199 2
200 3
201 7
202 2
203 3
204 5
205 2
206 5
207 2
208 15
209 3
210 3
211 7
212 3
213 3
214 7
215 3
216 3
217 8
218 3
219 3
220 9
221 2
222 3
223 6
224 2
225 4
226 2
227 7
228 2
229 4
230 2
231 11
232 2
233 3
234 5
235 2
236 6
237 2
238 4
239 2
240 20
241 3
242 3
243 10
244 3
245 3
246 10
247 3
248 3
249 8
250 3
251 3
252 7
253 2
254 3
255 10
256 2
257 7
258 5
259 7
260 3
261 7
262 2
263 8
264 2
265 18
266 3
267 3
268 11
269 2
270 3
271 9
272 2
273 3
274 4
275 2
276 11
277 2
278 4
279 5
280 2
281 5
282 2
283 13
284 2
285 4
286 5
287 2
288 5
289 2
290 14
291 2
292 3
293 4
294 2
295 7
296 2
297 5
298 2
299 5
300 2
301 17
302 3
303 3
304 8
305 2
306 3
307 6
308 2
309 4
310 2
311 7
312 2
313 4
314 2
315 16
316 3
317 3
318 7
319 3
320 3
321 7
322 3
323 3
324 7
325 2
326 3
327 6
328 2
329 3
330 4
331 2
332 19
333 3
334 3
335 10
336 3
337 3
338 10
339 3
340 3
341 10
342 3
343 3
344 8
345 2
346 3
347 8
348 2
349 5
350 3
351 5
352 2
353 11
354 2
355 6
356 3
357 6
358 2
359 6
360 2
361 16
362 2
363 3
364 6
365 2
366 3
367 4
368 2
369 14
370 2
371 3
372 8
373 2
374 3
375 4
376 2
377 8
378 2
379 5
380 3
381 5
382 2
383 11
384 2
385 3
386 4
387 2
388 7
389 2
390 4
391 2
392 6
393 2
394 4
395 2
396 16
397 2
398 3
399 6
400 2
401 3
402 4
403 2
404 10
405 2
406 3
407 5
408 2
409 5
410 2
411 10
412 2
413 3
414 4
415 2
416 9
417 2
418 4
419 2
420 7
421 2
422 6
423 2
424 8
425 2
426 4
427 2
428 22
429 3
430 3
431 7
432 3
433 3
434 7
435 3
436 3
437 7
438 3
439 3
440 7
441 2
442 3
443 8
444 2
445 6
446 3
447 6
448 2
449 6
450 2
451 15
452 3
453 3
454 8
455 3
456 3
457 8
458 3
459 3
460 7
461 3
462 3
463 7
464 2
465 3
466 5
467 2
468 4
469 2
470 13
471 3
472 3
473 8
474 3
475 3
476 8
477 2
478 3
479 5
480 2
481 4
482 2
483 10
484 2
485 3
486 6
487 2
488 3
489 4
490 2
491 17
492 3
493 3
494 7
495 3
496 3
497 7
498 3
499 3
500 7
501 3
502 3
503 7
504 2
505 3
506 11
507 2
508 6
509 7
510 5
511 7
512 3
513 8
514 2
515 9
516 2
517 27
518 3
519 3
520 12
521 3
522 3
523 12
524 3
525 3
526 11
527 3
528 3
529 7
530 2
531 3
532 9
533 2
534 5
535 6
536 3
537 6
538 2
539 7
540 2
541 18
542 2
543 3
544 6
545 2
546 3
547 4
548 2
549 16
550 2
551 3
552 6
553 2
554 3
555 4
556 2
557 15
558 2
559 3
560 5
561 2
562 6
563 2
564 5
565 2
566 11
567 2
568 5
569 3
570 5
571 2
572 9
573 2
574 4
575 2
576 6
577 2
578 4
579 2
580 14
581 2
582 3
583 5
584 2
585 4
586 2
587 15
588 2
589 3
590 10
591 2
592 7
593 5
594 7
595 3
596 7
597 2
598 8
599 2
600 20
601 3
602 3
603 8
604 2
605 3
606 5
607 2
608 4
609 2
610 9
611 2
612 3
613 5
614 2
615 4
616 2
617 23
618 3
619 3
620 13
621 3
622 3
623 11
624 3
625 3
626 7
627 3
628 3
629 7
630 2
631 3
632 5
633 2
634 4
635 2
636 15
637 3
638 3
639 8
640 2
641 3
642 7
643 2
644 3
645 4
646 2
647 10
648 2
649 6
650 3
651 6
652 2
653 6
654 2
655 17
656 3
657 3
658 11
659 2
660 3
661 5
662 2
663 5
664 2
665 9
666 2
667 3
668 4
669 2
670 9
671 2
672 3
673 5
674 2
675 4
676 2
677 13
678 2
679 3
680 6
681 2
682 3
683 4
684 2
685 16
686 3
687 3
688 7
689 2
690 3
691 6
692 2
693 3
694 4
695 2
696 10
697 3
698 3
699 7
700 2
701 3
702 5
703 2
704 4
705 2
706 10
707 3
708 3
709 7
710 2
711 3
712 5
713 2
714 4
715 2
716 17
717 3
718 3
719 7
720 3
721 3
722 7
723 2
724 3
725 6
726 2
727 5
728 2
729 5
730 2
731 13
732 3
733 3
734 7
735 2
736 3
737 7
738 2
739 3
740 5
741 2
742 6
743 2
744 4
745 2
746 14
747 3
748 3
749 11
750 2
751 3
752 10
753 2
754 6
755 4
756 6
757 2
758 6
759 2
760 14
761 2
762 4
763 5
764 3
765 5
766 2
767 8
768 2
769 4
770 2
771 12
772 2
773 3
774 4
775 2
776 9
777 2
778 3
779 4
780 2
781 13
782 2
783 3
784 10
785 2
786 6
787 4
788 6
789 2
790 6
791 2
792 12
793 2
794 4
795 2
796 6
797 2
798 4
799 2
800 10
801 2
802 3
803 4
804 2
805 19
806 3
807 3
808 10
809 3
810 3
811 10
812 2
813 3
814 6
815 2
816 3
817 4
818 2
819 14
820 2
821 3
822 8
823 2
824 4
825 2
826 6
827 2
828 8
829 2
830 4
831 2
832 10
833 2
834 4
835 2
836 5
837 2
838 7
839 2
840 4
841 2
842 17
843 2
844 3
845 6
846 2
847 7
848 2
849 6
850 2
851 8
852 2
853 4
854 2
855 15
856 3
857 3
858 7
859 3
860 3
861 7
862 2
863 3
864 7
865 2
866 3
867 5
868 2
869 5
870 2
871 25
872 3
873 3
874 10
875 3
876 3
877 10
878 3
879 3
880 11
881 3
882 3
883 11
884 2
885 3
886 9
887 2
888 5
889 6
890 3
891 5
892 2
893 7
894 2
895 12
896 2
897 3
898 4
899 2
900 6
901 2
902 4
903 2
904 16
905 2
906 3
907 8
908 2
909 4
910 2
911 6
912 2
913 9
914 2
915 4
916 2
917 5
918 2
919 9
920 2
921 4
922 2
923 5
924 2
925 15
926 2
927 3
928 5
929 2
930 4
931 2
932 15
933 3
934 3
935 8
936 2
937 3
938 7
939 2
940 3
941 4
942 2
943 9
944 2
945 3
946 5
947 2
948 4
949 2
950 19
951 3
952 3
953 8
954 3
955 3
956 9
957 3
958 3
959 9
960 3
961 3
962 9
963 2
964 3
965 6
966 2
967 4
968 2
969 7
970 2
971 4
972 2
973 13
974 2
975 3
976 5
977 2
978 5
979 2
980 8
981 2
982 3
983 4
984 2
985 13
986 3
987 3
988 9
989 2
990 3
991 5
992 2
993 4
994 2
995 13
996 2
997 7
998 5
999 7
1000 4
1001 7
1002 2
1003 8
1004 2
1005 12
1006 2
1007 4
1008 2
1009 19
1010 3
1011 3
1012 11
1013 3
1014 3
1015 9
1016 3
1017 3
1018 7
1019 2
1020 3
1021 6
1022 2
1023 3
1024 4
1025 2
1026 14
1027 3
1028 3
1029 10
1030 2
1031 3
1032 5
1033 2
1034 5
1035 2
1036 12
1037 2
1038 5
1039 6
1040 3
1041 5
1042 2
1043 7
1044 2
1045 14
1046 2
1047 3
1048 7
1049 2
1050 4
1051 2
1052 6
1053 2
1054 8
1055 2
1056 4
1057 2
1058 6
1059 2
1060 4
1061 2
1062 15
1063 2
1064 3
1065 5
1066 2
1067 4
1068 2
1069 8
1070 2
1071 3
1072 4
1073 2
1074 17
1075 3
1076 3
1077 9
1078 3
1079 3
1080 8
1081 2
1082 3
1083 8
1084 2
1085 3
1086 4
1087 2
1088 6
1089 2
1090 7
1091 2
1092 4
1093 2
1094 14
1095 3
1096 3
1097 8
1098 2
1099 3
1100 6
1101 2
1102 3
1103 4
1104 2
1105 11
1106 2
1107 3
1108 9
1109 2
1110 3
1111 4
1112 2
1113 5
1114 2
1115 11
1116 2
1117 3
1118 4
1119 2
1120 5
1121 2
1122 8
1123 2
1124 4
1125 2
1126 6
1127 2
1128 6
1129 2
1130 4
1131 2
1132 13
1133 2
1134 3
1135 5
1136 2
1137 4
1138 2
1139 18
1140 3
1141 3
1142 7
1143 3
1144 3
1145 7
1146 2
1147 3
1148 6
1149 2
1150 5
1151 2
1152 5
1153 2
1154 14
1155 3
1156 3
1157 10
1158 3
1159 3
1160 11
1161 2
1162 3
1163 5
1164 2
1165 5
1166 2
1167 9
1168 2
1169 3
1170 4
1171 2
1172 11
1173 2
1174 3
1175 6
1176 2
1177 5
1178 2
1179 5
1180 2
1181 12
1182 2
1183 3
1184 6
1185 2
1186 3
1187 4
1188 2
1189 18
1190 3
1191 3
1192 8
1193 3
1194 3
1195 8
1196 3
1197 3
1198 9
1199 2
1200 3
1201 6
1202 2
1203 6
1204 2
1205 7
1206 2
1207 4
1208 2
1209 13
1210 3
1211 3
1212 7
1213 2
1214 3
1215 6
1216 2
1217 3
1218 4
1219 2
1220 25
1221 3
1222 3
1223 9
1224 3
1225 3
1226 9
1227 3
1228 3
1229 8
1230 3
1231 3
1232 8
1233 2
1234 3
1235 8
1236 2
1237 5
1238 3
1239 5
1240 2
1241 8
1242 2
1243 4
1244 2
1245 13
1246 3
1247 3
1248 7
1249 2
1250 3
1251 6
1252 2
1253 3
1254 4
1255 2
1256 14
1257 3
1258 3
1259 8
1260 3
1261 3
1262 7
1263 2
1264 3
1265 6
1266 2
1267 3
1268 4
1269 2
1270 10
1271 3
1272 3
1273 7
1274 3
1275 3
1276 7
1277 2
1278 3
1279 5
1280 2
1281 4
1282 2
1283 15
1284 3
1285 3
1286 7
1287 3
1288 3
1289 7
1290 3
1291 3
1292 7
1293 3
1294 3
1295 7
1296 2
1297 3
1298 5
1299 2
1300 4
1301 2
1302 14
1303 3
1304 3
1305 8
1306 3
1307 3
1308 8
1309 3
1310 3
1311 7
1312 3
1313 3
1314 8
1315 2
1316 3
1317 6
1318 2
1319 4
1320 2
1321 7
1322 2
1323 4
1324 2
1325 14
1326 3
1327 3
1328 8
1329 3
1330 3
1331 8
1332 2
1333 3
1334 7
1335 2
1336 3
1337 5
1338 2
1339 5
1340 2
1341 11
1342 3
1343 3
1344 7
1345 2
1346 3
1347 5
1348 2
1349 4
1350 2
1351 18
1352 3
1353 3
1354 8
1355 3
1356 3
1357 8
1358 3
1359 3
1360 8
1361 3
1362 3
1363 9
1364 2
1365 3
1366 8
1367 2
1368 5
1369 3
1370 5
1371 2
1372 8
1373 2
1374 4
1375 2
1376 13
1377 2
1378 3
1379 8
1380 2
1381 3
1382 4
1383 2
1384 6
1385 2
1386 7
1387 2
1388 4
1389 2
1390 17
1391 3
1392 3
1393 9
1394 3
1395 3
1396 9
1397 3
1398 3
1399 9
1400 3
1401 3
1402 7
1403 2
1404 3
1405 6
1406 2
1407 5
1408 2
1409 5
1410 2
1411 15
1412 2
1413 3
1414 7
1415 2
1416 3
1417 4
1418 2
1419 10
1420 2
1421 3
1422 4
1423 2
1424 6
1425 2
1426 4
1427 2
1428 9
1429 2
1430 3
1431 5
1432 2
1433 4
1434 2
1435 17
1436 3
1437 3
1438 9
1439 2
1440 3
1441 5
1442 2
1443 4
1444 2
1445 9
1446 2
1447 3
1448 4
1449 2
1450 11
1451 2
1452 3
1453 8
1454 2
1455 3
1456 4
1457 2
1458 10
1459 2
1460 5
1461 3
1462 5
1463 2
1464 10
1465 2
1466 3
1467 4
1468 2
1469 19
1470 3
1471 3
1472 9
1473 3
1474 3
1475 9
1476 3
1477 3
1478 10
1479 3
1480 3
1481 9
1482 2
1483 3
1484 5
1485 2
1486 5
1487 2
1488 11
1489 2
1490 3
1491 4
1492 2
1493 6
1494 2
1495 6
1496 2
1497 4
1498 2
1499 14
1500 3
1501 3
1502 7
1503 2
1504 3
1505 5
1506 2
1507 4
1508 2
1509 14
1510 3
1511 3
1512 8
1513 3
1514 3
1515 8
1516 2
1517 3
1518 5
1519 2
1520 4
1521 2
1522 10
1523 2
1524 3
1525 6
1526 2
1527 5
1528 2
1529 5
1530 2
1531 26
1532 3
1533 3
1534 7
1535 3
1536 3
1537 7
1538 3
1539 3
1540 8
1541 3
1542 3
1543 8
1544 2
1545 3
1546 7
1547 2
1548 4
1549 5
1550 2
1551 5
1552 2
1553 13
1554 2
1555 3
1556 4
1557 2
1558 8
1559 2
1560 4
1561 2
1562 5
1563 2
1564 8
1565 2
1566 4
1567 2
1568 6
1569 2
1570 4
1571 2
1572 21
1573 3
1574 3
1575 10
1576 3
1577 3
1578 10
1579 3
1580 3
1581 8
1582 3
1583 3
1584 11
1585 2
1586 3
1587 12
1588 2
1589 4
1590 5
1591 3
1592 5
1593 2
1594 8
1595 2
1596 9
1597 2
1598 4
1599 2
1600 9
1601 2
1602 4
1603 2
1604 11
1605 2
1606 5
1607 2
1608 5
1609 2
1610 19
1611 3
1612 3
1613 8
1614 2
1615 3
1616 8
1617 2
1618 3
1619 4
1620 2
1621 10
1622 2
1623 6
1624 3
1625 5
1626 2
1627 6
1628 2
1629 11
1630 2
1631 3
1632 4
1633 2
1634 18
1635 3
1636 3
1637 11
1638 2
1639 3
1640 7
1641 2
1642 3
1643 4
1644 2
1645 8
1646 2
1647 3
1648 4
1649 2
1650 15
1651 2
1652 3
1653 7
1654 2
1655 4
1656 2
1657 7
1658 2
1659 4
1660 2
1661 11
1662 2
1663 5
1664 3
1665 5
1666 2
1667 9
1668 2
1669 5
1670 2
1671 5
1672 2
1673 13
1674 2
1675 3
1676 5
1677 2
1678 4
1679 2
1680 12
1681 3
1682 3
1683 7
1684 2
1685 3
1686 5
1687 2
1688 4
1689 2
1690 19
1691 3
1692 3
1693 10
1694 3
1695 3
1696 11
1697 2
1698 3
1699 6
1700 2
1701 4
1702 2
1703 5
1704 2
1705 12
1706 2
1707 5
1708 3
1709 5
1710 2
1711 7
1712 2
1713 6
1714 2
1715 4
1716 2
1717 16
1718 2
1719 7
1720 5
1721 7
1722 4
1723 7
1724 2
1725 8
1726 2
1727 11
1728 2
1729 4
1730 2
1731 15
1732 2
1733 3
1734 7
1735 2
1736 4
1737 2
1738 7
1739 2
1740 7
1741 2
1742 4
1743 2
1744 16
1745 2
1746 3
1747 11
1748 2
1749 5
1750 3
1751 5
1752 2
1753 6
1754 2
1755 11
1756 2
1757 4
1758 5
1759 2
1760 5
1761 2
1762 13
1763 2
1764 3
1765 4
1766 2
1767 9
1768 2
1769 6
1770 3
1771 5
1772 2
1773 6
1774 2
1775 13
1776 2
1777 3
1778 5
1779 2
1780 4
1781 2
1782 22
1783 3
1784 3
1785 7
1786 3
1787 3
1788 7
1789 3
1790 3
1791 8
1792 3
1793 3
1794 8
1795 2
1796 3
1797 5
1798 2
1799 4
1800 2
1801 10
1802 2
1803 3
1804 4
1805 2
1806 6
1807 2
1808 4
1809 2
1810 17
1811 3
1812 3
1813 10
1814 3
1815 3
1816 10
1817 3
1818 3
1819 8
1820 3
1821 3
1822 7
1823 2
1824 3
1825 5
1826 2
1827 4
1828 2
1829 13
1830 3
1831 3
1832 8
1833 2
1834 3
1835 7
1836 2
1837 4
1838 2
1839 5
1840 2
1841 9
1842 2
1843 3
1844 4
1845 2
1846 17
1847 3
1848 3
1849 11
1850 2
1851 3
1852 10
1853 2
1854 3
1855 5
1856 2
1857 6
1858 2
1859 5
1860 2
1861 12
1862 2
1863 4
1864 2
1865 6
1866 2
1867 6
1868 2
1869 4
1870 2
1871 12
1872 2
1873 3
1874 4
1875 2
1876 13
1877 3
1878 3
1879 8
1880 2
1881 3
1882 9
1883 2
1884 6
1885 3
1886 5
1887 2
1888 6
1889 2
1890 10
1891 2
1892 3
1893 4
1894 2
1895 15
1896 3
1897 3
1898 7
1899 3
1900 3
1901 8
1902 2
1903 3
1904 7
1905 2
1906 3
1907 4
1908 2
1909 8
1910 2
1911 3
1912 4
1913 2
1914 27
1915 3
1916 3
1917 13
1918 3
1919 3
1920 10
1921 3
1922 3
1923 11
1924 3
1925 3
1926 8
1927 2
1928 3
1929 10
1930 2
1931 5
1932 6
1933 3
1934 5
1935 2
1936 7
1937 2
1938 11
1939 2
1940 3
1941 4
1942 2
1943 15
1944 2
1945 3
1946 6
1947 2
1948 3
1949 4
1950 2
1951 13
1952 2
1953 3
1954 7
1955 2
1956 4
1957 2
1958 7
1959 2
1960 4
1961 2
1962 12
1963 2
1964 5
1965 3
1966 5
1967 2
1968 10
1969 2
1970 4
1971 2
1972 5
1973 2
1974 9
1975 2
1976 5
1977 2
1978 5
1979 2
1980 17
1981 2
1982 3
1983 6
1984 2
1985 3
1986 4
1987 2
1988 15
1989 3
1990 3
1991 11
1992 2
1993 3
1994 10
1995 2
1996 3
1997 4
1998 2
1999 6
2000 2
2001 5
2002 2
2003 9
2004 2
2005 4
2006 2
2007 9
2008 2
2009 4
2010 2
2011 7
2012 2
2013 4
2014 2
2015 16
2016 2
2017 3
2018 8
2019 2
2020 3
2021 4
2022 2
2023 8
2024 2
2025 3
2026 4
2027 2
2028 10
2029 2
2030 3
2031 5
2032 2
2033 6
2034 2
2035 4
2036 2
2037 16
2038 2
2039 3
2040 9
2041 2
2042 4
2043 2
2044 7
2045 2
2046 6
2047 2
2048 9
2049 2
2050 4
2051 2
2052 10
2053 2
2054 5
2055 3
2056 5
2057 2
2058 15
2059 2
2060 3
2061 6
2062 2
2063 7
2064 2
2065 6
2066 2
2067 8
2068 2
2069 4
2070 2
2071 25
2072 3
2073 3
2074 12
2075 3
2076 3
2077 7
2078 3
2079 3
2080 7
2081 2
2082 3
2083 5
2084 2
2085 4
2086 2
2087 13
2088 3
2089 3
2090 7
2091 2
2092 3
2093 8
2094 2
2095 6
2096 3
2097 6
2098 2
2099 6
2100 2
2101 14
2102 2
2103 3
2104 7
2105 2
2106 3
2107 4
2108 2
2109 7
2110 2
2111 4
2112 2
2113 5
2114 2
2115 10
2116 2
2117 3
2118 5
2119 2
2120 4
2121 2
2122 9
2123 2
2124 3
2125 5
2126 2
2127 6
2128 2
2129 4
2130 2
2131 19
2132 2
2133 3
2134 10
2135 2
2136 3
2137 4
2138 2
2139 6
2140 2
2141 7
2142 2
2143 5
2144 2
2145 10
2146 2
2147 4
2148 2
2149 9
2150 2
2151 5
2152 2
2153 5
2154 2
2155 12
2156 2
2157 3
2158 5
2159 2
2160 4
2161 2
2162 9
2163 2
2164 3
2165 5
2166 2
2167 6
2168 2
2169 4
2170 2
2171 19
2172 3
2173 3
2174 10
2175 3
2176 3
2177 9
2178 2
2179 3
2180 7
2181 2
2182 4
2183 5
2184 2
2185 5
2186 2
2187 14
2188 2
2189 3
2190 5
2191 2
2192 4
2193 2
2194 14
2195 2
2196 3
2197 4
2198 2
2199 6
2200 2
2201 4
2202 2
2203 10
2204 2
2205 4
2206 5
2207 2
2208 5
2209 2
2210 10
2211 2
2212 5
2213 2
2214 5
2215 2
2216 14
2217 2
2218 3
2219 6
2220 2
2221 3
2222 4
2223 2
2224 17
2225 3
2226 3
2227 7
2228 3
2229 3
2230 7
2231 2
2232 3
2233 7
2234 2
2235 3
2236 5
2237 2
2238 6
2239 2
2240 4
2241 2
2242 18
2243 3
2244 3
2245 8
2246 3
2247 3
2248 7
2249 3
2250 3
2251 8
2252 2
2253 3
2254 5
2255 2
2256 4
2257 2
2258 9
2259 2
2260 3
2261 5
2262 2
2263 5
2264 2
2265 15
2266 3
2267 3
2268 11
2269 3
2270 3
2271 9
2272 2
2273 3
2274 6
2275 2
2276 4
2277 2
2278 5
2279 2
2280 10
2281 2
2282 3
2283 4
2284 2
2285 6
2286 2
2287 4
2288 2
2289 14
2290 2
2291 3
2292 8
2293 2
2294 3
2295 4
2296 2
2297 5
2298 2
2299 12
2300 2
2301 7
2302 5
2303 7
2304 4
2305 7
2306 2
2307 8
2308 2
2309 19
2310 2
2311 3
2312 6
2313 2
2314 4
2315 2
2316 5
2317 2
2318 11
2319 2
2320 3
2321 4
2322 2
2323 5
2324 2
2325 7
2326 2
2327 4
2328 2
2329 6
2330 2
2331 4
2332 2
2333 10
2334 2
2335 3
2336 4
2337 2
2338 12
2339 2
2340 3
2341 7
2342 2
2343 3
2344 5
2345 2
2346 5
2347 2
2348 25
2349 3
2350 3
2351 9
2352 3
2353 3
2354 9
2355 3
2356 3
2357 7
2358 3
2359 3
2360 8
2361 2
2362 3
2363 6
2364 2
2365 4
2366 2
2367 7
2368 2
2369 4
2370 2
2371 15
2372 3
2373 3
2374 10
2375 3
2376 3
2377 9
2378 2
2379 3
2380 5
2381 2
2382 4
2383 2
2384 12
2385 2
2386 3
2387 4
2388 2
2389 10
2390 2
2391 5
2392 3
2393 5
2394 2
2395 6
2396 2
2397 10
2398 2
2399 5
2400 3
2401 5
2402 2
2403 10
2404 2
2405 5
2406 2
2407 5
2408 2
2409 15
2410 3
2411 3
2412 7
2413 2
2414 3
2415 5
2416 2
2417 4
2418 2
2419 16
2420 3
2421 3
2422 8
2423 3
2424 3
2425 8
2426 2
2427 3
2428 7
2429 2
2430 3
2431 4
2432 2
2433 6
2434 2
2435 4
2436 2
2437 13
2438 2
2439 3
2440 7
2441 2
2442 3
2443 4
2444 2
2445 10
2446 2
2447 6
2448 3
2449 5
2450 2
2451 6
2452 2
2453 13
2454 2
2455 3
2456 5
2457 2
2458 5
2459 2
2460 9
2461 2
2462 4
2463 2
2464 5
2465 2
2466 8
2467 2
2468 3
2469 4
2470 2
2471 24
2472 3
2473 3
2474 12
2475 3
2476 3
2477 10
2478 3
2479 3
2480 7
2481 3
2482 3
2483 7
2484 2
2485 3
2486 5
2487 2
2488 4
2489 2
2490 14
2491 3
2492 3
2493 9
2494 2
2495 3
2496 9
2497 2
2498 4
2499 5
2500 2
2501 5
2502 2
2503 13
2504 2
2505 6
2506 3
2507 5
2508 2
2509 6
2510 2
2511 11
2512 2
2513 3
2514 4
2515 2
2516 17
2517 3
2518 3
2519 7
2520 2
2521 3
2522 7
2523 2
2524 3
2525 5
2526 2
2527 5
2528 2
2529 12
2530 2
2531 3
2532 7
2533 2
2534 3
2535 4
2536 2
2537 11
2538 2
2539 3
2540 4
2541 2
2542 7
2543 2
2544 5
2545 2
2546 7
2547 2
2548 4
2549 2
2550 16
2551 3
2552 3
2553 7
2554 2
2555 3
2556 5
2557 2
2558 4
2559 2
2560 12
2561 2
2562 3
2563 7
2564 2
2565 3
2566 4
2567 2
2568 8
2569 2
2570 4
2571 2
2572 7
2573 2
2574 4
2575 2
2576 15
2577 2
2578 3
2579 7
2580 2
2581 3
2582 5
2583 2
2584 6
2585 2
2586 4
2587 2
2588 20
2589 3
2590 3
2591 7
2592 3
2593 3
2594 7
2595 3
2596 3
2597 7
2598 2
2599 3
2600 5
2601 2
2602 4
2603 2
2604 14
2605 3
2606 3
2607 9
2608 3
2609 3
2610 7
2611 2
2612 3
2613 6
2614 2
2615 5
2616 2
2617 5
2618 2
2619 14
2620 2
2621 3
2622 7
2623 2
2624 3
2625 4
2626 2
2627 8
2628 2
2629 4
2630 2
2631 7
2632 2
2633 4
2634 2
2635 13
2636 2
2637 3
2638 5
2639 2
2640 4
2641 2
2642 10
2643 2
2644 3
2645 5
2646 2
2647 6
2648 2
2649 4
2650 2
2651 9
2652 2
2653 3
2654 4
2655 2
2656 15
2657 3
2658 3
2659 9
2660 3
2661 3
2662 8
2663 2
2664 3
2665 5
2666 2
2667 4
2668 2
2669 12
2670 2
2671 3
2672 9
2673 2
2674 5
2675 3
2676 5
2677 2
2678 8
2679 2
2680 4
2681 2
2682 9
2683 2
2684 3
2685 4
2686 2
2687 13
2688 3
2689 3
2690 8
2691 2
2692 3
2693 6
2694 2
2695 3
2696 4
2697 2
2698 9
2699 3
2700 3
2701 7
2702 2
2703 3
2704 5
2705 2
2706 4
2707 2
2708 23
2709 3
2710 3
2711 12
2712 3
2713 3
2714 13
2715 3
2716 3
2717 10
2718 2
2719 3
2720 8
2721 2
2722 3
2723 4
2724 2
2725 6
2726 2
2727 4
2728 2
2729 10
2730 2
2731 3
2732 5
2733 2
2734 4
2735 2
2736 17
2737 2
2738 3
2739 12
2740 2
2741 3
2742 6
2743 2
2744 7
2745 2
2746 5
2747 2
2748 8
2749 2
2750 4
2751 2
2752 11
2753 2
2754 3
2755 4
2756 2
2757 14
2758 2
2759 3
2760 7
2761 2
2762 8
2763 2
2764 7
2765 2
2766 9
2767 2
2768 5
2769 2
2770 10
2771 2
2772 4
2773 2
2774 17
2775 2
2776 3
2777 6
2778 2
2779 3
2780 4
2781 2
2782 14
2783 3
2784 3
2785 9
2786 2
2787 3
2788 5
2789 2
2790 5
2791 2
2792 15
2793 2
2794 8
2795 6
2796 8
2797 5
2798 8
2799 3
2800 9
2801 2
2802 10
2803 2
2804 24
2805 3
2806 3
2807 9
2808 2
2809 3
2810 6
2811 2
2812 3
2813 4
2814 2
2815 15
2816 2
2817 3
2818 11
2819 2
2820 3
2821 4
2822 2
2823 5
2824 2
2825 15
2826 2
2827 6
2828 6
2829 4
2830 6
2831 2
2832 7
2833 2
2834 9
2835 2
2836 13
2837 2
2838 5
2839 3
2840 5
2841 2
2842 8
2843 2
2844 4
2845 2
2846 8
2847 2
2848 4
2849 2
2850 16
2851 2
2852 3
2853 4
2854 2
2855 11
2856 2
2857 4
2858 5
2859 2
2860 5
2861 2
2862 14
2863 2
2864 5
2865 3
2866 5
2867 2
2868 6
2869 2
2870 14
2871 2
2872 4
2873 5
2874 2
2875 5
2876 2
2877 8
2878 2
2879 4
2880 2
2881 17
2882 2
2883 3
2884 5
2885 2
2886 6
2887 2
2888 4
2889 2
2890 22
2891 3
2892 3
2893 8
2894 3
2895 3
2896 7
2897 3
2898 3
2899 7
2900 2
2901 3
2902 5
2903 2
2904 4
2905 2
2906 11
2907 3
2908 3
2909 7
2910 3
2911 3
2912 7
2913 2
2914 3
2915 6
2916 2
2917 3
2918 4
2919 2
2920 21
2921 3
2922 3
2923 8
2924 3
2925 3
2926 8
2927 3
2928 3
2929 7
2930 3
2931 3
2932 8
2933 2
2934 3
2935 8
2936 2
2937 5
2938 3
2939 5
2940 2
2941 8
2942 2
2943 4
2944 2
2945 13
2946 3
2947 3
2948 7
2949 3
2950 3
2951 8
2952 2
2953 3
2954 7
2955 2
2956 3
2957 4
2958 2
2959 8
2960 2
2961 3
2962 4
2963 2
2964 27
2965 3
2966 3
2967 14
2968 3
2969 3
2970 11
2971 3
2972 3
2973 9
2974 3
2975 3
2976 9
2977 2
2978 3
2979 8
2980 2
2981 4
2982 5
2983 2
2984 5
2985 2
2986 11
2987 2
2988 3
2989 4
2990 2
2991 13
2992 2
2993 3
2994 9
2995 2
2996 3
2997 4
2998 2
2999 7
3000 2
3001 6
3002 2
3003 8
3004 2
3005 4
3006 2
3007 22
3008 3
3009 3
3010 11
3011 3
3012 3
3013 9
3014 2
3015 3
3016 6
3017 2
3018 4
3019 2
3020 5
3021 2
3022 12
3023 2
3024 3
3025 4
3026 2
3027 6
3028 2
3029 4
3030 2
3031 11
3032 2
3033 6
3034 4
3035 6
3036 2
3037 6
3038 2
3039 9
3040 2
3041 4
3042 2
3043 15
3044 2
3045 3
3046 5
3047 2
3048 5
3049 2
3050 11
3051 2
3052 5
3053 3
3054 5
3055 2
3056 7
3057 2
3058 4
3059 2
3060 9
3061 2
3062 5
3063 2
3064 5
3065 2
3066 15
3067 3
3068 3
3069 8
3070 2
3071 3
3072 5
3073 2
3074 4
3075 2
3076 10
3077 2
3078 3
3079 6
3080 2
3081 4
3082 2
3083 10
3084 2
3085 5
3086 3
3087 5
3088 2
3089 7
3090 2
3091 4
3092 2
3093 18
3094 3
3095 3
3096 10
3097 2
3098 3
3099 13
3100 2
3101 7
3102 5
3103 7
3104 4
3105 7
3106 2
3107 8
3108 2
3109 12
3110 2
3111 7
3112 2
3113 4
3114 2
3115 11
3116 2
3117 3
3118 4
3119 2
3120 15
3121 3
3122 3
3123 10
3124 2
3125 3
3126 10
3127 2
3128 6
3129 4
3130 6
3131 2
3132 6
3133 2
3134 15
3135 2
3136 6
3137 4
3138 6
3139 2
3140 6
3141 2
3142 15
3143 2
3144 6
3145 3
3146 5
3147 2
3148 6
3149 2
3150 12
3151 2
3152 3
3153 4
3154 2
3155 19
3156 3
3157 3
3158 8
3159 3
3160 3
3161 8
3162 2
3163 3
3164 6
3165 2
3166 3
3167 4
3168 2
3169 10
3170 2
3171 3
3172 7
3173 2
3174 3
3175 5
3176 2
3177 6
3178 2
3179 4
3180 2
3181 20
3182 3
3183 3
3184 10
3185 3
3186 3
3187 10
3188 3
3189 3
3190 9
3191 2
3192 3
3193 5
3194 2
3195 4
3196 2
3197 14
3198 2
3199 3
3200 6
3201 2
3202 7
3203 2
3204 6
3205 2
3206 8
3207 2
3208 4
3209 2
3210 13
3211 2
3212 6
3213 3
3214 5
3215 2
3216 6
3217 2
3218 16
3219 2
3220 3
3221 5
3222 2
3223 4
3224 2
3225 10
3226 2
3227 4
3228 5
3229 2
3230 5
3231 2
3232 13
3233 2
3234 5
3235 6
3236 4
3237 6
3238 2
3239 7
3240 2
3241 17
3242 2
3243 3
3244 6
3245 2
3246 4
3247 2
3248 8
3249 2
3250 5
3251 2
3252 5
3253 2
3254 18
3255 3
3256 3
3257 7
3258 3
3259 3
3260 7
3261 3
3262 3
3263 8
3264 2
3265 3
3266 6
3267 2
3268 4
3269 2
3270 7
3271 2
3272 4
3273 2
3274 22
3275 3
3276 3
3277 9
3278 3
3279 3
3280 9
3281 3
3282 3
3283 11
3284 3
3285 3
3286 10
3287 2
3288 3
3289 9
3290 2
3291 4
3292 5
3293 2
3294 5
3295 2
3296 11
3297 2
3298 5
3299 3
3300 5
3301 2
3302 14
3303 2
3304 3
3305 4
3306 2
3307 7
3308 2
3309 4
3310 2
3311 9
3312 2
3313 4
3314 2
3315 5
3316 2
3317 10
3318 2
3319 5
3320 2
3321 5
3322 2
3323 18
3324 3
3325 3
3326 7
3327 3
3328 3
3329 7
3330 2
3331 3
3332 6
3333 2
3334 5
3335 2
3336 5
3337 2
3338 15
3339 3
3340 3
3341 7
3342 3
3343 3
3344 7
3345 3
3346 3
3347 7
3348 2
3349 3
3350 5
3351 2
3352 4
3353 2
3354 19
3355 3
3356 3
3357 7
3358 3
3359 3
3360 7
3361 3
3362 3
3363 8
3364 3
3365 3
3366 8
3367 2
3368 3
3369 10
3370 2
3371 5
3372 6
3373 3
3374 5
3375 2
3376 7
3377 2
3378 11
3379 2
3380 3
3381 4
3382 2
3383 20
3384 3
3385 3
3386 12
3387 3
3388 3
3389 12
3390 3
3391 3
3392 9
3393 3
3394 3
3395 7
3396 2
3397 3
3398 8
3399 2
3400 6
3401 3
3402 6
3403 2
3404 6
3405 2
3406 16
3407 2
3408 3
3409 7
3410 2
3411 3
3412 4
3413 2
3414 7
3415 2
3416 4
3417 2
3418 5
3419 2
3420 10
3421 2
3422 3
3423 5
3424 2
3425 4
3426 2
3427 9
3428 2
3429 3
3430 5
3431 2
3432 6
3433 2
3434 4
3435 2
3436 20
3437 2
3438 3
3439 10
3440 2
3441 3
3442 4
3443 2
3444 6
3445 2
3446 7
3447 2
3448 5
3449 2
3450 10
3451 2
3452 4
3453 2
3454 9
3455 2
3456 5
3457 2
3458 5
3459 2
3460 12
3461 2
3462 3
3463 5
3464 2
3465 4
3466 2
3467 9
3468 2
3469 3
3470 5
3471 2
3472 6
3473 2
3474 4
3475 2
3476 20
3477 3
3478 3
3479 10
3480 3
3481 3
3482 9
3483 2
3484 3
3485 7
3486 2
3487 4
3488 5
3489 2
3490 5
3491 2
3492 14
3493 2
3494 3
3495 5
3496 2
3497 4
3498 2
3499 14
3500 2
3501 3
3502 4
3503 2
3504 6
3505 2
3506 4
3507 2
3508 10
3509 2
3510 4
3511 5
3512 2
3513 5
3514 2
3515 10
3516 2
3517 5
3518 2
3519 5
3520 2
3521 14
3522 2
3523 3
3524 6
3525 2
3526 3
3527 4
3528 2
3529 16
3530 3
3531 3
3532 7
3533 3
3534 3
3535 7
3536 2
3537 3
3538 7
3539 2
3540 3
3541 5
3542 2
3543 6
3544 2
3545 4
3546 2
3547 17
3548 3
3549 3
3550 8
3551 3
3552 3
3553 7
3554 3
3555 3
3556 8
3557 2
3558 3
3559 5
3560 2
3561 4
3562 2
3563 9
3564 2
3565 3
3566 5
3567 2
3568 5
3569 2
3570 15
3571 3
3572 3
3573 11
3574 3
3575 3
3576 9
3577 2
3578 3
3579 6
3580 2
3581 4
3582 2
3583 5
3584 2
3585 10
3586 2
3587 3
3588 4
3589 2
3590 6
3591 2
3592 4
3593 2
3594 14
3595 2
3596 3
3597 8
3598 2
3599 3
3600 4
3601 2
3602 5
3603 2
3604 12
3605 2
3606 7
3607 5
3608 7
3609 4
3610 7
3611 2
3612 8
3613 2
3614 19
3615 2
3616 3
3617 6
3618 2
3619 4
3620 2
3621 5
3622 2
3623 11
3624 2
3625 3
3626 4
3627 2
3628 5
3629 2
3630 7
3631 2
3632 4
3633 2
3634 6
3635 2
3636 4
3637 2
3638 10
3639 2
3640 3
3641 4
3642 2
3643 12
3644 2
3645 3
3646 7
3647 2
3648 3
3649 5
3650 2
3651 5
3652 2
3653 25
3654 3
3655 3
3656 9
3657 3
3658 3
3659 9
3660 3
3661 3
3662 7
3663 3
3664 3
3665 8
3666 2
3667 3
3668 6
3669 2
3670 4
3671 2
3672 7
3673 2
3674 4
3675 2
3676 15
3677 3
3678 3
3679 10
3680 3
3681 3
3682 9
3683 2
3684 3
3685 5
3686 2
3687 4
3688 2
3689 12
3690 2
3691 3
3692 4
3693 2
3694 10
3695 2
3696 5
3697 3
3698 5
3699 2
3700 6
3701 2
3702 10
3703 2
3704 5
3705 3
3706 5
3707 2
3708 10
3709 2
3710 5
3711 2
3712 5
3713 2
3714 15
3715 3
3716 3
3717 7
3718 2
3719 3
3720 5
3721 2
3722 4
3723 2
3724 16
3725 3
3726 3
3727 8
3728 3
3729 3
3730 8
3731 2
3732 3
3733 7
3734 2
3735 3
3736 4
3737 2
3738 6
3739 2
3740 4
3741 2
3742 13
3743 2
3744 3
3745 7
3746 2
3747 3
3748 4
3749 2
3750 10
3751 2
3752 6
3753 3
3754 5
3755 2
3756 6
3757 2
3758 13
3759 2
3760 3
3761 5
3762 2
3763 5
3764 2
3765 9
3766 2
3767 4
3768 2
3769 5
3770 2
3771 8
3772 2
3773 3
3774 4
3775 2
3776 24
3777 3
3778 3
3779 12
3780 3
3781 3
3782 10
3783 3
3784 3
3785 7
3786 3
3787 3
3788 7
3789 2
3790 3
3791 5
3792 2
3793 4
3794 2
3795 14
3796 3
3797 3
3798 9
3799 2
3800 3
3801 9
3802 2
3803 4
3804 5
3805 2
3806 5
3807 2
3808 13
3809 2
3810 6
3811 3
3812 5
3813 2
3814 6
3815 2
3816 11
3817 2
3818 3
3819 4
3820 2
3821 17
3822 3
3823 3
3824 7
3825 2
3826 3
3827 7
3828 2
3829 3
3830 5
3831 2
3832 5
3833 2
3834 12
3835 2
3836 3
3837 7
3838 2
3839 3
3840 4
3841 2
3842 11
3843 2
3844 3
3845 4
3846 2
3847 7
3848 2
3849 5
3850 2
3851 7
3852 2
3853 4
3854 2
3855 16
3856 3
3857 3
3858 7
3859 2
3860 3
3861 5
3862 2
3863 4
3864 2
3865 12
3866 2
3867 3
3868 7
3869 2
3870 3
3871 4
3872 2
3873 8
3874 2
3875 4
3876 2
3877 7
3878 2
3879 4
3880 2
3881 15
3882 2
3883 3
3884 7
3885 2
3886 3
3887 5
3888 2
3889 6
3890 2
3891 4
3892 2
3893 20
3894 3
3895 3
3896 7
3897 3
3898 3
3899 7
3900 3
3901 3
3902 7
3903 2
3904 3
3905 5
3906 2
3907 4
3908 2
3909 14
3910 3
3911 3
3912 9
3913 3
3914 3
3915 7
3916 2
3917 3
3918 6
3919 2
3920 5
3921 2
3922 5
3923 2
3924 14
3925 2
3926 3
3927 7
3928 2
3929 3
3930 4
3931 2
3932 8
3933 2
3934 4
3935 2
3936 7
3937 2
3938 4
3939 2
3940 13
3941 2
3942 3
3943 5
3944 2
3945 4
3946 2
3947 10
3948 2
3949 3
3950 5
3951 2
3952 6
3953 2
3954 4
3955 2
3956 9
3957 2
3958 3
3959 4
3960 2
3961 15
3962 3
3963 3
3964 9
3965 3
3966 3
3967 8
3968 2
3969 3
3970 5
3971 2
3972 4
3973 2
3974 12
3975 2
3976 3
3977 9
3978 2
3979 5
3980 3
3981 5
3982 2
3983 8
3984 2
3985 4
3986 2
3987 9
3988 2
3989 3
3990 4
3991 2
3992 13
3993 3
3994 3
3995 8
3996 2
3997 3
3998 6
3999 2
4000 3
4001 4
4002 2
4003 9
4004 3
4005 3
4006 7
4007 2
4008 3
4009 5
4010 2
4011 4
4012 2
4013 23
4014 3
4015 3
4016 12
4017 3
4018 3
4019 13
4020 3
4021 3
4022 10
4023 2
4024 3
4025 8
4026 2
4027 3
4028 4
4029 2
4030 6
4031 2
4032 4
4033 2
4034 10
4035 2
4036 3
4037 5
4038 2
4039 4
4040 2
4041 17
4042 2
4043 3
4044 12
4045 2
4046 3
4047 6
4048 2
4049 7
4050 2
4051 5
4052 2
4053 8
4054 2
4055 4
4056 2
4057 11
4058 2
4059 3
4060 4
4061 2
4062 14
4063 2
4064 3
4065 7
4066 2
4067 8
4068 2
4069 7
4070 2
4071 9
4072 2
4073 5
4074 2
4075 10
4076 2
4077 4
4078 2
4079 17
4080 2
4081 3
4082 6
4083 2
4084 3
4085 4
4086 2
4087 14
4088 3
4089 3
4090 9
4091 2
4092 3
4093 5
4094 2
4095 5
4096 2
4097 15
4098 2
4099 8
4100 6
4101 8
4102 5
4103 8
4104 3
4105 9
4106 2
4107 10
4108 2
4109 24
4110 3
4111 3
4112 9
4113 2
4114 3
4115 6
4116 2
4117 3
4118 4
4119 2
4120 15
4121 2
4122 3
4123 11
4124 2
4125 3
4126 4
4127 2
4128 5
4129 2
4130 15
4131 2
4132 6
4133 6
4134 4
4135 6
4136 2
4137 7
4138 2
4139 9
4140 2
4141 13
4142 2
4143 5
4144 3
4145 5
4146 2
4147 8
4148 2
4149 4
4150 2
4151 8
4152 2
4153 4
4154 2
4155 16
4156 2
4157 3
4158 4
4159 2
4160 11
4161 2
4162 4
4163 5
4164 2
4165 5
4166 2
4167 14
4168 2
4169 5
4170 3
4171 5
4172 2
4173 6
4174 2
4175 14
4176 2
4177 4
4178 5
4179 2
4180 5
4181 2
4182 8
4183 2
4184 4
4185 2
4186 17
4187 2
4188 3
4189 5
4190 2
4191 6
4192 2
4193 4
4194 2
4195 22
4196 3
4197 3
4198 8
4199 3
4200 3
4201 7
4202 3
4203 3
4204 7
4205 2
4206 3
4207 5
4208 2
4209 4
4210 2
4211 11
4212 3
4213 3
4214 7
4215 3
4216 3
4217 7
4218 2
4219 3
4220 6
4221 2
4222 3
4223 4
4224 2
4225 23
4226 3
4227 3
4228 8
4229 3
4230 3
4231 8
4232 3
4233 3
4234 7
4235 3
4236 3
4237 8
4238 2
4239 3
4240 8
4241 2
4242 5
4243 3
4244 5
4245 2
4246 8
4247 2
4248 4
4249 2
4250 13
4251 3
4252 3
4253 7
4254 3
4255 3
4256 8
4257 2
4258 3
4259 7
4260 2
4261 3
4262 4
4263 2
4264 8
4265 2
4266 3
4267 4
4268 2
4269 29
4270 3
4271 3
4272 14
4273 3
4274 3
4275 11
4276 3
4277 3
4278 9
4279 3
4280 3
4281 9
4282 2
4283 3
4284 8
4285 2
4286 4
4287 5
4288 2
4289 5
4290 2
4291 11
4292 2
4293 3
4294 4
4295 2
4296 13
4297 2
4298 3
4299 9
4300 2
4301 3
4302 4
4303 2
4304 7
4305 2
4306 6
4307 2
4308 8
4309 2
4310 4
4311 2
4312 22
4313 3
4314 3
4315 11
4316 3
4317 3
4318 9
4319 2
4320 3
4321 6
4322 2
4323 4
4324 2
4325 5
4326 2
4327 12
4328 2
4329 3
4330 4
4331 2
4332 6
4333 2
4334 4
4335 2
4336 11
4337 2
4338 6
4339 4
4340 6
4341 2
4342 6
4343 2
4344 9
4345 2
4346 4
4347 2
4348 15
4349 2
4350 3
4351 5
4352 2
4353 5
4354 2
4355 11
4356 2
4357 5
4358 3
4359 5
4360 2
4361 7
4362 2
4363 4
4364 2
4365 9
4366 2
4367 5
4368 2
4369 5
4370 2
4371 15
4372 3
4373 3
4374 8
4375 2
4376 3
4377 5
4378 2
4379 4
4380 2
4381 10
4382 2
4383 3
4384 6
4385 2
4386 4
4387 2
4388 10
4389 2
4390 5
4391 3
4392 5
4393 2
4394 7
4395 2
4396 4
4397 2
4398 18
4399 3
4400 3
4401 10
4402 2
4403 3
4404 13
4405 2
4406 7
4407 5
4408 7
4409 4
4410 7
4411 2
4412 8
4413 2
4414 12
4415 2
4416 7
4417 2
4418 4
4419 2
4420 11
4421 2
4422 3
4423 4
4424 2
4425 15
4426 3
4427 3
4428 10
4429 2
4430 3
4431 10
4432 2
4433 6
4434 4
4435 6
4436 2
4437 6
4438 2
4439 15
4440 2
4441 6
4442 4
4443 6
4444 2
4445 6
4446 2
4447 15
4448 2
4449 6
4450 3
4451 5
4452 2
4453 6
4454 2
4455 12
4456 2
4457 3
4458 4
4459 2
4460 19
4461 3
4462 3
4463 8
4464 3
4465 3
4466 8
4467 2
4468 3
4469 6
4470 2
4471 3
4472 4
4473 2
4474 10
4475 2
4476 3
4477 7
4478 2
4479 3
4480 5
4481 2
4482 6
4483 2
4484 4
4485 2
4486 20
4487 3
4488 3
4489 10
4490 3
4491 3
4492 10
4493 3
4494 3
4495 9
4496 2
4497 3
4498 5
4499 2
4500 4
4501 2
4502 14
4503 2
4504 3
4505 6
4506 2
4507 7
4508 2
4509 6
4510 2
4511 8
4512 2
4513 4
4514 2
4515 13
4516 2
4517 6
4518 3
4519 5
4520 2
4521 6
4522 2
4523 16
4524 2
4525 3
4526 5
4527 2
4528 4
4529 2
4530 10
4531 2
4532 4
4533 5
4534 2
4535 5
4536 2
4537 13
4538 2
4539 5
4540 6
4541 4
4542 6
4543 2
4544 7
4545 2
4546 17
4547 2
4548 3
4549 6
4550 2
4551 4
4552 2
4553 8
4554 2
4555 5
4556 2
4557 5
4558 2
4559 18
4560 3
4561 3
4562 7
4563 3
4564 3
4565 7
4566 3
4567 3
4568 8
4569 2
4570 3
4571 6
4572 2
4573 4
4574 2
4575 7
4576 2
4577 4
4578 2
4579 22
4580 3
4581 3
4582 9
4583 3
4584 3
4585 9
4586 3
4587 3
4588 11
4589 3
4590 3
4591 10
4592 2
4593 3
4594 9
4595 2
4596 4
4597 5
4598 2
4599 5
4600 2
4601 11
4602 2
4603 5
4604 3
4605 5
4606 2
4607 14
4608 2
4609 3
4610 4
4611 2
4612 7
4613 2
4614 4
4615 2
4616 9
4617 2
4618 4
4619 2
4620 5
4621 2
4622 10
4623 2
4624 5
4625 2
4626 5
4627 2
4628 18
4629 3
4630 3
4631 7
4632 3
4633 3
4634 7
4635 2
4636 3
4637 6
4638 2
4639 5
4640 2
4641 5
4642 2
4643 15
4644 3
4645 3
4646 7
4647 3
4648 3
4649 7
4650 3
4651 3
4652 7
4653 2
4654 3
4655 5
4656 2
4657 4
4658 2
4659 19
4660 3
4661 3
4662 7
4663 3
4664 3
4665 7
4666 3
4667 3
4668 8
4669 3
4670 3
4671 8
4672 2
4673 3
4674 10
4675 2
4676 5
4677 6
4678 3
4679 5
4680 2
4681 7
4682 2
4683 11
4684 2
4685 3
4686 4
4687 2
4688 20
4689 3
4690 3
4691 12
4692 3
4693 3
4694 12
4695 3
4696 3
4697 9
4698 3
4699 3
4700 7
4701 2
4702 3
4703 8
4704 2
4705 6
4706 3
4707 6
4708 2
4709 6
4710 2
4711 16
4712 2
4713 3
4714 7
4715 2
4716 3
4717 4
4718 2
4719 7
4720 2
4721 4
4722 2
4723 5
4724 2
4725 10
4726 2
4727 3
4728 5
4729 2
4730 4
4731 2
4732 9
4733 2
4734 3
4735 5
4736 2
4737 6
4738 2
4739 4
4740 2
4741 20
4742 2
4743 3
4744 10
4745 2
4746 3
4747 4
4748 2
4749 6
4750 2
4751 7
4752 2
4753 5
4754 2
4755 10
4756 2
4757 4
4758 2
4759 9
4760 2
4761 5
4762 2
4763 5
4764 2
4765 12
4766 2
4767 3
4768 5
4769 2
4770 4
4771 2
4772 9
4773 2
4774 3
4775 5
4776 2
4777 6
4778 2
4779 4
4780 2
4781 20
4782 3
4783 3
4784 10
4785 3
4786 3
4787 9
4788 2
4789 3
4790 7
4791 2
4792 4
4793 5
4794 2
4795 5
4796 2
4797 14
4798 2
4799 3
4800 5
4801 2
4802 4
4803 2
4804 14
4805 2
4806 3
4807 4
4808 2
4809 6
4810 2
4811 4
4812 2
4813 10
4814 2
4815 4
4816 5
4817 2
4818 5
4819 2
4820 10
4821 2
4822 5
4823 2
4824 5
4825 2
4826 14
4827 2
4828 3
4829 6
4830 2
4831 3
4832 4
4833 2
4834 16
4835 3
4836 3
4837 7
4838 3
4839 3
4840 7
4841 2
4842 3
4843 7
4844 2
4845 3
4846 5
4847 2
4848 6
4849 2
4850 4
4851 2
4852 17
4853 3
4854 3
4855 8
4856 3
4857 3
4858 7
4859 3
4860 3
4861 8
4862 2
4863 3
4864 5
4865 2
4866 4
4867 2
4868 9
4869 2
4870 3
4871 5
4872 2
4873 5
4874 2
4875 15
4876 3
4877 3
4878 11
4879 3
4880 3
4881 9
4882 2
4883 3
4884 6
4885 2
4886 4
4887 2
4888 5
4889 2
4890 10
4891 2
4892 3
4893 4
4894 2
4895 6
4896 2
4897 4
4898 2
4899 14
4900 2
4901 3
4902 8
4903 2
4904 3
4905 4
4906 2
4907 5
4908 2
4909 12
4910 2
4911 7
4912 5
4913 7
4914 4
4915 7
4916 2
4917 8
4918 2
4919 19
4920 2
4921 3
4922 6
4923 2
4924 4
4925 2
4926 5
4927 2
4928 11
4929 2
4930 3
4931 4
4932 2
4933 5
4934 2
4935 7
4936 2
4937 4
4938 2
4939 6
4940 2
4941 4
4942 2
4943 10
4944 2
4945 3
4946 4
4947 2
4948 12
4949 2
4950 3
4951 7
4952 2
4953 3
4954 5
4955 2
4956 5
4957 2
4958 25
4959 3
4960 3
4961 9
4962 3
4963 3
4964 9
4965 3
4966 3
4967 7
4968 3
4969 3
4970 8
4971 2
4972 3
4973 6
4974 2
4975 4
4976 2
4977 7
4978 2
4979 4
4980 2
4981 15
4982 3
4983 3
4984 10
4985 3
4986 3
4987 9
4988 2
4989 3
4990 5
4991 2
4992 4
4993 2
4994 12
4995 2
4996 3
4997 4
4998 2
4999 10
5000 2
5001 5
5002 3
5003 5
5004 2
5005 6
5006 2
5007 10
5008 2
5009 5
5010 3
5011 5
5012 2
5013 10
5014 2
5015 5
5016 2
5017 5
5018 2
5019 15
5020 3
5021 3
5022 7
5023 2
5024 3
5025 5
5026 2
5027 4
5028 2
5029 16
5030 3
5031 3
5032 8
5033 3
5034 3
5035 8
5036 2
5037 3
5038 7
5039 2
5040 3
5041 4
5042 2
5043 6
5044 2
5045 4
5046 2
5047 13
5048 2
5049 3
5050 7
5051 2
5052 3
5053 4
5054 2
5055 10
5056 2
5057 6
5058 3
5059 5
5060 2
5061 6
5062 2
5063 13
5064 2
5065 3
5066 5
5067 2
5068 5
5069 2
5070 9
5071 2
5072 4
5073 2
5074 5
5075 2
5076 8
5077 2
5078 3
5079 4
5080 2
5081 24
5082 3
5083 3
5084 12
5085 3
5086 3
5087 10
5088 3
5089 3
5090 7
5091 3
5092 3
5093 7
5094 2
5095 3
5096 5
5097 2
5098 4
5099 2
5100 14
5101 3
5102 3
5103 9
5104 2
5105 3
5106 9
5107 2
5108 4
5109 5
5110 2
5111 5
5112 2
5113 13
5114 2
5115 6
5116 3
5117 5
5118 2
5119 6
5120 2
5121 11
5122 2
5123 3
5124 4
5125 2
5126 17
5127 3
5128 3
5129 7
5130 2
5131 3
5132 7
5133 2
5134 3
5135 5
5136 2
5137 5
5138 2
5139 12
5140 2
5141 3
5142 7
5143 2
5144 3
5145 4
5146 2
5147 11
5148 2
5149 3
5150 4
5151 2
5152 7
5153 2
5154 5
5155 2
5156 7
5157 2
5158 4
5159 2
5160 16
5161 3
5162 3
5163 7
5164 2
5165 3
5166 5
5167 2
5168 4
5169 2
5170 12
5171 2
5172 3
5173 7
5174 2
5175 3
5176 4
5177 2
5178 8
5179 2
5180 4
5181 2
5182 7
5183 2
5184 4
5185 2
5186 15
5187 2
5188 3
5189 7
5190 2
5191 3
5192 5
5193 2
5194 6
5195 2
5196 4
5197 2
5198 20
5199 3
5200 3
5201 7
5202 3
5203 3
5204 7
5205 3
5206 3
5207 7
5208 2
5209 3
5210 5
5211 2
5212 4
5213 2
5214 14
5215 3
5216 3
5217 9
5218 3
5219 3
5220 7
5221 2
5222 3
5223 6
5224 2
5225 5
5226 2
5227 5
5228 2
5229 14
5230 2
5231 3
5232 7
5233 2
5234 3
5235 4
5236 2
5237 8
5238 2
5239 4
5240 2
5241 7
5242 2
5243 4
5244 2
5245 13
5246 2
5247 3
5248 5
5249 2
5250 4
5251 2
5252 10
5253 2
5254 3
5255 5
5256 2
5257 6
5258 2
5259 4
5260 2
5261 9
5262 2
5263 3
5264 4
5265 2
5266 15
5267 3
5268 3
5269 9
5270 3
5271 3
5272 8
5273 2
5274 3
5275 5
5276 2
5277 4
5278 2
5279 12
5280 2
5281 3
5282 9
5283 2
5284 5
5285 3
5286 5
5287 2
5288 8
5289 2
5290 4
5291 2
5292 9
5293 2
5294 3
5295 4
5296 2
5297 13
5298 3
5299 3
5300 8
5301 2
5302 3
5303 6
5304 2
5305 3
5306 4
5307 2
5308 9
5309 3
5310 3
5311 7
5312 2
5313 3
5314 5
5315 2
5316 4
5317 2
5318 23
5319 3
5320 3
5321 12
5322 3
5323 3
5324 13
5325 3
5326 3
5327 10
5328 2
5329 3
5330 8
5331 2
5332 3
5333 4
5334 2
5335 6
5336 2
5337 4
5338 2
5339 10
5340 2
5341 3
5342 5
5343 2
5344 4
5345 2
5346 17
5347 2
5348 3
5349 12
5350 2
5351 3
5352 6
5353 2
5354 7
5355 2
5356 5
5357 2
5358 8
5359 2
5360 4
5361 2
5362 11
5363 2
5364 3
5365 4
5366 2
5367 14
5368 2
5369 3
5370 7
5371 2
5372 8
5373 2
5374 7
5375 2
5376 9
5377 2
5378 5
5379 2
5380 10
5381 2
5382 4
5383 2
5384 17
5385 2
5386 3
5387 6
5388 2
5389 3
5390 4
5391 2
5392 14
5393 3
5394 3
5395 9
5396 2
5397 3
5398 5
5399 2
5400 5
5401 2
5402 15
5403 2
5404 8
5405 6
5406 8
5407 5
5408 8
5409 3
5410 9
5411 2
5412 10
5413 2
5414 24
5415 3
5416 3
5417 9
5418 2
5419 3
5420 6
5421 2
5422 3
5423 4
5424 2
5425 15
5426 2
5427 3
5428 11
5429 2
5430 3
5431 4
5432 2
5433 5
5434 2
5435 15
5436 2
5437 6
5438 6
5439 4
5440 6
5441 2
5442 7
5443 2
5444 9
5445 2
5446 13
5447 2
5448 5
5449 3
5450 5
5451 2
5452 8
5453 2
5454 4
5455 2
5456 8
5457 2
5458 4
5459 2
5460 16
5461 2
5462 3
5463 4
5464 2
5465 11
5466 2
5467 4
5468 5
5469 2
5470 5
5471 2
5472 14
5473 2
5474 5
5475 3
5476 5
5477 2
5478 6
5479 2
5480 14
5481 2
5482 4
5483 5
5484 2
5485 5
5486 2
5487 8
5488 2
5489 4
5490 2
5491 17
5492 2
5493 3
5494 5
5495 2
5496 6
5497 2
5498 4
5499 2
5500 22
5501 3
5502 3
5503 8
5504 3
5505 3
5506 7
5507 3
5508 3
5509 7
5510 2
5511 3
5512 5
5513 2
5514 4
5515 2
5516 11
5517 3
5518 3
5519 7
5520 3
5521 3
5522 7
5523 2
5524 3
5525 6
5526 2
5527 3
5528 4
5529 2
5530 23
5531 3
5532 3
5533 8
5534 3
5535 3
5536 8
5537 3
5538 3
5539 7
5540 3
5541 3
5542 8
5543 2
5544 3
5545 8
5546 2
5547 5
5548 3
5549 5
5550 2
5551 8
5552 2
5553 4
5554 2
5555 13
5556 3
5557 3
5558 7
5559 3
5560 3
5561 8
5562 2
5563 3
5564 7
5565 2
5566 3
5567 4
5568 2
5569 8
5570 2
5571 3
5572 4
5573 2
5574 29
5575 3
5576 3
5577 14
5578 3
5579 3
5580 11
5581 3
5582 3
5583 9
5584 3
5585 3
5586 9
5587 2
5588 3
5589 8
5590 2
5591 4
5592 5
5593 2
5594 5
5595 2
5596 11
5597 2
5598 3
5599 4
5600 2
5601 13
5602 2
5603 3
5604 9
5605 2
5606 3
5607 4
5608 2
5609 7
5610 2
5611 6
5612 2
5613 8
5614 2
5615 4
5616 2
5617 22
5618 3
5619 3
5620 11
5621 3
5622 3
5623 9
5624 2
5625 3
5626 6
5627 2
5628 4
5629 2
5630 5
5631 2
5632 12
5633 2
5634 3
5635 4
5636 2
5637 6
5638 2
5639 4
5640 2
5641 11
5642 2
5643 6
5644 4
5645 6
5646 2
5647 6
5648 2
5649 9
5650 2
5651 4
5652 2
5653 15
5654 2
5655 3
5656 5
5657 2
5658 5
5659 2
5660 11
5661 2
5662 5
5663 3
5664 5
5665 2
5666 7
5667 2
5668 4
5669 2
5670 9
5671 2
5672 5
5673 2
5674 5
5675 2
5676 15
5677 3
5678 3
5679 8
5680 2
5681 3
5682 5
5683 2
5684 4
5685 2
5686 10
5687 2
5688 3
5689 6
5690 2
5691 4
5692 2
5693 10
5694 2
5695 5
5696 3
5697 5
5698 2
5699 7
5700 2
5701 4
5702 2
5703 18
5704 3
5705 3
5706 10
5707 2
5708 3
5709 13
5710 2
5711 7
5712 5
5713 7
5714 4
5715 7
5716 2
5717 8
5718 2
5719 12
5720 2
5721 7
5722 2
5723 4
5724 2
5725 11
5726 2
5727 3
5728 4
5729 2
5730 15
5731 3
5732 3
5733 10
5734 2
5735 3
5736 10
5737 2
5738 6
5739 4
5740 6
5741 2
5742 6
5743 2
5744 15
5745 2
5746 6
5747 4
5748 6
5749 2
5750 6
5751 2
5752 15
5753 2
5754 6
5755 3
5756 5
5757 2
5758 6
5759 2
5760 12
5761 2
5762 3
5763 4
5764 2
5765 19
5766 3
5767 3
5768 8
5769 3
5770 3
5771 8
5772 2
5773 3
5774 6
5775 2
5776 3
5777 4
5778 2
5779 10
5780 2
5781 3
5782 7
5783 2
5784 3
5785 5
5786 2
5787 6
5788 2
5789 4
5790 2
5791 20
5792 3
5793 3
5794 10
5795 3
5796 3
5797 10
5798 3
5799 3
5800 9
5801 2
5802 3
5803 5
5804 2
5805 4
5806 2
5807 14
5808 2
5809 3
5810 6
5811 2
5812 7
5813 2
5814 6
5815 2
5816 8
5817 2
5818 4
5819 2
5820 13
5821 2
5822 6
5823 3
5824 5
5825 2
5826 6
5827 2
5828 16
5829 2
5830 3
5831 5
5832 2
5833 4
5834 2
5835 10
5836 2
5837 4
5838 5
5839 2
5840 5
5841 2
5842 13
5843 2
5844 5
5845 6
5846 4
5847 6
5848 2
5849 7
5850 2
5851 17
5852 2
5853 3
5854 6
5855 2
5856 4
5857 2
5858 8
5859 2
5860 5
5861 2
5862 5
5863 2
5864 18
5865 3
5866 3
5867 7
5868 3
5869 3
5870 7
5871 3
5872 3
5873 8
5874 2
5875 3
5876 6
5877 2
5878 4
5879 2
5880 7
5881 2
5882 4
5883 2
5884 22
5885 3
5886 3
5887 9
5888 3
5889 3
5890 9
5891 3
5892 3
5893 11
5894 3
5895 3
5896 10
5897 2
5898 3
5899 9
5900 2
5901 4
5902 5
5903 2
5904 5
5905 2
5906 11
5907 2
5908 5
5909 3
5910 5
5911 2
5912 14
5913 2
5914 3
5915 4
5916 2
5917 7
5918 2
5919 4
5920 2
5921 9
5922 2
5923 4
5924 2
5925 5
5926 2
5927 10
5928 2
5929 5
5930 2
5931 5
5932 2
5933 18
5934 3
5935 3
5936 7
5937 3
5938 3
5939 7
5940 2
5941 3
5942 6
5943 2
5944 5
5945 2
5946 5
5947 2
5948 15
5949 3
5950 3
5951 7
5952 3
5953 3
5954 7
5955 3
5956 3
5957 7
5958 2
5959 3
5960 5
5961 2
5962 4
5963 2
5964 19
5965 3
5966 3
5967 7
5968 3
5969 3
5970 7
5971 3
5972 3
5973 8
5974 3
5975 3
5976 8
5977 2
5978 3
5979 10
5980 2
5981 5
5982 6
5983 3
5984 5
5985 2
5986 7
5987 2
5988 11
5989 2
5990 3
5991 4
5992 2
5993 20
5994 3
5995 3
5996 12
5997 3
5998 3
5999 12
6000 3
6001 3
6002 9
6003 3
6004 3
6005 7
6006 2
6007 3
6008 8
6009 2
6010 6
6011 3
6012 6
6013 2
6014 6
6015 2
6016 16
6017 2
6018 3
6019 7
6020 2
6021 3
6022 4
6023 2
6024 7
6025 2
6026 4
6027 2
6028 5
6029 2
6030 10
6031 2
6032 3
6033 5
6034 2
6035 4
6036 2
6037 9
6038 2
6039 3
6040 5
6041 2
6042 6
6043 2
6044 4
6045 2
6046 20
6047 2
6048 3
6049 10
6050 2
6051 3
6052 4
6053 2
6054 6
6055 2
6056 7
6057 2
6058 5
6059 2
6060 10
6061 2
6062 4
6063 2
6064 9
6065 2
6066 5
6067 2
6068 5
6069 2
6070 12
6071 2
6072 3
6073 5
6074 2
6075 4
6076 2
6077 9
6078 2
6079 3
6080 5
6081 2
6082 6
6083 2
6084 4
6085 2
6086 20
6087 3
6088 3
6089 10
6090 3
6091 3
6092 9
6093 2
6094 3
6095 7
6096 2
6097 4
6098 5
6099 2
6100 5
6101 2
6102 14
6103 2
6104 3
6105 5
6106 2
6107 4
6108 2
6109 14
6110 2
6111 3
6112 4
6113 2
6114 6
6115 2
6116 4
6117 2
6118 10
6119 2
6120 4
6121 5
6122 2
6123 5
6124 2
6125 10
6126 2
6127 5
6128 2
6129 5
6130 2
6131 14
6132 2
6133 3
6134 6
6135 2
6136 3
6137 4
6138 2
6139 16
6140 3
6141 3
6142 7
6143 3
6144 3
6145 7
6146 2
6147 3
6148 7
6149 2
6150 3
6151 5
6152 2
6153 6
6154 2
6155 4
6156 2
6157 17
6158 3
6159 3
6160 8
6161 3
6162 3
6163 7
6164 3
6165 3
6166 8
6167 2
6168 3
6169 5
6170 2
6171 4
6172 2
6173 9
6174 2
6175 3
6176 5
6177 2
6178 5
6179 2
6180 15
6181 3
6182 3
6183 11
6184 3
6185 3
6186 9
6187 2
6188 3
6189 6
6190 2
6191 4
6192 2
6193 5
6194 2
6195 10
6196 2
6197 3
6198 4
6199 2
6200 6
6201 2
6202 4
6203 2
6204 14
6205 2
6206 3
6207 8
6208 2
6209 3
6210 4
6211 2
6212 5
6213 2
6214 12
6215 2
6216 7
6217 5
6218 7
6219 4
6220 7
6221 2
6222 8
6223 2
6224 19
6225 2
6226 3
6227 6
6228 2
6229 4
6230 2
6231 5
6232 2
6233 11
6234 2
6235 3
6236 4
6237 2
6238 5
6239 2
6240 7
6241 2
6242 4
6243 2
6244 6
6245 2
6246 4
6247 2
6248 10
6249 2
6250 3
6251 4
6252 2
6253 12
6254 2
6255 3
6256 7
6257 2
6258 3
6259 5
6260 2
6261 5
6262 2
6263 25
6264 3
6265 3
6266 9
6267 3
6268 3
6269 9
6270 3
6271 3
6272 7
6273 3
6274 3
6275 8
6276 2
6277 3
6278 6
6279 2
6280 4
6281 2
6282 7
6283 2
6284 4
6285 2
6286 15
6287 3
6288 3
6289 10
6290 3
6291 3
6292 9
6293 2
6294 3
6295 5
6296 2
6297 4
6298 2
6299 12
6300 2
6301 3
6302 4
6303 2
6304 10
6305 2
6306 5
6307 3
6308 5
6309 2
6310 6
6311 2
6312 10
6313 2
6314 5
6315 3
6316 5
6317 2
6318 10
6319 2
6320 5
6321 2
6322 5
6323 2
6324 15
6325 3
6326 3
6327 7
6328 2
6329 3
6330 5
6331 2
6332 4
6333 2
6334 16
6335 3
6336 3
6337 8
6338 3
6339 3
6340 8
6341 2
6342 3
6343 7
6344 2
6345 3
6346 4
6347 2
6348 6
6349 2
6350 4
6351 2
6352 13
6353 2
6354 3
6355 7
6356 2
6357 3
6358 4
6359 2
6360 10
6361 2
6362 6
6363 3
6364 5
6365 2
6366 6
6367 2
6368 13
6369 2
6370 3
6371 5
6372 2
6373 5
6374 2
6375 9
6376 2
6377 4
6378 2
6379 5
6380 2
6381 8
6382 2
6383 3
6384 4
6385 2
6386 24
6387 3
6388 3
6389 12
6390 3
6391 3
6392 10
6393 3
6394 3
6395 7
6396 3
6397 3
6398 7
6399 2
6400 3
6401 5
6402 2
6403 4
6404 2
6405 14
6406 3
6407 3
6408 9
6409 2
6410 3
6411 9
6412 2
6413 4
6414 5
6415 2
6416 5
6417 2
6418 13
6419 2
6420 6
6421 3
6422 5
6423 2
6424 6
6425 2
6426 11
6427 2
6428 3
6429 4
6430 2
6431 17
6432 3
6433 3
6434 7
6435 2
6436 3
6437 7
6438 2
6439 3
6440 5
6441 2
6442 5
6443 2
6444 12
6445 2
6446 3
6447 7
6448 2
6449 3
6450 4
6451 2
6452 11
6453 2
6454 3
6455 4
6456 2
6457 7
6458 2
6459 5
6460 2
6461 7
6462 2
6463 4
6464 2
6465 16
6466 3
6467 3
6468 7
6469 2
6470 3
6471 5
6472 2
6473 4
6474 2
6475 12
6476 2
6477 3
6478 7
6479 2
6480 3
6481 4
6482 2
6483 8
6484 2
6485 4
6486 2
6487 7
6488 2
6489 4
6490 2
6491 15
6492 2
6493 3
6494 7
6495 2
6496 3
6497 5
6498 2
6499 6
6500 2
6501 4
6502 2
6503 20
6504 3
6505 3
6506 7
6507 3
6508 3
6509 7
6510 3
6511 3
6512 7
6513 2
6514 3
6515 5
6516 2
6517 4
6518 2
6519 14
6520 3
6521 3
6522 9
6523 3
6524 3
6525 7
6526 2
6527 3
6528 6
6529 2
6530 5
6531 2
6532 5
6533 2
6534 14
6535 2
6536 3
6537 7
6538 2
6539 3
6540 4
6541 2
6542 8
6543 2
6544 4
6545 2
6546 7
6547 2
6548 4
6549 2
6550 13
6551 2
6552 3
6553 5
6554 2
6555 4
6556 2
6557 10
6558 2
6559 3
6560 5
6561 2
6562 6
6563 2
6564 4
6565 2
6566 9
6567 2
6568 3
6569 4
6570 2
6571 15
6572 3
6573 3
6574 9
6575 3
6576 3
6577 8
6578 2
6579 3
6580 5
6581 2
6582 4
6583 2
6584 12
6585 2
6586 3
6587 9
6588 2
6589 5
6590 3
6591 5
6592 2
6593 8
6594 2
6595 4
6596 2
6597 9
6598 2
6599 3
6600 4
6601 2
6602 13
6603 3
6604 3
6605 8
6606 2
6607 3
6608 6
6609 2
6610 3
6611 4
6612 2
6613 9
6614 3
6615 3
6616 7
6617 2
6618 3
6619 5
6620 2
6621 4
6622 2
6623 23
6624 3
6625 3
6626 12
6627 3
6628 3
6629 13
6630 3
6631 3
6632 10
6633 2
6634 3
6635 8
6636 2
6637 3
6638 4
6639 2
6640 6
6641 2
6642 4
6643 2
6644 10
6645 2
6646 3
6647 5
6648 2
6649 4
6650 2
6651 17
6652 2
6653 3
6654 12
6655 2
6656 3
6657 6
6658 2
6659 7
6660 2
6661 5
6662 2
6663 8
6664 2
6665 4
6666 2
6667 11
6668 2
6669 3
6670 4
6671 2
6672 14
6673 2
6674 3
6675 7
6676 2
6677 8
6678 2
6679 7
6680 2
6681 9
6682 2
6683 5
6684 2
6685 10
6686 2
6687 4
6688 2
6689 17
6690 2
6691 3
6692 6
6693 2
6694 3
6695 4
6696 2
6697 14
6698 3
6699 3
6700 9
6701 2
6702 3
6703 5
6704 2
6705 5
6706 2
6707 15
6708 2
6709 8
6710 6
6711 8
6712 5
6713 8
6714 3
6715 9
6716 2
6717 10
6718 2
6719 24
6720 3
6721 3
6722 9
6723 2
6724 3
6725 6
6726 2
6727 3
6728 4
6729 2
6730 15
6731 2
6732 3
6733 11
6734 2
6735 3
6736 4
6737 2
6738 5
6739 2
6740 15
6741 2
6742 6
6743 6
6744 4
6745 6
6746 2
6747 7
6748 2
6749 9
6750 2
6751 13
6752 2
6753 5
6754 3
6755 5
6756 2
6757 8
6758 2
6759 4
6760 2
6761 8
6762 2
6763 4
6764 2
6765 16
6766 2
6767 3
6768 4
6769 2
6770 11
6771 2
6772 4
6773 5
6774 2
6775 5
6776 2
6777 14
6778 2
6779 5
6780 3
6781 5
6782 2
6783 6
6784 2
6785 14
6786 2
6787 4
6788 5
6789 2
6790 5
6791 2
6792 8
6793 2
6794 4
6795 2
6796 17
6797 2
6798 3
6799 5
6800 2
6801 6
6802 2
6803 4
6804 2
6805 22
6806 3
6807 3
6808 8
6809 3
6810 3
6811 7
6812 3
6813 3
6814 7
6815 2
6816 3
6817 5
6818 2
6819 4
6820 2
6821 11
6822 3
6823 3
6824 7
6825 3
6826 3
6827 7
6828 2
6829 3
6830 6
6831 2
6832 3
6833 4
6834 2
6835 23
6836 3
6837 3
6838 8
6839 3
6840 3
6841 8
6842 3
6843 3
6844 7
6845 3
6846 3
6847 8
6848 2
6849 3
6850 8
6851 2
6852 5
6853 3
6854 5
6855 2
6856 8
6857 2
6858 4
6859 2
6860 13
6861 3
6862 3
6863 7
6864 3
6865 3
6866 8
6867 2
6868 3
6869 7
6870 2
6871 3
6872 4
6873 2
6874 8
6875 2
6876 3
6877 4
6878 2
6879 28
6880 3
6881 3
6882 14
6883 3
6884 3
6885 11
6886 3
6887 3
6888 9
6889 3
6890 3
6891 9
6892 2
6893 3
6894 8
6895 2
6896 4
6897 5
6898 2
6899 5
6900 2
6901 11
6902 2
6903 3
6904 4
6905 2
6906 13
6907 2
6908 3
6909 9
6910 2
6911 3
6912 4
6913 2
6914 7
6915 2
6916 6
6917 2
6918 8
6919 2
6920 4
6921 2
6922 22
6923 3
6924 3
6925 11
6926 3
6927 3
6928 9
6929 2
6930 3
6931 6
6932 2
6933 4
6934 2
6935 5
6936 2
6937 12
6938 2
6939 3
6940 4
6941 2
6942 6
6943 2
6944 4
6945 2
6946 11
6947 2
6948 6
6949 4
6950 6
6951 2
6952 6
6953 2
6954 9
6955 2
6956 4
6957 2
6958 15
6959 2
6960 3
6961 5
6962 2
6963 5
6964 2
6965 11
6966 2
6967 5
6968 3
6969 5
6970 2
6971 7
6972 2
6973 4
6974 2
6975 9
6976 2
6977 5
6978 2
6979 5
6980 2
6981 15
6982 3
6983 3
6984 8
6985 2
6986 3
6987 5
6988 2
6989 4
6990 2
6991 10
6992 2
6993 3
6994 6
6995 2
6996 4
6997 2
6998 10
6999 2
7000 5
7001 3
7002 5
7003 2
7004 7
7005 2
7006 4
7007 2
7008 18
7009 3
7010 3
7011 10
7012 2
7013 3
7014 13
7015 2
7016 7
7017 5
7018 7
7019 4
7020 7
7021 2
7022 8
7023 2
7024 12
7025 2
7026 7
7027 2
7028 4
7029 2
7030 11
7031 2
7032 3
7033 4
7034 2
7035 15
7036 3
7037 3
7038 10
7039 2
7040 3
7041 10
7042 2
7043 6
7044 4
7045 6
7046 2
7047 6
7048 2
7049 15
7050 2
7051 6
7052 4
7053 6
7054 2
7055 6
7056 2
7057 15
7058 2
7059 6
7060 3
7061 5
7062 2
7063 6
7064 2
7065 12
7066 2
7067 3
7068 4
7069 2
7070 19
7071 3
7072 3
7073 8
7074 3
7075 3
7076 8
7077 2
7078 3
7079 6
7080 2
7081 3
7082 4
7083 2
7084 10
7085 2
7086 3
7087 7
7088 2
7089 3
7090 5
7091 2
7092 6
7093 2
7094 4
7095 2
7096 20
7097 3
7098 3
7099 10
7100 3
7101 3
7102 10
7103 3
7104 3
7105 9
7106 2
7107 3
7108 5
7109 2
7110 4
7111 2
7112 14
7113 2
7114 3
7115 6
7116 2
7117 7
7118 2
7119 6
7120 2
7121 8
7122 2
7123 4
7124 2
7125 13
7126 2
7127 6
7128 3
7129 5
7130 2
7131 6
7132 2
7133 16
7134 2
7135 3
7136 5
7137 2
7138 4
7139 2
7140 10
7141 2
7142 4
7143 5
7144 2
7145 5
7146 2
7147 13
7148 2
7149 5
7150 6
7151 4
7152 6
7153 2
7154 7
7155 2
7156 17
7157 2
7158 3
7159 6
7160 2
7161 4
7162 2
7163 8
7164 2
7165 5
7166 2
7167 5
7168 2
7169 18
7170 3
7171 3
7172 7
7173 3
7174 3
7175 7
7176 3
7177 3
7178 8
7179 2
7180 3
7181 6
7182 2
7183 4
7184 2
7185 7
7186 2
7187 4
7188 2
7189 20
7190 3
7191 3
7192 9
7193 3
7194 3
7195 9
7196 3
7197 3
7198 11
7199 3
7200 3
7201 10
7202 2
7203 3
7204 9
7205 2
7206 4
7207 5
7208 2
7209 5
7210 2
7211 11
7212 2
7213 5
7214 3
7215 5
7216 2
7217 14
7218 2
7219 3
7220 4
7221 2
7222 7
7223 2
7224 4
7225 2
7226 9
7227 2
7228 4
7229 2
7230 5
7231 2
7232 10
7233 2
7234 5
7235 2
7236 5
7237 2
7238 18
7239 3
7240 3
7241 7
7242 3
7243 3
7244 7
7245 2
7246 3
7247 6
7248 2
7249 5
7250 2
7251 5
7252 2
7253 15
7254 3
7255 3
7256 7
7257 3
7258 3
7259 7
7260 3
7261 3
7262 7
7263 2
7264 3
7265 5
7266 2
7267 4
7268 2
7269 16
7270 3
7271 3
7272 7
7273 3
7274 3
7275 7
7276 3
7277 3
7278 8
7279 3
7280 3
7281 8
7282 2
7283 3
7284 10
7285 2
7286 5
7287 6
7288 3
7289 5
7290 2
7291 7
7292 2
7293 11
7294 2
7295 3
7296 4
7297 2
7298 17
7299 3
7300 3
7301 11
7302 3
7303 3
7304 11
7305 3
7306 3
7307 9
7308 3
7309 3
7310 7
7311 2
7312 3
7313 8
7314 2
7315 6
7316 3
7317 6
7318 2
7319 6
7320 2
7321 16
7322 2
7323 3
7324 7
7325 2
7326 3
7327 4
7328 2
7329 7
7330 2
7331 4
7332 2
7333 5
7334 2
7335 10
7336 2
7337 3
7338 5
7339 2
7340 4
7341 2
7342 9
7343 2
7344 3
7345 5
7346 2
7347 6
7348 2
7349 4
7350 2
7351 20
7352 2
7353 3
7354 10
7355 2
7356 3
7357 4
7358 2
7359 6
7360 2
7361 7
7362 2
7363 5
7364 2
7365 10
7366 2
7367 4
7368 2
7369 9
7370 2
7371 5
7372 2
7373 5
7374 2
7375 12
7376 2
7377 3
7378 5
7379 2
7380 4
7381 2
7382 9
7383 2
7384 3
7385 5
7386 2
7387 6
7388 2
7389 4
7390 2
7391 20
7392 3
7393 3
7394 10
7395 3
7396 3
7397 9
7398 2
7399 3
7400 7
7401 2
7402 4
7403 5
7404 2
7405 5
7406 2
7407 14
7408 2
7409 3
7410 5
7411 2
7412 4
7413 2
7414 14
7415 2
7416 3
7417 4
7418 2
7419 6
7420 2
7421 4
7422 2
7423 10
7424 2
7425 4
7426 5
7427 2
7428 5
7429 2
7430 10
7431 2
7432 5
7433 2
7434 5
7435 2
7436 14
7437 2
7438 3
7439 6
7440 2
7441 3
7442 4
7443 2
7444 16
7445 3
7446 3
7447 7
7448 3
7449 3
7450 7
7451 2
7452 3
7453 7
7454 2
7455 3
7456 5
7457 2
7458 6
7459 2
7460 4
7461 2
7462 16
7463 3
7464 3
7465 7
7466 3
7467 3
7468 7
7469 3
7470 3
7471 8
7472 2
7473 3
7474 5
7475 2
7476 4
7477 2
7478 9
7479 2
7480 3
7481 5
7482 2
7483 5
7484 2
7485 11
7486 3
7487 3
7488 6
7489 3
7490 3
7491 5
7492 2
7493 2
