0, 2
1, 2
2, 5
3, 2
4, 4
5, 2
6, 7
7, 3
8, 3
9, 6
10, 3
11, 3
12, 19
13, 7
14, 7
15, 7
16, 7
17, 7
18, 7
19, 8
20, 4
21, 2
22, 5
23, 2
24, 6
25, 3
26, 3
27, 8
28, 4
29, 4
30, 4
31, 14
32, 6
33, 6
34, 6
35, 6
36, 6
37, 8
38, 2
39, 9
40, 4
41, 4
42, 4
43, 8
44, 2
45, 3
46, 4
47, 2
48, 8
49, 3
50, 3
51, 6
52, 3
53, 3
54, 14
55, 5
56, 5
57, 4
58, 5
59, 9
60, 3
61, 3
62, 7
63, 2
64, 5
65, 2
66, 6
67, 2
68, 12
69, 3
70, 3
71, 4
72, 4
73, 2
74, 10
75, 3
76, 3
77, 4
78, 6
79, 2
80, 4
81, 2
82, 7
83, 3
84, 3
85, 18
86, 7
87, 7
88, 7
89, 7
90, 7
91, 7
92, 20
93, 6
94, 6
95, 6
96, 5
97, 6
98, 9
99, 2
100, 4
101, 2
102, 6
103, 2
104, 7
105, 3
106, 3
107, 13
108, 3
109, 3
110, 5
111, 2
112, 11
113, 2
114, 4
115, 5
116, 3
117, 5
118, 2
119, 9
120, 2
121, 4
122, 2
123, 10
124, 2
125, 3
126, 13
127, 2
128, 3
129, 10
130, 2
131, 4
132, 2
133, 9
134, 2
135, 9
136, 2
137, 6
138, 2
139, 10
140, 2
141, 4
142, 2
143, 13
144, 3
145, 3
146, 23
147, 6
148, 6
149, 6
150, 6
151, 6
152, 12
153, 2
154, 3
155, 5
156, 2
157, 7
158, 2
159, 4
160, 2
161, 10
162, 3
163, 3
164, 5
165, 2
166, 13
167, 6
168, 6
169, 6
170, 5
171, 6
172, 8
173, 3
174, 3
175, 8
176, 4
177, 4
178, 4
179, 25
180, 7
181, 7
182, 7
183, 7
184, 7
185, 7
186, 12
187, 5
188, 7
189, 2
190, 6
191, 2
192, 8
193, 2
194, 9
195, 3
196, 3
197, 12
198, 5
199, 5
200, 5
201, 5
202, 9
203, 2
204, 3
205, 6
206, 3
207, 3
208, 10
209, 4
210, 4
211, 4
212, 7
213, 2
214, 4
215, 2
216, 16
217, 6
218, 6
219, 6
220, 6
221, 6
222, 9
223, 3
224, 3
225, 13
226, 5
227, 5
228, 5
229, 5
230, 9
231, 3
232, 3
233, 10
234, 3
235, 3
236, 6
237, 2
238, 5
239, 2
240, 8
241, 3
242, 3
243, 15
244, 5
245, 5
246, 5
247, 5
248, 7
249, 5
250, 2
251, 5
252, 2
253, 18
254, 6
255, 6
256, 6
257, 6
258, 6
259, 8
260, 5
261, 2
262, 5
263, 2
264, 10
265, 4
266, 4
267, 4
268, 8
269, 2
270, 3
271, 4
272, 2
273, 31
274, 8
275, 8
276, 8
277, 8
278, 8
279, 8
280, 8
281, 11
282, 6
283, 3
284, 6
285, 2
286, 7
287, 2
288, 16
289, 3
290, 3
291, 6
292, 6
293, 4
294, 6
295, 2
296, 7
297, 2
298, 10
299, 2
300, 4
301, 2
302, 12
303, 3
304, 3
305, 6
306, 3
307, 5
308, 2
309, 7
310, 3
311, 3
312, 15
313, 5
314, 5
315, 4
316, 5
317, 7
318, 3
319, 3
320, 10
321, 4
322, 4
323, 4
324, 6
325, 2
326, 7
327, 4
328, 4
329, 4
330, 15
331, 4
332, 4
333, 4
334, 6
335, 2
336, 5
337, 2
338, 6
339, 3
340, 3
341, 8
342, 4
343, 4
344, 4
345, 18
346, 4
347, 4
348, 4
349, 5
350, 4
351, 2
352, 6
353, 3
354, 3
355, 10
356, 3
357, 3
358, 5
359, 2
360, 7
361, 3
362, 3
363, 9
364, 3
365, 3
366, 5
367, 2
368, 14
369, 4
370, 4
371, 4
372, 6
373, 2
374, 5
375, 2
376, 7
377, 3
378, 3
379, 6
380, 2
381, 4
382, 2
383, 12
384, 4
385, 4
386, 4
387, 6
388, 2
389, 9
390, 3
391, 3
392, 4
393, 4
394, 2
395, 8
396, 4
397, 4
398, 4
399, 29
400, 6
401, 6
402, 6
403, 6
404, 6
405, 15
406, 3
407, 3
408, 7
409, 4
410, 6
411, 2
412, 6
413, 2
414, 13
415, 3
416, 3
417, 5
418, 2
419, 6
420, 3
421, 3
422, 10
423, 4
424, 4
425, 4
426, 16
427, 5
428, 5
429, 4
430, 5
431, 9
432, 3
433, 3
434, 5
435, 2
436, 7
437, 3
438, 3
439, 18
440, 5
441, 4
442, 4
443, 5
444, 6
445, 2
446, 6
447, 2
448, 4
449, 2
450, 12
451, 4
452, 4
453, 4
454, 6
455, 2
456, 12
457, 4
458, 4
459, 4
460, 6
461, 2
462, 9
463, 2
464, 6
465, 4
466, 6
467, 2
468, 6
469, 2
470, 12
471, 4
472, 3
473, 4
474, 6
475, 3
476, 3
477, 16
478, 4
479, 4
480, 4
481, 6
482, 2
483, 8
484, 3
485, 3
486, 4
487, 4
488, 2
489, 10
490, 4
491, 4
492, 4
493, 7
494, 3
495, 3
496, 16
497, 4
498, 4
499, 4
500, 9
501, 2
502, 6
503, 2
504, 7
505, 2
506, 4
507, 2
508, 9
509, 3
510, 3
511, 9
512, 4
513, 4
514, 4
515, 19
516, 5
517, 5
518, 5
519, 5
520, 7
521, 2
522, 9
523, 5
524, 5
525, 4
526, 5
527, 7
528, 3
529, 3
530, 25
531, 6
532, 6
533, 6
534, 5
535, 6
536, 10
537, 2
538, 3
539, 5
540, 2
541, 5
542, 2
543, 10
544, 3
545, 3
546, 5
547, 2
548, 6
549, 3
550, 3
551, 12
552, 4
553, 4
554, 4
555, 6
556, 2
557, 8
558, 3
559, 3
560, 5
561, 2
562, 9
563, 3
564, 3
565, 5
566, 2
567, 6
568, 3
569, 3
570, 14
571, 5
572, 5
573, 5
574, 5
575, 12
576, 5
577, 5
578, 5
579, 5
580, 10
581, 3
582, 3
583, 5
584, 2
585, 6
586, 3
587, 3
588, 12
589, 5
590, 5
591, 5
592, 5
593, 20
594, 5
595, 5
596, 5
597, 5
598, 8
599, 2
600, 5
601, 2
602, 8
603, 3
604, 3
605, 5
606, 2
607, 14
608, 4
609, 4
610, 4
611, 5
612, 4
613, 2
614, 10
615, 3
616, 3
617, 7
618, 2
619, 3
620, 7
621, 2
622, 3
623, 12
624, 3
625, 3
626, 9
627, 2
628, 3
629, 7
630, 2
631, 3
632, 7
633, 2
634, 3
635, 11
636, 3
637, 3
638, 6
639, 2
640, 4
641, 2
642, 21
643, 5
644, 5
645, 5
646, 5
647, 8
648, 2
649, 4
650, 2
651, 9
652, 3
653, 3
654, 4
655, 4
656, 2
657, 8
658, 4
659, 4
660, 4
661, 11
662, 4
663, 4
664, 4
665, 6
666, 2
667, 6
668, 3
669, 3
670, 14
671, 5
672, 5
673, 5
674, 5
675, 11
676, 4
677, 3
678, 4
679, 6
680, 3
681, 3
682, 9
683, 4
684, 4
685, 4
686, 13
687, 4
688, 4
689, 4
690, 6
691, 2
692, 6
693, 3
694, 3
695, 10
696, 4
697, 4
698, 4
699, 6
700, 2
701, 19
702, 5
703, 5
704, 5
705, 5
706, 6
707, 4
708, 2
709, 6
710, 3
711, 3
712, 17
713, 6
714, 6
715, 5
716, 5
717, 6
718, 6
719, 2
720, 7
721, 2
722, 3
723, 7
724, 2
725, 3
726, 4
727, 2
728, 21
729, 7
730, 7
731, 7
732, 7
733, 6
734, 7
735, 11
736, 2
737, 4
738, 5
739, 2
740, 5
741, 2
742, 12
743, 4
744, 4
745, 4
746, 8
747, 3
748, 3
749, 7
750, 3
751, 3
752, 14
753, 5
754, 5
755, 5
756, 5
757, 6
758, 4
759, 2
760, 9
761, 4
762, 4
763, 4
764, 5
765, 4
766, 2
767, 26
768, 10
769, 10
770, 10
771, 10
772, 10
773, 10
774, 10
775, 10
776, 10
777, 13
778, 2
779, 6
780, 2
781, 4
782, 2
783, 10
784, 4
785, 3
786, 4
787, 6
788, 3
789, 3
790, 16
791, 6
792, 6
793, 6
794, 6
795, 6
796, 8
797, 2
798, 9
799, 4
800, 4
801, 4
802, 7
803, 3
804, 3
805, 9
806, 3
807, 3
808, 5
809, 2
810, 6
811, 2
812, 4
813, 2
814, 15
815, 5
816, 5
817, 5
818, 5
819, 11
820, 3
821, 3
822, 5
823, 2
824, 8
825, 3
826, 3
827, 10
828, 3
829, 3
830, 5
831, 2
832, 6
833, 3
834, 3
835, 17
836, 5
837, 5
838, 5
839, 5
840, 9
841, 2
842, 6
843, 2
844, 7
845, 2
846, 4
847, 2
848, 11
849, 3
850, 3
851, 4
852, 4
853, 2
854, 15
855, 6
856, 6
857, 6
858, 6
859, 6
860, 8
861, 2
862, 9
863, 6
864, 6
865, 6
866, 6
867, 6
868, 25
869, 6
870, 6
871, 6
872, 6
873, 6
874, 8
875, 5
876, 2
877, 5
878, 2
879, 16
880, 5
881, 5
882, 4
883, 5
884, 8
885, 2
886, 3
887, 6
888, 2
889, 4
890, 2
891, 9
892, 4
893, 4
894, 4
895, 19
896, 5
897, 5
898, 4
899, 5
900, 11
901, 2
902, 3
903, 5
904, 2
905, 5
906, 2
907, 9
908, 2
909, 3
910, 7
911, 2
912, 3
913, 4
914, 2
915, 10
916, 3
917, 3
918, 6
919, 2
920, 4
921, 2
922, 12
923, 4
924, 4
925, 4
926, 9
927, 3
928, 3
929, 5
930, 2
931, 7
932, 3
933, 3
934, 13
935, 4
936, 4
937, 4
938, 6
939, 2
940, 11
941, 4
942, 4
943, 4
944, 8
945, 2
946, 5
947, 2
948, 8
949, 2
950, 3
951, 4
952, 2
953, 11
954, 4
955, 4
956, 4
957, 9
958, 3
959, 3
960, 5
961, 2
962, 8
963, 3
964, 3
965, 5
966, 2
967, 17
968, 5
969, 5
970, 4
971, 5
972, 7
973, 3
974, 3
975, 9
976, 4
977, 4
978, 4
979, 8
980, 3
981, 3
982, 6
983, 2
984, 4
985, 2
986, 15
987, 5
988, 5
989, 5
990, 5
991, 11
992, 3
993, 3
994, 4
995, 6
996, 2
997, 4
998, 2
999, 9
1000, 2
1001, 4
1002, 5
1003, 2
1004, 5
1005, 2
1006, 19
1007, 5
1008, 5
1009, 5
1010, 5
1011, 7
1012, 2
1013, 10
1014, 5
1015, 5
1016, 5
1017, 5
1018, 8
1019, 3
1020, 3
1021, 9
1022, 3
1023, 3
1024, 6
1025, 2
1026, 5
1027, 2
1028, 17
1029, 5
1030, 5
1031, 5
1032, 5
1033, 7
1034, 2
1035, 10
1036, 2
1037, 6
1038, 4
1039, 6
1040, 2
1041, 6
1042, 2
1043, 10
1044, 3
1045, 3
1046, 10
1047, 4
1048, 4
1049, 4
1050, 6
1051, 2
1052, 12
1053, 5
1054, 5
1055, 5
1056, 5
1057, 9
1058, 3
1059, 3
1060, 6
1061, 3
1062, 3
1063, 11
1064, 3
1065, 3
1066, 5
1067, 2
1068, 8
1069, 2
1070, 3
1071, 4
1072, 2
1073, 7
1074, 3
1075, 3
1076, 16
1077, 5
1078, 5
1079, 5
1080, 5
1081, 14
1082, 3
1083, 3
1084, 6
1085, 2
1086, 6
1087, 2
1088, 5
1089, 2
1090, 11
1091, 2
1092, 5
1093, 3
1094, 5
1095, 2
1096, 11
1097, 2
1098, 3
1099, 6
1100, 2
1101, 4
1102, 2
1103, 7
1104, 2
1105, 4
1106, 2
1107, 14
1108, 3
1109, 3
1110, 4
1111, 4
1112, 2
1113, 8
1114, 3
1115, 3
1116, 6
1117, 2
1118, 5
1119, 2
1120, 15
1121, 5
1122, 5
1123, 4
1124, 5
1125, 9
1126, 2
1127, 4
1128, 2
1129, 6
1130, 2
1131, 7
1132, 3
1133, 3
1134, 22
1135, 8
1136, 8
1137, 8
1138, 8
1139, 7
1140, 7
1141, 8
1142, 8
1143, 2
1144, 9
1145, 2
1146, 5
1147, 3
1148, 5
1149, 2
1150, 8
1151, 3
1152, 3
1153, 23
1154, 9
1155, 9
1156, 9
1157, 9
1158, 9
1159, 9
1160, 9
1161, 9
1162, 11
1163, 2
1164, 8
1165, 2
1166, 5
1167, 3
1168, 5
1169, 2
1170, 10
1171, 4
1172, 3
1173, 4
1174, 8
1175, 3
1176, 3
1177, 7
1178, 2
1179, 4
1180, 2
1181, 7
1182, 2
1183, 4
1184, 2
1185, 14
1186, 6
1187, 6
1188, 6
1189, 6
1190, 6
1191, 8
1192, 2
1193, 23
1194, 7
1195, 7
1196, 7
1197, 7
1198, 7
1199, 7
1200, 11
1201, 2
1202, 5
1203, 2
1204, 8
1205, 2
1206, 5
1207, 2
1208, 5
1209, 2
1210, 16
1211, 5
1212, 5
1213, 5
1214, 5
1215, 7
1216, 2
1217, 8
1218, 2
1219, 3
1220, 8
1221, 2
1222, 3
1223, 4
1224, 2
1225, 8
1226, 3
1227, 3
1228, 12
1229, 5
1230, 5
1231, 5
1232, 5
1233, 19
1234, 6
1235, 6
1236, 5
1237, 5
1238, 6
1239, 9
1240, 2
1241, 4
1242, 2
1243, 8
1244, 2
1245, 4
1246, 2
1247, 7
1248, 2
1249, 4
1250, 2
1251, 9
1252, 3
1253, 3
1254, 12
1255, 3
1256, 3
1257, 6
1258, 3
1259, 5
1260, 2
1261, 7
1262, 3
1263, 3
1264, 13
1265, 5
1266, 5
1267, 5
1268, 5
1269, 7
1270, 2
1271, 11
1272, 4
1273, 4
1274, 4
1275, 7
1276, 2
1277, 5
1278, 2
1279, 13
1280, 3
1281, 3
1282, 5
1283, 2
1284, 6
1285, 2
1286, 6
1287, 2
1288, 5
1289, 2
1290, 11
1291, 2
1292, 3
1293, 4
1294, 2
1295, 6
1296, 2
1297, 4
1298, 2
1299, 10
1300, 2
1301, 3
1302, 5
1303, 2
1304, 4
1305, 2
1306, 21
1307, 6
1308, 6
1309, 6
1310, 6
1311, 6
1312, 10
1313, 2
1314, 5
1315, 2
1316, 8
1317, 2
1318, 3
1319, 4
1320, 2
1321, 22
1322, 6
1323, 6
1324, 6
1325, 6
1326, 6
1327, 11
1328, 2
1329, 4
1330, 2
1331, 10
1332, 2
1333, 6
1334, 4
1335, 6
1336, 2
1337, 6
1338, 2
1339, 12
1340, 3
1341, 3
1342, 6
1343, 3
1344, 3
1345, 20
1346, 5
1347, 4
1348, 4
1349, 5
1350, 6
1351, 2
1352, 5
1353, 2
1354, 9
1355, 2
1356, 3
1357, 4
1358, 2
1359, 7
1360, 2
1361, 4
1362, 2
1363, 10
1364, 3
1365, 3
1366, 6
1367, 2
1368, 5
1369, 2
1370, 13
1371, 4
1372, 4
1373, 4
1374, 8
1375, 3
1376, 3
1377, 5
1378, 2
1379, 9
1380, 4
1381, 4
1382, 4
1383, 10
1384, 4
1385, 4
1386, 4
1387, 14
1388, 3
1389, 3
1390, 6
1391, 3
1392, 5
1393, 2
1394, 7
1395, 2
1396, 5
1397, 2
1398, 9
1399, 2
1400, 3
1401, 5
1402, 2
1403, 4
1404, 2
1405, 9
1406, 2
1407, 3
1408, 7
1409, 2
1410, 5
1411, 3
1412, 5
1413, 2
1414, 21
1415, 4
1416, 4
1417, 4
1418, 7
1419, 2
1420, 6
1421, 2
1422, 4
1423, 2
1424, 13
1425, 3
1426, 3
1427, 5
1428, 2
1429, 5
1430, 2
1431, 8
1432, 2
1433, 3
1434, 5
1435, 2
1436, 6
1437, 2
1438, 4
1439, 2
1440, 13
1441, 3
1442, 3
1443, 5
1444, 2
1445, 7
1446, 3
1447, 3
1448, 6
1449, 3
1450, 3
1451, 12
1452, 3
1453, 3
1454, 4
1455, 4
1456, 2
1457, 18
1458, 5
1459, 4
1460, 4
1461, 5
1462, 7
1463, 2
1464, 6
1465, 2
1466, 7
1467, 2
1468, 4
1469, 2
1470, 17
1471, 5
1472, 5
1473, 4
1474, 5
1475, 7
1476, 3
1477, 3
1478, 14
1479, 3
1480, 3
1481, 4
1482, 4
1483, 2
1484, 9
1485, 2
1486, 5
1487, 3
1488, 5
1489, 2
1490, 9
1491, 2
1492, 3
1493, 6
1494, 3
1495, 3
1496, 11
1497, 3
1498, 3
1499, 5
1500, 2
1501, 13
1502, 3
1503, 3
1504, 6
1505, 3
1506, 5
1507, 2
1508, 11
1509, 2
1510, 4
1511, 5
1512, 3
1513, 5
1514, 2
1515, 9
1516, 3
1517, 3
1518, 21
1519, 6
1520, 5
1521, 5
1522, 5
1523, 6
1524, 5
1525, 2
1526, 10
1527, 4
1528, 4
1529, 4
1530, 6
1531, 2
1532, 10
1533, 4
1534, 4
1535, 4
1536, 9
1537, 2
1538, 4
1539, 5
1540, 2
1541, 5
1542, 2
1543, 14
1544, 4
1545, 4
1546, 4
1547, 6
1548, 2
1549, 7
1550, 3
1551, 3
1552, 5
1553, 2
1554, 17
1555, 6
1556, 5
1557, 5
1558, 5
1559, 6
1560, 5
1561, 2
1562, 9
1563, 5
1564, 5
1565, 5
1566, 5
1567, 10
1568, 4
1569, 3
1570, 4
1571, 6
1572, 3
1573, 3
1574, 21
1575, 6
1576, 6
1577, 6
1578, 6
1579, 6
1580, 13
1581, 4
1582, 4
1583, 4
1584, 6
1585, 2
1586, 7
1587, 3
1588, 3
1589, 6
1590, 2
1591, 4
1592, 2
1593, 11
1594, 4
1595, 4
1596, 4
1597, 6
1598, 2
1599, 19
1600, 5
1601, 5
1602, 5
1603, 5
1604, 8
1605, 2
1606, 5
1607, 2
1608, 10
1609, 4
1610, 3
1611, 4
1612, 9
1613, 2
1614, 5
1615, 3
1616, 5
1617, 2
1618, 8
1619, 3
1620, 3
1621, 15
1622, 4
1623, 4
1624, 4
1625, 6
1626, 2
1627, 7
1628, 4
1629, 4
1630, 4
1631, 14
1632, 4
1633, 4
1634, 4
1635, 8
1636, 2
1637, 3
1638, 4
1639, 2
1640, 8
1641, 3
1642, 3
1643, 8
1644, 3
1645, 3
1646, 5
1647, 2
1648, 13
1649, 4
1650, 4
1651, 4
1652, 6
1653, 2
1654, 8
1655, 4
1656, 4
1657, 4
1658, 7
1659, 2
1660, 4
1661, 2
1662, 20
1663, 5
1664, 4
1665, 4
1666, 5
1667, 6
1668, 2
1669, 6
1670, 2
1671, 5
1672, 2
1673, 10
1674, 2
1675, 3
1676, 7
1677, 2
1678, 3
1679, 7
1680, 3
1681, 3
1682, 15
1683, 4
1684, 4
1685, 4
1686, 6
1687, 5
1688, 2
1689, 5
1690, 2
1691, 10
1692, 3
1693, 3
1694, 6
1695, 2
1696, 5
1697, 2
1698, 18
1699, 6
1700, 6
1701, 6
1702, 6
1703, 6
1704, 16
1705, 6
1706, 6
1707, 5
1708, 5
1709, 6
1710, 7
1711, 2
1712, 4
1713, 2
1714, 10
1715, 4
1716, 4
1717, 4
1718, 10
1719, 4
1720, 4
1721, 4
1722, 11
1723, 4
1724, 4
1725, 4
1726, 10
1727, 3
1728, 3
1729, 4
1730, 4
1731, 2
1732, 8
1733, 3
1734, 3
1735, 5
1736, 2
1737, 8
1738, 2
1739, 4
1740, 5
1741, 2
1742, 5
1743, 2
1744, 40
1745, 12
1746, 12
1747, 12
1748, 12
1749, 12
1750, 12
1751, 12
1752, 12
1753, 12
1754, 12
1755, 12
1756, 17
1757, 3
1758, 3
1759, 6
1760, 2
1761, 6
1762, 2
1763, 4
1764, 2
1765, 13
1766, 5
1767, 4
1768, 4
1769, 5
1770, 5
1771, 2
1772, 6
1773, 3
1774, 3
1775, 12
1776, 5
1777, 5
1778, 5
1779, 5
1780, 6
1781, 4
1782, 2
1783, 18
1784, 7
1785, 7
1786, 7
1787, 7
1788, 7
1789, 7
1790, 10
1791, 3
1792, 3
1793, 8
1794, 3
1795, 3
1796, 5
1797, 2
1798, 12
1799, 4
1800, 4
1801, 4
1802, 11
1803, 2
1804, 3
1805, 4
1806, 2
1807, 10
1808, 2
1809, 3
1810, 5
1811, 2
1812, 4
1813, 2
1814, 10
1815, 3
1816, 3
1817, 10
1818, 3
1819, 3
1820, 5
1821, 2
1822, 18
1823, 5
1824, 5
1825, 4
1826, 5
1827, 13
1828, 2
1829, 7
1830, 5
1831, 7
1832, 4
1833, 7
1834, 2
1835, 8
1836, 2
1837, 14
1838, 2
1839, 5
1840, 3
1841, 5
1842, 2
1843, 11
1844, 3
1845, 3
1846, 6
1847, 2
1848, 6
1849, 2
1850, 4
1851, 2
1852, 12
1853, 4
1854, 3
1855, 4
1856, 6
1857, 3
1858, 3
1859, 9
1860, 3
1861, 3
1862, 4
1863, 4
1864, 2
1865, 11
1866, 5
1867, 5
1868, 5
1869, 5
1870, 16
1871, 6
1872, 6
1873, 6
1874, 5
1875, 6
1876, 8
1877, 3
1878, 3
1879, 10
1880, 4
1881, 4
1882, 4
1883, 7
1884, 2
1885, 4
1886, 2
1887, 10
1888, 4
1889, 4
1890, 4
1891, 7
1892, 2
1893, 4
1894, 2
1895, 17
1896, 7
1897, 7
1898, 7
1899, 7
1900, 7
1901, 7
1902, 15
1903, 4
1904, 4
1905, 4
1906, 6
1907, 2
1908, 8
1909, 2
1910, 3
1911, 4
1912, 2
1913, 7
1914, 2
1915, 4
1916, 2
1917, 9
1918, 3
1919, 3
1920, 5
1921, 2
1922, 13
1923, 5
1924, 5
1925, 5
1926, 5
1927, 8
1928, 2
1929, 5
1930, 2
1931, 7
1932, 3
1933, 3
1934, 33
1935, 11
1936, 11
1937, 11
1938, 11
1939, 11
1940, 11
1941, 11
1942, 11
1943, 11
1944, 11
1945, 15
1946, 2
1947, 3
1948, 4
1949, 2
1950, 10
1951, 4
1952, 4
1953, 4
1954, 7
1955, 2
1956, 4
1957, 2
1958, 11
1959, 4
1960, 4
1961, 4
1962, 6
1963, 2
1964, 7
1965, 4
1966, 4
1967, 4
1968, 15
1969, 6
1970, 6
1971, 6
1972, 5
1973, 6
1974, 9
1975, 2
1976, 3
1977, 6
1978, 3
1979, 3
1980, 21
1981, 6
1982, 6
1983, 6
1984, 6
1985, 6
1986, 8
1987, 2
1988, 10
1989, 3
1990, 3
1991, 5
1992, 2
1993, 7
1994, 2
1995, 3
1996, 7
1997, 3
1998, 3
1999, 13
2000, 4
2001, 3
2002, 4
2003, 8
2004, 2
2005, 3
2006, 7
2007, 2
2008, 3
2009, 7
2010, 3
2011, 3
2012, 21
2013, 5
2014, 5
2015, 5
2016, 5
2017, 7
2018, 2
2019, 11
2020, 3
2021, 3
2022, 4
2023, 4
2024, 2
2025, 8
2026, 3
2027, 3
2028, 7
2029, 2
2030, 3
2031, 8
2032, 2
2033, 5
2034, 3
2035, 5
2036, 2
2037, 14
2038, 3
2039, 3
2040, 5
2041, 2
2042, 6
2043, 2
2044, 4
2045, 2
2046, 17
2047, 3
2048, 3
2049, 5
2050, 5
2051, 3
2052, 5
2053, 2
2054, 7
2055, 2
2056, 7
2057, 2
2058, 3
2059, 4
2060, 2
2061, 8
2062, 3
2063, 3
2064, 8
2065, 3
2066, 3
2067, 6
2068, 3
2069, 3
2070, 16
2071, 5
2072, 4
2073, 4
2074, 5
2075, 7
2076, 2
2077, 4
2078, 2
2079, 7
2080, 2
2081, 4
2082, 2
2083, 16
2084, 5
2085, 5
2086, 5
2087, 5
2088, 8
2089, 3
2090, 3
2091, 8
2092, 4
2093, 4
2094, 4
2095, 15
2096, 5
2097, 5
2098, 5
2099, 5
2100, 12
2101, 2
2102, 4
2103, 5
2104, 3
2105, 5
2106, 2
2107, 9
2108, 3
2109, 3
2110, 17
2111, 5
2112, 5
2113, 5
2114, 5
2115, 7
2116, 2
2117, 7
2118, 2
2119, 3
2120, 6
2121, 3
2122, 3
2123, 20
2124, 7
2125, 6
2126, 6
2127, 6
2128, 6
2129, 7
2130, 5
2131, 2
2132, 10
2133, 4
2134, 4
2135, 4
2136, 5
2137, 4
2138, 2
2139, 11
2140, 4
2141, 4
2142, 4
2143, 6
2144, 2
2145, 8
2146, 2
2147, 3
2148, 4
2149, 2
2150, 9
2151, 2
2152, 4
2153, 5
2154, 2
2155, 5
2156, 2
2157, 22
2158, 7
2159, 7
2160, 7
2161, 7
2162, 7
2163, 7
2164, 9
2165, 2
2166, 7
2167, 4
2168, 4
2169, 4
2170, 13
2171, 4
2172, 4
2173, 4
2174, 6
2175, 2
2176, 8
2177, 2
2178, 3
2179, 4
2180, 2
2181, 7
2182, 3
2183, 3
2184, 13
2185, 4
2186, 4
2187, 4
2188, 5
2189, 4
2190, 2
2191, 6
2192, 3
2193, 3
2194, 22
2195, 8
2196, 8
2197, 8
2198, 8
2199, 8
2200, 8
2201, 8
2202, 14
2203, 4
2204, 4
2205, 4
2206, 10
2207, 4
2208, 3
2209, 4
2210, 6
2211, 3
2212, 3
2213, 11
2214, 4
2215, 4
2216, 4
2217, 12
2218, 3
2219, 3
2220, 6
2221, 6
2222, 4
2223, 6
2224, 2
2225, 7
2226, 2
2227, 19
2228, 5
2229, 5
2230, 5
2231, 5
2232, 14
2233, 4
2234, 4
2235, 4
2236, 7
2237, 3
2238, 3
2239, 8
2240, 3
2241, 3
2242, 5
2243, 2
2244, 13
2245, 3
2246, 3
2247, 4
2248, 4
2249, 2
2250, 6
2251, 3
2252, 3
2253, 9
2254, 3
2255, 3
2256, 5
2257, 2
2258, 14
2259, 3
2260, 3
2261, 6
2262, 3
2263, 5
2264, 2
2265, 7
2266, 2
2267, 6
2268, 2
2269, 4
2270, 2
2271, 16
2272, 5
2273, 4
2274, 4
2275, 5
2276, 6
2277, 2
2278, 4
2279, 2
2280, 19
2281, 6
2282, 6
2283, 6
2284, 6
2285, 6
2286, 9
2287, 2
2288, 5
2289, 2
2290, 7
2291, 3
2292, 3
2293, 11
2294, 4
2295, 4
2296, 4
2297, 8
2298, 2
2299, 3
2300, 4
2301, 2
2302, 11
2303, 4
2304, 4
2305, 4
2306, 11
2307, 3
2308, 3
2309, 4
2310, 6
2311, 2
2312, 4
2313, 2
2314, 7
2315, 2
2316, 4
2317, 2
2318, 13
2319, 4
2320, 4
2321, 4
2322, 6
2323, 2
2324, 23
2325, 7
2326, 7
2327, 7
2328, 7
2329, 7
2330, 7
2331, 9
2332, 5
2333, 2
2334, 5
2335, 2
2336, 9
2337, 2
2338, 6
2339, 2
2340, 4
2341, 2
2342, 9
2343, 2
2344, 3
2345, 4
2346, 2
2347, 13
2348, 3
2349, 3
2350, 5
2351, 5
2352, 2
2353, 5
2354, 2
2355, 8
2356, 3
2357, 3
2358, 14
2359, 4
2360, 3
2361, 4
2362, 8
2363, 2
2364, 3
2365, 9
2366, 2
2367, 3
2368, 10
2369, 2
2370, 3
2371, 5
2372, 2
2373, 5
2374, 2
2375, 10
2376, 2
2377, 3
2378, 4
2379, 2
2380, 11
2381, 3
2382, 3
2383, 5
2384, 2
2385, 24
2386, 9
2387, 9
2388, 9
2389, 9
2390, 9
2391, 9
2392, 9
2393, 9
2394, 12
2395, 3
2396, 3
2397, 9
2398, 3
2399, 3
2400, 5
2401, 2
2402, 7
2403, 2
2404, 3
2405, 5
2406, 2
2407, 4
2408, 2
2409, 13
2410, 6
2411, 6
2412, 6
2413, 6
2414, 6
2415, 13
2416, 6
2417, 6
2418, 6
2419, 6
2420, 6
2421, 28
2422, 10
2423, 10
2424, 10
2425, 10
2426, 10
2427, 9
2428, 9
2429, 9
2430, 10
2431, 9
2432, 2
2433, 10
2434, 5
2435, 5
2436, 5
2437, 5
2438, 9
2439, 3
2440, 3
2441, 7
2442, 3
2443, 3
2444, 17
2445, 6
2446, 6
2447, 6
2448, 6
2449, 6
2450, 9
2451, 2
2452, 5
2453, 2
2454, 14
2455, 6
2456, 6
2457, 6
2458, 6
2459, 6
2460, 10
2461, 2
2462, 3
2463, 5
2464, 2
2465, 4
2466, 2
2467, 10
2468, 5
2469, 5
2470, 5
2471, 5
2472, 15
2473, 6
2474, 6
2475, 6
2476, 6
2477, 6
2478, 19
2479, 6
2480, 6
2481, 6
2482, 6
2483, 6
2484, 16
2485, 5
2486, 5
2487, 5
2488, 5
2489, 7
2490, 2
2491, 10
2492, 4
2493, 4
2494, 4
2495, 8
2496, 2
2497, 3
2498, 4
2499, 2
2500, 10
2501, 3
2502, 3
2503, 5
2504, 2
2505, 8
2506, 2
2507, 3
2508, 6
2509, 2
2510, 4
2511, 2
2512, 9
2513, 2
2514, 5
2515, 2
2516, 5
2517, 2
2518, 16
2519, 4
2520, 4
2521, 4
2522, 7
2523, 2
2524, 5
2525, 2
2526, 15
2527, 5
2528, 5
2529, 5
2530, 5
2531, 8
2532, 3
2533, 3
2534, 8
2535, 4
2536, 4
2537, 4
2538, 17
2539, 5
2540, 5
2541, 5
2542, 5
2543, 11
2544, 2
2545, 6
2546, 3
2547, 6
2548, 2
2549, 7
2550, 2
2551, 11
2552, 3
2553, 3
2554, 5
2555, 2
2556, 11
2557, 3
2558, 3
2559, 5
2560, 2
2561, 8
2562, 2
2563, 3
2564, 4
2565, 2
2566, 8
2567, 2
2568, 3
2569, 4
2570, 2
2571, 10
2572, 3
2573, 3
2574, 6
2575, 2
2576, 4
2577, 2
2578, 27
2579, 7
2580, 7
2581, 7
2582, 7
2583, 7
2584, 7
2585, 9
2586, 2
2587, 7
2588, 4
2589, 4
2590, 4
2591, 12
2592, 5
2593, 5
2594, 5
2595, 5
2596, 11
2597, 4
2598, 4
2599, 4
2600, 7
2601, 2
2602, 4
2603, 2
2604, 10
2605, 4
2606, 4
2607, 4
2608, 8
2609, 3
2610, 3
2611, 5
2612, 2
2613, 15
2614, 5
2615, 5
2616, 5
2617, 5
2618, 7
2619, 2
2620, 8
2621, 4
2622, 4
2623, 4
2624, 6
2625, 2
2626, 15
2627, 5
2628, 5
2629, 5
2630, 5
2631, 8
2632, 2
2633, 5
2634, 2
2635, 9
2636, 3
2637, 3
2638, 7
2639, 2
2640, 3
2641, 4
2642, 2
2643, 10
2644, 3
2645, 3
2646, 5
2647, 2
2648, 8
2649, 3
2650, 3
2651, 5
2652, 2
2653, 22
2654, 7
2655, 7
2656, 7
2657, 7
2658, 7
2659, 7
2660, 12
2661, 2
2662, 4
2663, 2
2664, 6
2665, 2
2666, 8
2667, 2
2668, 3
2669, 5
2670, 2
2671, 4
2672, 2
2673, 12
2674, 5
2675, 4
2676, 4
2677, 5
2678, 6
2679, 2
2680, 4
2681, 2
2682, 21
2683, 7
2684, 7
2685, 7
2686, 7
2687, 6
2688, 7
2689, 11
2690, 2
2691, 3
2692, 4
2693, 2
2694, 8
2695, 2
2696, 3
2697, 4
2698, 2
2699, 14
2700, 4
2701, 4
2702, 4
2703, 5
2704, 4
2705, 2
2706, 7
2707, 2
2708, 3
2709, 4
2710, 2
2711, 10
2712, 4
2713, 4
2714, 4
2715, 9
2716, 4
2717, 4
2718, 4
2719, 10
2720, 4
2721, 4
2722, 4
2723, 24
2724, 5
2725, 5
2726, 5
2727, 5
2728, 7
2729, 2
2730, 7
2731, 2
2732, 3
2733, 6
2734, 2
2735, 3
2736, 12
2737, 3
2738, 3
2739, 8
2740, 2
2741, 3
2742, 4
2743, 2
2744, 11
2745, 2
2746, 5
2747, 3
2748, 5
2749, 2
2750, 8
2751, 2
2752, 7
2753, 2
2754, 4
2755, 2
2756, 13
2757, 3
2758, 3
2759, 5
2760, 2
2761, 8
2762, 3
2763, 3
2764, 5
2765, 2
2766, 7
2767, 2
2768, 5
2769, 2
2770, 5
2771, 2
2772, 16
2773, 4
2774, 4
2775, 4
2776, 7
2777, 3
2778, 5
2779, 2
2780, 7
2781, 3
2782, 3
2783, 13
2784, 5
2785, 5
2786, 5
2787, 5
2788, 13
2789, 5
2790, 5
2791, 5
2792, 5
2793, 13
2794, 5
2795, 5
2796, 5
2797, 5
2798, 20
2799, 5
2800, 5
2801, 5
2802, 5
2803, 6
2804, 4
2805, 2
2806, 13
2807, 4
2808, 4
2809, 4
2810, 6
2811, 2
2812, 7
2813, 2
2814, 3
2815, 4
2816, 2
2817, 14
2818, 3
2819, 3
2820, 6
2821, 6
2822, 3
2823, 6
2824, 2
2825, 7
2826, 2
2827, 16
2828, 3
2829, 3
2830, 4
2831, 4
2832, 2
2833, 7
2834, 2
2835, 3
2836, 6
2837, 3
2838, 3
2839, 12
2840, 4
2841, 4
2842, 4
2843, 17
2844, 4
2845, 4
2846, 4
2847, 8
2848, 4
2849, 6
2850, 2
2851, 6
2852, 2
2853, 10
2854, 2
2855, 3
2856, 4
2857, 2
2858, 19
2859, 6
2860, 6
2861, 6
2862, 6
2863, 6
2864, 8
2865, 2
2866, 9
2867, 4
2868, 4
2869, 4
2870, 11
2871, 4
2872, 3
2873, 4
2874, 8
2875, 3
2876, 3
2877, 5
2878, 2
2879, 6
2880, 3
2881, 3
2882, 12
2883, 4
2884, 4
2885, 4
2886, 6
2887, 2
2888, 28
2889, 9
2890, 9
2891, 9
2892, 9
2893, 9
2894, 9
2895, 9
2896, 9
2897, 15
2898, 3
2899, 3
2900, 4
2901, 4
2902, 2
2903, 7
2904, 3
2905, 3
2906, 8
2907, 2
2908, 5
2909, 3
2910, 5
2911, 2
2912, 12
2913, 4
2914, 4
2915, 4
2916, 6
2917, 2
2918, 17
2919, 4
2920, 4
2921, 4
2922, 7
2923, 3
2924, 5
2925, 2
2926, 6
2927, 2
2928, 7
2929, 2
2930, 3
2931, 4
2932, 2
2933, 8
2934, 3
2935, 3
2936, 5
2937, 2
2938, 11
2939, 3
2940, 3
2941, 4
2942, 4
2943, 2
2944, 7
2945, 2
2946, 3
2947, 6
2948, 3
2949, 3
2950, 12
2951, 4
2952, 4
2953, 4
2954, 6
2955, 2
2956, 11
2957, 5
2958, 5
2959, 4
2960, 5
2961, 8
2962, 3
2963, 3
2964, 6
2965, 2
2966, 4
2967, 2
2968, 19
2969, 6
2970, 6
2971, 6
2972, 5
2973, 6
2974, 9
2975, 2
2976, 3
2977, 6
2978, 3
2979, 3
2980, 9
2981, 4
2982, 4
2983, 4
2984, 14
2985, 4
2986, 4
2987, 4
2988, 5
2989, 4
2990, 2
2991, 6
2992, 3
2993, 3
2994, 9
2995, 4
2996, 4
2997, 4
2998, 7
2999, 3
3000, 3
3001, 12
3002, 5
3003, 5
3004, 5
3005, 5
3006, 10
3007, 4
3008, 3
3009, 4
3010, 6
3011, 3
3012, 3
3013, 16
3014, 5
3015, 5
3016, 5
3017, 5
3018, 7
3019, 2
3020, 8
3021, 2
3022, 3
3023, 8
3024, 2
3025, 3
3026, 4
3027, 2
3028, 8
3029, 3
3030, 3
3031, 19
3032, 6
3033, 6
3034, 6
3035, 6
3036, 6
3037, 9
3038, 3
3039, 3
3040, 9
3041, 3
3042, 3
3043, 4
3044, 5
3045, 2
3046, 4
3047, 2
3048, 15
3049, 4
3050, 4
3051, 4
3052, 6
3053, 2
3054, 6
3055, 3
3056, 3
3057, 11
3058, 3
3059, 3
3060, 6
3061, 3
3062, 5
3063, 2
3064, 9
3065, 3
3066, 3
3067, 5
3068, 2
3069, 13
3070, 4
3071, 4
3072, 4
3073, 8
3074, 2
3075, 3
3076, 6
3077, 3
3078, 3
3079, 14
3080, 4
3081, 4
3082, 4
3083, 8
3084, 2
3085, 3
3086, 4
3087, 2
3088, 11
3089, 3
3090, 3
3091, 4
3092, 4
3093, 2
3094, 8
3095, 2
3096, 4
3097, 5
3098, 2
3099, 5
3100, 2
3101, 12
3102, 3
3103, 3
3104, 7
3105, 2
3106, 3
3107, 7
3108, 2
3109, 3
3110, 4
3111, 2
3112, 22
3113, 7
3114, 7
3115, 7
3116, 7
3117, 7
3118, 7
3119, 9
3120, 2
3121, 11
3122, 3
3123, 3
3124, 8
3125, 2
3126, 7
3127, 2
3128, 8
3129, 2
3130, 5
3131, 2
3132, 10
3133, 2
3134, 3
3135, 4
3136, 2
3137, 16
3138, 5
3139, 4
3140, 4
3141, 5
3142, 5
3143, 2
3144, 6
3145, 2
3146, 3
3147, 7
3148, 3
3149, 3
3150, 6
3151, 3
3152, 3
3153, 15
3154, 7
3155, 7
3156, 6
3157, 6
3158, 6
3159, 7
3160, 6
3161, 2
3162, 13
3163, 5
3164, 5
3165, 5
3166, 5
3167, 8
3168, 2
3169, 5
3170, 2
3171, 8
3172, 2
3173, 3
3174, 5
3175, 2
3176, 4
3177, 2
3178, 9
3179, 4
3180, 4
3181, 4
3182, 11
3183, 4
3184, 4
3185, 4
3186, 6
3187, 2
3188, 7
3189, 4
3190, 4
3191, 4
3192, 26
3193, 10
3194, 10
3195, 10
3196, 10
3197, 10
3198, 10
3199, 10
3200, 10
3201, 10
3202, 18
3203, 4
3204, 4
3205, 4
3206, 8
3207, 3
3208, 3
3209, 7
3210, 3
3211, 3
3212, 13
3213, 4
3214, 4
3215, 4
3216, 12
3217, 2
3218, 6
3219, 4
3220, 6
3221, 3
3222, 6
3223, 2
3224, 12
3225, 2
3226, 5
3227, 3
3228, 5
3229, 2
3230, 14
3231, 4
3232, 4
3233, 4
3234, 7
3235, 2
3236, 5
3237, 2
3238, 14
3239, 5
3240, 5
3241, 5
3242, 5
3243, 8
3244, 3
3245, 3
3246, 11
3247, 5
3248, 5
3249, 5
3250, 5
3251, 8
3252, 3
3253, 3
3254, 28
3255, 10
3256, 10
3257, 10
3258, 10
3259, 10
3260, 10
3261, 10
3262, 10
3263, 10
3264, 13
3265, 2
3266, 4
3267, 2
3268, 10
3269, 6
3270, 6
3271, 6
3272, 6
3273, 6
3274, 18
3275, 6
3276, 6
3277, 6
3278, 6
3279, 6
3280, 8
3281, 2
3282, 6
3283, 3
3284, 3
3285, 11
3286, 3
3287, 3
3288, 4
3289, 4
3290, 2
3291, 7
3292, 2
3293, 3
3294, 6
3295, 3
3296, 3
3297, 13
3298, 6
3299, 6
3300, 6
3301, 6
3302, 6
3303, 16
3304, 6
3305, 6
3306, 6
3307, 6
3308, 6
3309, 8
3310, 2
3311, 9
3312, 4
3313, 4
3314, 4
3315, 5
3316, 4
3317, 2
3318, 19
3319, 7
3320, 7
3321, 7
3322, 7
3323, 7
3324, 7
3325, 16
3326, 4
3327, 4
3328, 4
3329, 7
3330, 2
3331, 5
3332, 2
3333, 14
3334, 4
3335, 4
3336, 4
3337, 7
3338, 3
3339, 3
3340, 11
3341, 3
3342, 3
3343, 6
3344, 3
3345, 5
3346, 2
3347, 9
3348, 3
3349, 3
3350, 6
3351, 2
3352, 4
3353, 2
3354, 15
3355, 4
3356, 4
3357, 4
3358, 11
3359, 3
3360, 3
3361, 4
3362, 5
3363, 2
3364, 5
3365, 2
3366, 9
3367, 3
3368, 3
3369, 5
3370, 2
3371, 15
3372, 4
3373, 4
3374, 4
3375, 8
3376, 2
3377, 3
3378, 4
3379, 2
3380, 10
3381, 4
3382, 3
3383, 4
3384, 8
3385, 3
3386, 3
3387, 6
3388, 2
3389, 4
3390, 2
3391, 14
3392, 3
3393, 3
3394, 6
3395, 3
3396, 5
3397, 2
3398, 7
3399, 2
3400, 4
3401, 2
3402, 7
3403, 3
3404, 3
3405, 26
3406, 6
3407, 6
3408, 6
3409, 6
3410, 6
3411, 8
3412, 2
3413, 14
3414, 4
3415, 4
3416, 4
3417, 7
3418, 2
3419, 4
3420, 2
3421, 10
3422, 3
3423, 3
3424, 6
3425, 2
3426, 5
3427, 2
3428, 8
3429, 3
3430, 3
3431, 14
3432, 3
3433, 3
3434, 5
3435, 5
3436, 2
3437, 5
3438, 2
3439, 14
3440, 3
3441, 3
3442, 5
3443, 2
3444, 6
3445, 2
3446, 4
3447, 2
3448, 7
3449, 3
3450, 3
3451, 14
3452, 3
3453, 3
3454, 5
3455, 2
3456, 6
3457, 2
3458, 5
3459, 2
3460, 7
3461, 3
3462, 3
3463, 18
3464, 4
3465, 4
3466, 4
3467, 6
3468, 2
3469, 10
3470, 2
3471, 3
3472, 12
3473, 2
3474, 4
3475, 5
3476, 3
3477, 5
3478, 2
3479, 11
3480, 2
3481, 8
3482, 2
3483, 9
3484, 2
3485, 4
3486, 2
3487, 19
3488, 5
3489, 5
3490, 5
3491, 5
3492, 15
3493, 3
3494, 3
3495, 5
3496, 5
3497, 3
3498, 5
3499, 2
3500, 11
3501, 2
3502, 3
3503, 7
3504, 2
3505, 4
3506, 2
3507, 7
3508, 2
3509, 4
3510, 2
3511, 10
3512, 3
3513, 3
3514, 15
3515, 3
3516, 3
3517, 4
3518, 6
3519, 2
3520, 5
3521, 2
3522, 8
3523, 2
3524, 3
3525, 4
3526, 2
3527, 11
3528, 3
3529, 3
3530, 4
3531, 4
3532, 2
3533, 19
3534, 5
3535, 5
3536, 5
3537, 5
3538, 7
3539, 2
3540, 9
3541, 3
3542, 3
3543, 8
3544, 2
3545, 3
3546, 4
3547, 2
3548, 8
3549, 2
3550, 3
3551, 4
3552, 2
3553, 11
3554, 3
3555, 3
3556, 7
3557, 2
3558, 4
3559, 2
3560, 7
3561, 3
3562, 3
3563, 11
3564, 4
3565, 4
3566, 4
3567, 13
3568, 4
3569, 4
3570, 4
3571, 6
3572, 2
3573, 7
3574, 2
3575, 3
3576, 4
3577, 2
3578, 12
3579, 4
3580, 4
3581, 4
3582, 7
3583, 3
3584, 3
3585, 10
3586, 4
3587, 4
3588, 4
3589, 14
3590, 3
3591, 3
3592, 8
3593, 5
3594, 7
3595, 4
3596, 7
3597, 2
3598, 8
3599, 2
3600, 12
3601, 2
3602, 3
3603, 5
3604, 2
3605, 4
3606, 2
3607, 15
3608, 4
3609, 4
3610, 4
3611, 5
3612, 4
3613, 2
3614, 23
3615, 7
3616, 7
3617, 7
3618, 7
3619, 7
3620, 7
3621, 11
3622, 3
3623, 3
3624, 6
3625, 3
3626, 3
3627, 15
3628, 3
3629, 3
3630, 6
3631, 3
3632, 5
3633, 2
3634, 6
3635, 2
3636, 8
3637, 2
3638, 4
3639, 2
3640, 5
3641, 2
3642, 7
3643, 3
3644, 3
3645, 10
3646, 4
3647, 4
3648, 4
3649, 11
3650, 4
3651, 4
3652, 4
3653, 6
3654, 2
3655, 13
3656, 4
3657, 4
3658, 4
3659, 6
3660, 5
3661, 2
3662, 5
3663, 2
3664, 13
3665, 4
3666, 4
3667, 4
3668, 6
3669, 2
3670, 10
3671, 4
3672, 4
3673, 4
3674, 8
3675, 3
3676, 3
3677, 5
3678, 2
3679, 12
3680, 3
3681, 3
3682, 4
3683, 6
3684, 2
3685, 4
3686, 2
3687, 7
3688, 2
3689, 4
3690, 2
3691, 11
3692, 4
3693, 4
3694, 4
3695, 17
3696, 5
3697, 5
3698, 5
3699, 5
3700, 7
3701, 5
3702, 2
3703, 5
3704, 2
3705, 29
3706, 9
3707, 9
3708, 9
3709, 9
3710, 9
3711, 9
3712, 9
3713, 9
3714, 14
3715, 3
3716, 3
3717, 6
3718, 2
3719, 5
3720, 2
3721, 11
3722, 5
3723, 5
3724, 5
3725, 5
3726, 8
3727, 3
3728, 3
3729, 18
3730, 5
3731, 5
3732, 5
3733, 5
3734, 7
3735, 2
3736, 5
3737, 2
3738, 9
3739, 2
3740, 6
3741, 3
3742, 6
3743, 2
3744, 6
3745, 2
3746, 13
3747, 3
3748, 3
3749, 7
3750, 4
3751, 6
3752, 2
3753, 6
3754, 2
3755, 15
3756, 5
3757, 5
3758, 5
3759, 5
3760, 9
3761, 2
3762, 3
3763, 4
3764, 2
3765, 14
3766, 5
3767, 5
3768, 5
3769, 5
3770, 9
3771, 3
3772, 3
3773, 7
3774, 3
3775, 3
3776, 11
3777, 3
3778, 3
3779, 4
3780, 4
3781, 2
3782, 6
3783, 3
3784, 3
3785, 15
3786, 6
3787, 6
3788, 6
3789, 6
3790, 6
3791, 16
3792, 6
3793, 6
3794, 6
3795, 6
3796, 6
3797, 10
3798, 4
3799, 4
3800, 4
3801, 11
3802, 5
3803, 5
3804, 5
3805, 5
3806, 10
3807, 3
3808, 3
3809, 4
3810, 4
3811, 2
3812, 23
3813, 8
3814, 8
3815, 8
3816, 8
3817, 8
3818, 8
3819, 8
3820, 12
3821, 2
3822, 5
3823, 2
3824, 8
3825, 2
3826, 3
3827, 4
3828, 2
3829, 17
3830, 6
3831, 6
3832, 6
3833, 6
3834, 6
3835, 8
3836, 2
3837, 9
3838, 3
3839, 3
3840, 5
3841, 2
3842, 10
3843, 3
3844, 3
3845, 9
3846, 2
3847, 3
3848, 5
3849, 2
3850, 7
3851, 2
3852, 4
3853, 2
3854, 12
3855, 3
3856, 3
3857, 5
3858, 2
3859, 18
3860, 5
3861, 5
3862, 5
3863, 5
3864, 7
3865, 2
3866, 6
3867, 2
3868, 4
3869, 2
3870, 10
3871, 2
3872, 3
3873, 4
3874, 2
3875, 8
3876, 2
3877, 4
3878, 2
3879, 10
3880, 2
3881, 4
3882, 5
3883, 2
3884, 5
3885, 2
3886, 14
3887, 5
3888, 5
3889, 5
3890, 5
3891, 11
3892, 5
3893, 5
3894, 5
3895, 5
3896, 10
3897, 3
3898, 3
3899, 4
3900, 4
3901, 2
3902, 16
3903, 6
3904, 6
3905, 6
3906, 6
3907, 6
3908, 11
3909, 3
3910, 3
3911, 5
3912, 2
3913, 6
3914, 3
3915, 3
3916, 17
3917, 6
3918, 6
3919, 5
3920, 5
3921, 6
3922, 7
3923, 2
3924, 5
3925, 2
3926, 10
3927, 2
3928, 3
3929, 7
3930, 2
3931, 4
3932, 2
3933, 9
3934, 2
3935, 4
3936, 2
3937, 10
3938, 2
3939, 3
3940, 4
3941, 2
3942, 15
3943, 5
3944, 5
3945, 5
3946, 5
3947, 11
3948, 4
3949, 3
3950, 4
3951, 13
3952, 2
3953, 8
3954, 6
3955, 8
3956, 5
3957, 8
3958, 4
3959, 9
3960, 2
3961, 11
3962, 2
3963, 25
3964, 4
3965, 4
3966, 4
3967, 6
3968, 5
3969, 3
3970, 5
3971, 2
3972, 12
3973, 2
3974, 6
3975, 3
3976, 5
3977, 2
3978, 6
3979, 2
3980, 8
3981, 3
3982, 3
3983, 12
3984, 3
3985, 3
3986, 4
3987, 5
3988, 2
3989, 5
3990, 2
3991, 7
3992, 3
3993, 3
3994, 11
3995, 4
3996, 4
3997, 4
3998, 12
3999, 3
4000, 3
4001, 4
4002, 4
4003, 2
4004, 8
4005, 2
4006, 3
4007, 4
4008, 2
4009, 7
4010, 2
4011, 4
4012, 2
4013, 14
4014, 4
4015, 4
4016, 4
4017, 7
4018, 3
4019, 3
4020, 8
4021, 4
4022, 4
4023, 4
4024, 28
4025, 8
4026, 8
4027, 8
4028, 8
4029, 8
4030, 8
4031, 8
4032, 19
4033, 4
4034, 4
4035, 4
4036, 5
4037, 4
4038, 2
4039, 7
4040, 2
4041, 6
4042, 2
4043, 7
4044, 2
4045, 4
4046, 2
4047, 14
4048, 4
4049, 4
4050, 4
4051, 6
4052, 2
4053, 6
4054, 3
4055, 3
4056, 12
4057, 4
4058, 4
4059, 4
4060, 6
4061, 2
4062, 6
4063, 3
4064, 3
4065, 18
4066, 5
4067, 5
4068, 5
4069, 5
4070, 7
4071, 2
4072, 8
4073, 3
4074, 3
4075, 4
4076, 5
4077, 2
4078, 4
4079, 2
4080, 10
4081, 4
4082, 4
4083, 4
4084, 7
4085, 3
4086, 3
4087, 17
4088, 4
4089, 4
4090, 4
4091, 7
4092, 3
4093, 5
4094, 2
4095, 8
4096, 2
4097, 3
4098, 4
4099, 2
4100, 15
4101, 3
4102, 3
4103, 6
4104, 2
4105, 5
4106, 2
4107, 12
4108, 2
4109, 5
4110, 3
4111, 5
4112, 2
4113, 7
4114, 2
4115, 9
4116, 2
4117, 3
4118, 4
4119, 2
4120, 11
4121, 2
4122, 3
4123, 9
4124, 2
4125, 3
4126, 8
4127, 2
4128, 5
4129, 3
4130, 5
4131, 2
4132, 11
4133, 3
4134, 3
4135, 22
4136, 5
4137, 5
4138, 5
4139, 5
4140, 8
4141, 2
4142, 5
4143, 2
4144, 11
4145, 4
4146, 4
4147, 4
4148, 5
4149, 4
4150, 2
4151, 11
4152, 4
4153, 4
4154, 4
4155, 5
4156, 4
4157, 2
4158, 9
4159, 4
4160, 4
4161, 4
4162, 7
4163, 3
4164, 3
4165, 9
4166, 4
4167, 3
4168, 4
4169, 6
4170, 3
4171, 3
4172, 18
4173, 6
4174, 6
4175, 6
4176, 6
4177, 6
4178, 9
4179, 2
4180, 4
4181, 2
4182, 9
4183, 5
4184, 5
4185, 5
4186, 5
4187, 22
4188, 9
4189, 9
4190, 9
4191, 9
4192, 9
4193, 9
4194, 9
4195, 9
4196, 19
4197, 6
4198, 6
4199, 6
4200, 6
4201, 6
4202, 9
4203, 2
4204, 6
4205, 2
4206, 4
4207, 2
4208, 11
4209, 4
4210, 4
4211, 4
4212, 11
4213, 3
4214, 3
4215, 5
4216, 2
4217, 5
4218, 2
4219, 9
4220, 2
4221, 6
4222, 4
4223, 6
4224, 2
4225, 6
4226, 2
4227, 14
4228, 3
4229, 3
4230, 6
4231, 2
4232, 5
4233, 2
4234, 32
4235, 11
4236, 11
4237, 11
4238, 11
4239, 11
4240, 11
4241, 11
4242, 11
4243, 11
4244, 11
4245, 19
4246, 4
4247, 4
4248, 4
4249, 8
4250, 3
4251, 3
4252, 7
4253, 3
4254, 3
4255, 15
4256, 4
4257, 4
4258, 4
4259, 10
4260, 2
4261, 4
4262, 2
4263, 6
4264, 2
4265, 9
4266, 2
4267, 3
4268, 4
4269, 2
4270, 8
4271, 3
4272, 3
4273, 13
4274, 5
4275, 5
4276, 5
4277, 5
4278, 20
4279, 8
4280, 8
4281, 8
4282, 8
4283, 8
4284, 8
4285, 8
4286, 16
4287, 5
4288, 5
4289, 5
4290, 5
4291, 8
4292, 3
4293, 3
4294, 9
4295, 4
4296, 4
4297, 4
4298, 10
4299, 4
4300, 4
4301, 4
4302, 10
4303, 3
4304, 3
4305, 4
4306, 4
4307, 2
4308, 6
4309, 3
4310, 3
4311, 18
4312, 6
4313, 6
4314, 6
4315, 6
4316, 6
4317, 10
4318, 3
4319, 3
4320, 5
4321, 2
4322, 12
4323, 4
4324, 4
4325, 4
4326, 5
4327, 4
4328, 2
4329, 7
4330, 4
4331, 4
4332, 4
4333, 13
4334, 4
4335, 4
4336, 4
4337, 6
4338, 5
4339, 2
4340, 5
4341, 2
4342, 16
4343, 5
4344, 5
4345, 5
4346, 5
4347, 7
4348, 2
4349, 6
4350, 3
4351, 3
4352, 11
4353, 5
4354, 5
4355, 5
4356, 5
4357, 13
4358, 4
4359, 4
4360, 4
4361, 7
4362, 2
4363, 5
4364, 2
4365, 13
4366, 3
4367, 3
4368, 7
4369, 4
4370, 6
4371, 3
4372, 6
4373, 2
4374, 9
4375, 2
4376, 4
4377, 2
4378, 14
4379, 4
4380, 4
4381, 4
4382, 5
4383, 4
4384, 2
4385, 6
4386, 2
4387, 4
4388, 2
4389, 26
4390, 7
4391, 7
4392, 7
4393, 7
4394, 7
4395, 7
4396, 9
4397, 2
4398, 5
4399, 2
4400, 7
4401, 2
4402, 3
4403, 4
4404, 2
4405, 8
4406, 3
4407, 3
4408, 5
4409, 2
4410, 15
4411, 5
4412, 5
4413, 5
4414, 5
4415, 7
4416, 2
4417, 6
4418, 2
4419, 3
4420, 8
4421, 3
4422, 3
4423, 6
4424, 2
4425, 6
4426, 2
4427, 4
4428, 2
4429, 12
4430, 4
4431, 4
4432, 4
4433, 11
4434, 3
4435, 3
4436, 4
4437, 4
4438, 2
4439, 6
4440, 3
4441, 3
4442, 12
4443, 3
4444, 3
4445, 5
4446, 5
4447, 2
4448, 5
4449, 2
4450, 19
4451, 5
4452, 5
4453, 5
4454, 5
4455, 8
4456, 2
4457, 5
4458, 2
4459, 9
4460, 3
4461, 3
4462, 5
4463, 2
4464, 6
4465, 3
4466, 3
4467, 13
4468, 5
4469, 5
4470, 5
4471, 5
4472, 12
4473, 3
4474, 3
4475, 4
4476, 4
4477, 2
4478, 10
4479, 3
4480, 3
4481, 7
4482, 2
4483, 4
4484, 2
4485, 6
4486, 2
4487, 10
4488, 3
4489, 3
4490, 6
4491, 3
4492, 3
4493, 17
4494, 5
4495, 5
4496, 5
4497, 5
4498, 6
4499, 4
4500, 2
4501, 10
4502, 4
4503, 4
4504, 4
4505, 7
4506, 2
4507, 5
4508, 2
4509, 9
4510, 4
4511, 3
4512, 4
4513, 7
4514, 2
4515, 5
4516, 2
4517, 5
4518, 2
4519, 22
4520, 6
4521, 6
4522, 6
4523, 6
4524, 6
4525, 8
4526, 5
4527, 2
4528, 5
4529, 2
4530, 16
4531, 5
4532, 5
4533, 4
4534, 5
4535, 10
4536, 2
4537, 6
4538, 3
4539, 6
4540, 2
4541, 7
4542, 2
4543, 10
4544, 3
4545, 3
4546, 5
4547, 2
4548, 9
4549, 3
4550, 3
4551, 4
4552, 5
4553, 2
4554, 4
4555, 2
4556, 14
4557, 4
4558, 4
4559, 4
4560, 7
4561, 3
4562, 5
4563, 2
4564, 7
4565, 3
4566, 3
4567, 14
4568, 6
4569, 5
4570, 5
4571, 5
4572, 6
4573, 5
4574, 2
4575, 8
4576, 5
4577, 5
4578, 5
4579, 5
4580, 21
4581, 8
4582, 8
4583, 8
4584, 8
4585, 8
4586, 8
4587, 8
4588, 17
4589, 7
4590, 7
4591, 7
4592, 7
4593, 7
4594, 7
4595, 16
4596, 6
4597, 6
4598, 5
4599, 5
4600, 6
4601, 7
4602, 2
4603, 5
4604, 2
4605, 7
4606, 3
4607, 3
4608, 15
4609, 7
4610, 7
4611, 7
4612, 7
4613, 7
4614, 7
4615, 10
4616, 3
4617, 3
4618, 13
4619, 5
4620, 5
4621, 5
4622, 5
4623, 7
4624, 2
4625, 9
4626, 2
4627, 3
4628, 4
4629, 2
4630, 9
4631, 2
4632, 3
4633, 6
4634, 2
4635, 4
4636, 2
4637, 9
4638, 3
4639, 3
4640, 33
4641, 10
4642, 10
4643, 10
4644, 9
4645, 9
4646, 9
4647, 9
4648, 9
4649, 10
4650, 7
4651, 2
4652, 12
4653, 4
4654, 4
4655, 4
4656, 10
4657, 2
4658, 3
4659, 4
4660, 2
4661, 9
4662, 2
4663, 3
4664, 7
4665, 2
4666, 3
4667, 4
4668, 2
4669, 10
4670, 3
4671, 3
4672, 5
4673, 2
4674, 12
4675, 5
4676, 5
4677, 5
4678, 5
4679, 22
4680, 5
4681, 5
4682, 5
4683, 5
4684, 8
4685, 6
4686, 4
4687, 6
4688, 2
4689, 7
4690, 2
4691, 15
4692, 3
4693, 3
4694, 7
4695, 2
4696, 5
4697, 2
4698, 6
4699, 2
4700, 14
4701, 3
4702, 3
4703, 5
4704, 2
4705, 7
4706, 2
4707, 3
4708, 4
4709, 2
4710, 11
4711, 3
4712, 3
4713, 7
4714, 2
4715, 3
4716, 6
4717, 3
4718, 3
4719, 14
4720, 3
4721, 3
4722, 4
4723, 4
4724, 2
4725, 10
4726, 4
4727, 4
4728, 4
4729, 21
4730, 6
4731, 6
4732, 6
4733, 6
4734, 6
4735, 9
4736, 3
4737, 3
4738, 8
4739, 4
4740, 4
4741, 4
4742, 14
4743, 4
4744, 4
4745, 4
4746, 5
4747, 4
4748, 2
4749, 7
4750, 3
4751, 3
4752, 7
4753, 2
4754, 3
4755, 4
4756, 2
4757, 11
4758, 4
4759, 4
4760, 4
4761, 8
4762, 2
4763, 5
4764, 2
4765, 5
4766, 2
4767, 13
4768, 5
4769, 5
4770, 5
4771, 5
4772, 7
4773, 2
4774, 20
4775, 8
4776, 8
4777, 8
4778, 8
4779, 8
4780, 8
4781, 8
4782, 12
4783, 4
4784, 4
4785, 4
4786, 12
4787, 4
4788, 4
4789, 4
4790, 6
4791, 2
4792, 7
4793, 3
4794, 3
4795, 6
4796, 3
4797, 3
4798, 12
4799, 4
4800, 4
4801, 4
4802, 6
4803, 2
4804, 6
4805, 2
4806, 4
4807, 2
4808, 19
4809, 7
4810, 7
4811, 7
4812, 7
4813, 7
4814, 7
4815, 17
4816, 3
4817, 3
4818, 5
4819, 2
4820, 5
4821, 2
4822, 6
4823, 2
4824, 4
4825, 2
4826, 9
4827, 2
4828, 3
4829, 4
4830, 2
4831, 8
4832, 3
4833, 3
4834, 13
4835, 3
4836, 3
4837, 5
4838, 2
4839, 5
4840, 2
4841, 7
4842, 2
4843, 3
4844, 5
4845, 2
4846, 4
4847, 2
4848, 11
4849, 4
4850, 4
4851, 4
4852, 20
4853, 6
4854, 6
4855, 6
4856, 6
4857, 6
4858, 8
4859, 2
4860, 7
4861, 2
4862, 4
4863, 2
4864, 7
4865, 3
4866, 3
4867, 11
4868, 3
4869, 3
4870, 4
4871, 4
4872, 2
4873, 8
4874, 3
4875, 3
4876, 5
4877, 2
4878, 7
4879, 2
4880, 3
4881, 4
4882, 2
4883, 12
4884, 5
4885, 5
4886, 5
4887, 5
4888, 10
4889, 4
4890, 3
4891, 4
4892, 8
4893, 2
4894, 4
4895, 5
4896, 2
4897, 5
4898, 2
4899, 20
4900, 6
4901, 6
4902, 6
4903, 6
4904, 6
4905, 8
4906, 2
4907, 6
4908, 3
4909, 3
4910, 8
4911, 4
4912, 4
4913, 4
4914, 10
4915, 5
4916, 5
4917, 5
4918, 5
4919, 22
4920, 8
4921, 8
4922, 8
4923, 8
4924, 8
4925, 8
4926, 8
4927, 10
4928, 2
4929, 7
4930, 2
4931, 3
4932, 4
4933, 2
4934, 12
4935, 5
4936, 5
4937, 4
4938, 5
4939, 8
4940, 2
4941, 3
4942, 6
4943, 3
4944, 3
4945, 11
4946, 5
4947, 5
4948, 5
4949, 5
4950, 22
4951, 8
4952, 8
4953, 8
4954, 8
4955, 8
4956, 8
4957, 8
4958, 10
4959, 2
4960, 7
4961, 4
4962, 4
4963, 4
4964, 14
4965, 4
4966, 4
4967, 4
4968, 6
4969, 2
4970, 6
4971, 3
4972, 3
4973, 14
4974, 3
4975, 3
4976, 6
4977, 3
4978, 5
4979, 2
4980, 9
4981, 2
4982, 3
4983, 4
4984, 2
4985, 8
4986, 2
4987, 3
4988, 6
4989, 3
4990, 3
4991, 13
4992, 4
4993, 4
4994, 4
4995, 9
4996, 3
4997, 3
4998, 5
4999, 2
5000, 6
5001, 2
5002, 4
5003, 2
5004, 17
5005, 4
5006, 4
5007, 4
5008, 6
5009, 2
5010, 7
5011, 2
5012, 3
5013, 7
5014, 2
5015, 3
5016, 4
5017, 2
5018, 12
5019, 3
5020, 3
5021, 4
5022, 4
5023, 2
5024, 5
5025, 2
5026, 7
5027, 3
5028, 3
5029, 6
5030, 2
5031, 4
5032, 2
5033, 14
5034, 4
5035, 4
5036, 4
5037, 6
5038, 2
5039, 7
5040, 2
5041, 3
5042, 7
5043, 2
5044, 3
5045, 12
5046, 2
5047, 8
5048, 6
5049, 8
5050, 5
5051, 8
5052, 4
5053, 9
5054, 2
5055, 10
5056, 2
5057, 30
5058, 9
5059, 9
5060, 9
5061, 9
5062, 9
5063, 9
5064, 8
5065, 9
5066, 12
5067, 3
5068, 3
5069, 7
5070, 2
5071, 3
5072, 4
5073, 2
5074, 13
5075, 6
5076, 6
5077, 6
5078, 6
5079, 6
5080, 15
5081, 5
5082, 5
5083, 4
5084, 5
5085, 7
5086, 3
5087, 3
5088, 10
5089, 4
5090, 3
5091, 4
5092, 6
5093, 3
5094, 3
5095, 12
5096, 4
5097, 3
5098, 4
5099, 7
5100, 2
5101, 3
5102, 4
5103, 2
5104, 7
5105, 3
5106, 3
5107, 10
5108, 3
5109, 3
5110, 5
5111, 2
5112, 6
5113, 2
5114, 4
5115, 2
5116, 18
5117, 6
5118, 6
5119, 6
5120, 5
5121, 6
5122, 10
5123, 2
5124, 3
5125, 10
5126, 2
5127, 6
5128, 4
5129, 6
5130, 2
5131, 6
5132, 2
5133, 11
5134, 3
5135, 3
5136, 21
5137, 7
5138, 7
5139, 7
5140, 7
5141, 7
5142, 7
5143, 10
5144, 2
5145, 5
5146, 2
5147, 13
5148, 6
5149, 5
5150, 5
5151, 5
5152, 6
5153, 5
5154, 2
5155, 8
5156, 4
5157, 4
5158, 4
5159, 7
5160, 2
5161, 4
5162, 2
5163, 13
5164, 5
5165, 5
5166, 5
5167, 5
5168, 6
5169, 4
5170, 2
5171, 15
5172, 6
5173, 6
5174, 6
5175, 6
5176, 6
5177, 16
5178, 4
5179, 4
5180, 4
5181, 7
5182, 3
5183, 5
5184, 2
5185, 7
5186, 3
5187, 3
5188, 11
5189, 4
5190, 4
5191, 4
5192, 8
5193, 3
5194, 3
5195, 5
5196, 2
5197, 12
5198, 4
5199, 3
5200, 4
5201, 7
5202, 2
5203, 3
5204, 6
5205, 2
5206, 4
5207, 2
5208, 17
5209, 7
5210, 6
5211, 6
5212, 6
5213, 6
5214, 7
5215, 5
5216, 2
5217, 20
5218, 10
5219, 10
5220, 10
5221, 10
5222, 10
5223, 10
5224, 10
5225, 10
5226, 10
5227, 19
5228, 7
5229, 7
5230, 7
5231, 7
5232, 7
5233, 7
5234, 11
5235, 2
5236, 3
5237, 4
5238, 2
5239, 11
5240, 5
5241, 5
5242, 5
5243, 5
5244, 8
5245, 3
5246, 3
5247, 9
5248, 4
5249, 4
5250, 4
5251, 9
5252, 3
5253, 3
5254, 4
5255, 4
5256, 2
5257, 17
5258, 8
5259, 8
5260, 8
5261, 8
5262, 8
5263, 8
5264, 8
5265, 11
5266, 2
5267, 4
5268, 2
5269, 8
5270, 3
5271, 3
5272, 6
5273, 3
5274, 3
5275, 33
5276, 13
5277, 12
5278, 12
5279, 12
5280, 12
5281, 11
5282, 11
5283, 11
5284, 11
5285, 11
5286, 12
5287, 9
5288, 2
5289, 8
5290, 3
5291, 3
5292, 5
5293, 2
5294, 10
5295, 5
5296, 5
5297, 5
5298, 5
5299, 8
5300, 2
5301, 4
5302, 2
5303, 15
5304, 5
5305, 5
5306, 5
5307, 5
5308, 7
5309, 2
5310, 7
5311, 2
5312, 3
5313, 5
5314, 2
5315, 4
5316, 2
5317, 9
5318, 3
5319, 3
5320, 9
5321, 3
5322, 3
5323, 8
5324, 2
5325, 3
5326, 4
5327, 2
5328, 12
5329, 2
5330, 7
5331, 5
5332, 7
5333, 4
5334, 7
5335, 2
5336, 8
5337, 2
5338, 20
5339, 5
5340, 5
5341, 5
5342, 5
5343, 7
5344, 2
5345, 9
5346, 3
5347, 3
5348, 4
5349, 4
5350, 2
5351, 7
5352, 2
5353, 5
5354, 2
5355, 5
5356, 2
5357, 20
5358, 7
5359, 7
5360, 7
5361, 7
5362, 6
5363, 7
5364, 12
5365, 2
5366, 3
5367, 4
5368, 2
5369, 5
5370, 2
5371, 7
5372, 3
5373, 3
5374, 11
5375, 4
5376, 4
5377, 4
5378, 9
5379, 2
5380, 3
5381, 4
5382, 2
5383, 7
5384, 3
5385, 3
5386, 15
5387, 4
5388, 4
5389, 4
5390, 5
5391, 4
5392, 2
5393, 9
5394, 2
5395, 3
5396, 4
5397, 2
5398, 5
5399, 2
5400, 7
5401, 3
5402, 3
5403, 12
5404, 5
5405, 5
5406, 5
5407, 5
5408, 11
5409, 3
5410, 3
5411, 5
5412, 5
5413, 2
5414, 5
5415, 2
5416, 26
5417, 7
5418, 7
5419, 7
5420, 7
5421, 7
5422, 7
5423, 10
5424, 2
5425, 5
5426, 2
5427, 7
5428, 3
5429, 3
5430, 14
5431, 5
5432, 5
5433, 5
5434, 5
5435, 13
5436, 4
5437, 4
5438, 4
5439, 9
5440, 3
5441, 3
5442, 8
5443, 3
5444, 3
5445, 9
5446, 3
5447, 3
5448, 7
5449, 3
5450, 3
5451, 17
5452, 5
5453, 5
5454, 4
5455, 5
5456, 9
5457, 2
5458, 5
5459, 3
5460, 5
5461, 2
5462, 9
5463, 3
5464, 3
5465, 6
5466, 2
5467, 4
5468, 2
5469, 14
5470, 5
5471, 5
5472, 5
5473, 5
5474, 9
5475, 3
5476, 3
5477, 5
5478, 2
5479, 12
5480, 5
5481, 4
5482, 4
5483, 5
5484, 5
5485, 2
5486, 7
5487, 2
5488, 3
5489, 4
5490, 2
5491, 8
5492, 4
5493, 4
5494, 4
5495, 25
5496, 5
5497, 5
5498, 5
5499, 5
5500, 7
5501, 2
5502, 6
5503, 3
5504, 3
5505, 12
5506, 3
5507, 3
5508, 5
5509, 2
5510, 10
5511, 3
5512, 3
5513, 6
5514, 2
5515, 3
5516, 9
5517, 3
5518, 3
5519, 10
5520, 3
5521, 3
5522, 7
5523, 3
5524, 3
5525, 13
5526, 3
5527, 3
5528, 4
5529, 5
5530, 2
5531, 4
5532, 2
5533, 14
5534, 4
5535, 4
5536, 4
5537, 6
5538, 2
5539, 7
5540, 2
5541, 4
5542, 2
5543, 8
5544, 2
5545, 5
5546, 2
5547, 5
5548, 2
5549, 12
5550, 4
5551, 4
5552, 4
5553, 6
5554, 2
5555, 14
5556, 6
5557, 6
5558, 6
5559, 6
5560, 6
5561, 9
5562, 2
5563, 4
5564, 2
5565, 14
5566, 7
5567, 7
5568, 7
5569, 7
5570, 7
5571, 7
5572, 17
5573, 7
5574, 7
5575, 7
5576, 7
5577, 7
5578, 7
5579, 9
5580, 2
5581, 19
5582, 8
5583, 8
5584, 8
5585, 8
5586, 8
5587, 8
5588, 8
5589, 11
5590, 2
5591, 3
5592, 6
5593, 3
5594, 3
5595, 13
5596, 3
5597, 3
5598, 5
5599, 2
5600, 8
5601, 2
5602, 3
5603, 4
5604, 2
5605, 10
5606, 2
5607, 3
5608, 4
5609, 2
5610, 9
5611, 2
5612, 3
5613, 4
5614, 2
5615, 15
5616, 2
5617, 7
5618, 7
5619, 5
5620, 7
5621, 4
5622, 8
5623, 2
5624, 9
5625, 2
5626, 13
5627, 2
5628, 4
5629, 2
5630, 17
5631, 5
5632, 5
5633, 5
5634, 5
5635, 7
5636, 2
5637, 11
5638, 5
5639, 5
5640, 5
5641, 5
5642, 10
5643, 2
5644, 3
5645, 4
5646, 2
5647, 8
5648, 2
5649, 3
5650, 4
5651, 2
5652, 13
5653, 4
5654, 4
5655, 4
5656, 5
5657, 4
5658, 2
5659, 12
5660, 4
5661, 4
5662, 4
5663, 6
5664, 2
5665, 8
5666, 2
5667, 5
5668, 3
5669, 5
5670, 2
5671, 9
5672, 3
5673, 3
5674, 6
5675, 3
5676, 3
5677, 11
5678, 3
5679, 3
5680, 4
5681, 4
5682, 2
5683, 11
5684, 4
5685, 3
5686, 4
5687, 7
5688, 2
5689, 3
5690, 7
5691, 2
5692, 5
5693, 2
5694, 5
5695, 2
5696, 19
5697, 7
5698, 7
5699, 7
5700, 7
5701, 7
5702, 7
5703, 21
5704, 8
5705, 8
5706, 8
5707, 8
5708, 7
5709, 7
5710, 8
5711, 9
5712, 2
5713, 4
5714, 2
5715, 11
5716, 3
5717, 3
5718, 5
5719, 2
5720, 7
5721, 2
5722, 4
5723, 2
5724, 7
5725, 3
5726, 3
5727, 10
5728, 4
5729, 4
5730, 4
5731, 13
5732, 5
5733, 5
5734, 4
5735, 5
5736, 8
5737, 2
5738, 3
5739, 7
5740, 2
5741, 3
5742, 4
5743, 2
5744, 20
5745, 6
5746, 6
5747, 6
5748, 6
5749, 6
5750, 8
5751, 5
5752, 2
5753, 5
5754, 2
5755, 15
5756, 3
5757, 3
5758, 4
5759, 4
5760, 2
5761, 5
5762, 2
5763, 6
5764, 3
5765, 3
5766, 11
5767, 3
5768, 3
5769, 5
5770, 2
5771, 6
5772, 3
5773, 3
5774, 13
5775, 3
5776, 3
5777, 5
5778, 2
5779, 6
5780, 2
5781, 4
5782, 2
5783, 8
5784, 3
5785, 3
5786, 6
5787, 3
5788, 3
5789, 12
5790, 3
5791, 3
5792, 4
5793, 5
5794, 2
5795, 4
5796, 2
5797, 17
5798, 5
5799, 5
5800, 5
5801, 5
5802, 8
5803, 2
5804, 5
5805, 2
5806, 9
5807, 2
5808, 3
5809, 4
5810, 2
5811, 10
5812, 2
5813, 6
5814, 4
5815, 6
5816, 2
5817, 6
5818, 2
5819, 25
5820, 9
5821, 9
5822, 9
5823, 9
5824, 9
5825, 8
5826, 8
5827, 9
5828, 10
5829, 2
5830, 4
5831, 2
5832, 14
5833, 6
5834, 6
5835, 6
5836, 6
5837, 6
5838, 9
5839, 3
5840, 3
5841, 10
5842, 4
5843, 4
5844, 4
5845, 8
5846, 3
5847, 3
5848, 7
5849, 3
5850, 3
5851, 15
5852, 5
5853, 5
5854, 5
5855, 5
5856, 7
5857, 2
5858, 5
5859, 2
5860, 9
5861, 3
5862, 3
5863, 8
5864, 2
5865, 3
5866, 8
5867, 2
5868, 3
5869, 4
5870, 2
5871, 8
5872, 2
5873, 4
5874, 2
5875, 18
5876, 5
5877, 5
5878, 5
5879, 5
5880, 7
5881, 2
5882, 11
5883, 4
5884, 4
5885, 4
5886, 6
5887, 2
5888, 7
5889, 2
5890, 3
5891, 4
5892, 2
5893, 12
5894, 4
5895, 3
5896, 4
5897, 9
5898, 2
5899, 3
5900, 5
5901, 2
5902, 5
5903, 2
5904, 8
5905, 3
5906, 3
5907, 12
5908, 4
5909, 4
5910, 4
5911, 8
5912, 4
5913, 4
5914, 4
5915, 23
5916, 9
5917, 9
5918, 9
5919, 9
5920, 9
5921, 9
5922, 9
5923, 9
5924, 19
5925, 7
5926, 7
5927, 7
5928, 6
5929, 6
5930, 7
5931, 8
5932, 2
5933, 4
5934, 2
5935, 12
5936, 5
5937, 5
5938, 5
5939, 5
5940, 7
5941, 2
5942, 9
5943, 5
5944, 4
5945, 4
5946, 5
5947, 6
5948, 2
5949, 4
5950, 2
5951, 13
5952, 5
5953, 5
5954, 5
5955, 5
5956, 7
5957, 2
5958, 8
5959, 4
5960, 3
5961, 4
5962, 6
5963, 3
5964, 3
5965, 18
5966, 7
5967, 7
5968, 7
5969, 7
5970, 7
5971, 7
5972, 9
5973, 2
5974, 15
5975, 6
5976, 6
5977, 6
5978, 6
5979, 6
5980, 9
5981, 2
5982, 5
5983, 2
5984, 15
5985, 5
5986, 5
5987, 5
5988, 5
5989, 11
5990, 2
5991, 5
5992, 3
5993, 5
5994, 2
5995, 9
5996, 2
5997, 3
5998, 4
5999, 2
6000, 9
6001, 4
6002, 4
6003, 4
6004, 16
6005, 5
6006, 5
6007, 4
6008, 5
6009, 8
6010, 2
6011, 3
6012, 9
6013, 2
6014, 6
6015, 4
6016, 6
6017, 2
6018, 6
6019, 2
6020, 15
6021, 3
6022, 3
6023, 4
6024, 4
6025, 2
6026, 7
6027, 2
6028, 3
6029, 4
6030, 2
6031, 9
6032, 4
6033, 4
6034, 4
6035, 15
6036, 5
6037, 5
6038, 4
6039, 5
6040, 7
6041, 3
6042, 3
6043, 10
6044, 4
6045, 3
6046, 4
6047, 10
6048, 2
6049, 4
6050, 5
6051, 3
6052, 5
6053, 2
6054, 10
6055, 2
6056, 3
6057, 4
6058, 2
6059, 20
6060, 6
6061, 6
6062, 6
6063, 5
6064, 6
6065, 11
6066, 2
6067, 3
6068, 5
6069, 2
6070, 5
6071, 2
6072, 8
6073, 2
6074, 3
6075, 10
6076, 3
6077, 3
6078, 7
6079, 2
6080, 5
6081, 2
6082, 6
6083, 2
6084, 10
6085, 4
6086, 4
6087, 4
6088, 34
6089, 12
6090, 12
6091, 12
6092, 12
6093, 12
6094, 12
6095, 12
6096, 12
6097, 12
6098, 12
6099, 12
6100, 17
6101, 3
6102, 3
6103, 6
6104, 2
6105, 6
6106, 2
6107, 4
6108, 2
6109, 13
6110, 5
6111, 4
6112, 4
6113, 5
6114, 5
6115, 2
6116, 6
6117, 3
6118, 3
6119, 12
6120, 5
6121, 5
6122, 5
6123, 5
6124, 6
6125, 4
6126, 2
6127, 18
6128, 7
6129, 7
6130, 7
6131, 7
6132, 7
6133, 7
6134, 10
6135, 3
6136, 3
6137, 8
6138, 3
6139, 3
6140, 5
6141, 2
6142, 12
6143, 4
6144, 4
6145, 4
6146, 11
6147, 2
6148, 3
6149, 4
6150, 2
6151, 10
6152, 2
6153, 3
6154, 5
6155, 2
6156, 4
6157, 2
6158, 10
6159, 3
6160, 3
6161, 10
6162, 3
6163, 3
6164, 5
6165, 2
6166, 18
6167, 5
6168, 5
6169, 4
6170, 5
6171, 13
6172, 2
6173, 7
6174, 5
6175, 7
6176, 4
6177, 7
6178, 2
6179, 8
6180, 2
6181, 14
6182, 2
6183, 5
6184, 3
6185, 5
6186, 2
6187, 11
6188, 3
6189, 3
6190, 6
6191, 2
6192, 6
6193, 2
6194, 4
6195, 2
6196, 12
6197, 4
6198, 3
6199, 4
6200, 6
6201, 3
6202, 3
6203, 9
6204, 3
6205, 3
6206, 4
6207, 4
6208, 2
6209, 11
6210, 5
6211, 5
6212, 5
6213, 5
6214, 16
6215, 6
6216, 6
6217, 6
6218, 5
6219, 6
6220, 8
6221, 3
6222, 3
6223, 10
6224, 4
6225, 4
6226, 4
6227, 7
6228, 2
6229, 4
6230, 2
6231, 10
6232, 4
6233, 4
6234, 4
6235, 7
6236, 2
6237, 4
6238, 2
6239, 17
6240, 7
6241, 7
6242, 7
6243, 7
6244, 7
6245, 7
6246, 15
6247, 4
6248, 4
6249, 4
6250, 6
6251, 2
6252, 8
6253, 2
6254, 3
6255, 4
6256, 2
6257, 7
6258, 2
6259, 4
6260, 2
6261, 9
6262, 3
6263, 3
6264, 5
6265, 2
6266, 13
6267, 5
6268, 5
6269, 5
6270, 5
6271, 8
6272, 2
6273, 5
6274, 2
6275, 7
6276, 3
6277, 3
6278, 32
6279, 11
6280, 11
6281, 11
6282, 11
6283, 11
6284, 11
6285, 11
6286, 11
6287, 11
6288, 11
6289, 15
6290, 2
6291, 3
6292, 4
6293, 2
6294, 10
6295, 4
6296, 4
6297, 4
6298, 7
6299, 2
6300, 4
6301, 2
6302, 11
6303, 4
6304, 4
6305, 4
6306, 6
6307, 2
6308, 7
6309, 4
6310, 4
6311, 4
6312, 15
6313, 6
6314, 6
6315, 6
6316, 5
6317, 6
6318, 9
6319, 2
6320, 3
6321, 6
6322, 3
6323, 3
6324, 21
6325, 6
6326, 6
6327, 6
6328, 6
6329, 6
6330, 8
6331, 2
6332, 10
6333, 3
6334, 3
6335, 5
6336, 2
6337, 7
6338, 2
6339, 3
6340, 7
6341, 3
6342, 3
6343, 13
6344, 4
6345, 3
6346, 4
6347, 8
6348, 2
6349, 3
6350, 7
6351, 2
6352, 3
6353, 7
6354, 3
6355, 3
6356, 21
6357, 5
6358, 5
6359, 5
6360, 5
6361, 7
6362, 2
6363, 11
6364, 3
6365, 3
6366, 4
6367, 4
6368, 2
6369, 8
6370, 3
6371, 3
6372, 7
6373, 2
6374, 3
6375, 8
6376, 2
6377, 5
6378, 3
6379, 5
6380, 2
6381, 14
6382, 3
6383, 3
6384, 5
6385, 2
6386, 6
6387, 2
6388, 4
6389, 2
6390, 17
6391, 3
6392, 3
6393, 5
6394, 5
6395, 3
6396, 5
6397, 2
6398, 7
6399, 2
6400, 7
6401, 2
6402, 3
6403, 4
6404, 2
6405, 8
6406, 3
6407, 3
6408, 8
6409, 3
6410, 3
6411, 6
6412, 3
6413, 3
6414, 16
6415, 5
6416, 4
6417, 4
6418, 5
6419, 7
6420, 2
6421, 4
6422, 2
6423, 7
6424, 2
6425, 4
6426, 2
6427, 16
6428, 5
6429, 5
6430, 5
6431, 5
6432, 8
6433, 3
6434, 3
6435, 8
6436, 4
6437, 4
6438, 4
6439, 15
6440, 5
6441, 5
6442, 5
6443, 5
6444, 12
6445, 2
6446, 4
6447, 5
6448, 3
6449, 5
6450, 2
6451, 9
6452, 3
6453, 3
6454, 17
6455, 5
6456, 5
6457, 5
6458, 5
6459, 7
6460, 2
6461, 7
6462, 2
6463, 3
6464, 6
6465, 3
6466, 3
6467, 20
6468, 7
6469, 6
6470, 6
6471, 6
6472, 6
6473, 7
6474, 5
6475, 2
6476, 10
6477, 4
6478, 4
6479, 4
6480, 5
6481, 4
6482, 2
6483, 11
6484, 4
6485, 4
6486, 4
6487, 6
6488, 2
6489, 8
6490, 2
6491, 3
6492, 4
6493, 2
6494, 9
6495, 2
6496, 4
6497, 5
6498, 2
6499, 5
6500, 2
6501, 22
6502, 7
6503, 7
6504, 7
6505, 7
6506, 7
6507, 7
6508, 9
6509, 2
6510, 7
6511, 4
6512, 4
6513, 4
6514, 13
6515, 4
6516, 4
6517, 4
6518, 6
6519, 2
6520, 8
6521, 2
6522, 3
6523, 4
6524, 2
6525, 7
6526, 3
6527, 3
6528, 13
6529, 4
6530, 4
6531, 4
6532, 5
6533, 4
6534, 2
6535, 6
6536, 3
6537, 3
6538, 22
6539, 8
6540, 8
6541, 8
6542, 8
6543, 8
6544, 8
6545, 8
6546, 14
6547, 4
6548, 4
6549, 4
6550, 10
6551, 4
6552, 3
6553, 4
6554, 6
6555, 3
6556, 3
6557, 11
6558, 4
6559, 4
6560, 4
6561, 12
6562, 3
6563, 3
6564, 6
6565, 6
6566, 4
6567, 6
6568, 2
6569, 7
6570, 2
6571, 19
6572, 5
6573, 5
6574, 5
6575, 5
6576, 14
6577, 4
6578, 4
6579, 4
6580, 7
6581, 3
6582, 3
6583, 8
6584, 3
6585, 3
6586, 5
6587, 2
6588, 13
6589, 3
6590, 3
6591, 4
6592, 4
6593, 2
6594, 6
6595, 3
6596, 3
6597, 9
6598, 3
6599, 3
6600, 5
6601, 2
6602, 14
6603, 3
6604, 3
6605, 6
6606, 3
6607, 5
6608, 2
6609, 7
6610, 2
6611, 6
6612, 2
6613, 4
6614, 2
6615, 16
6616, 5
6617, 4
6618, 4
6619, 5
6620, 6
6621, 2
6622, 4
6623, 2
6624, 19
6625, 6
6626, 6
6627, 6
6628, 6
6629, 6
6630, 9
6631, 2
6632, 5
6633, 2
6634, 7
6635, 3
6636, 3
6637, 11
6638, 4
6639, 4
6640, 4
6641, 8
6642, 2
6643, 3
6644, 4
6645, 2
6646, 11
6647, 4
6648, 4
6649, 4
6650, 11
6651, 3
6652, 3
6653, 4
6654, 6
6655, 2
6656, 4
6657, 2
6658, 7
6659, 2
6660, 4
6661, 2
6662, 13
6663, 4
6664, 4
6665, 4
6666, 6
6667, 2
6668, 23
6669, 7
6670, 7
6671, 7
6672, 7
6673, 7
6674, 7
6675, 9
6676, 5
6677, 2
6678, 5
6679, 2
6680, 9
6681, 2
6682, 6
6683, 2
6684, 4
6685, 2
6686, 9
6687, 2
6688, 3
6689, 4
6690, 2
6691, 13
6692, 3
6693, 3
6694, 5
6695, 5
6696, 2
6697, 5
6698, 2
6699, 8
6700, 3
6701, 3
6702, 14
6703, 4
6704, 3
6705, 4
6706, 8
6707, 2
6708, 3
6709, 9
6710, 2
6711, 3
6712, 10
6713, 2
6714, 3
6715, 5
6716, 2
6717, 5
6718, 2
6719, 10
6720, 2
6721, 3
6722, 4
6723, 2
6724, 11
6725, 3
6726, 3
6727, 5
6728, 2
6729, 24
6730, 9
6731, 9
6732, 9
6733, 9
6734, 9
6735, 9
6736, 9
6737, 9
6738, 12
6739, 3
6740, 3
6741, 9
6742, 3
6743, 3
6744, 5
6745, 2
6746, 7
6747, 2
6748, 3
6749, 5
6750, 2
6751, 4
6752, 2
6753, 13
6754, 6
6755, 6
6756, 6
6757, 6
6758, 6
6759, 13
6760, 6
6761, 6
6762, 6
6763, 6
6764, 6
6765, 28
6766, 10
6767, 10
6768, 10
6769, 10
6770, 10
6771, 9
6772, 9
6773, 9
6774, 10
6775, 9
6776, 2
6777, 10
6778, 5
6779, 5
6780, 5
6781, 5
6782, 9
6783, 3
6784, 3
6785, 7
6786, 3
6787, 3
6788, 17
6789, 6
6790, 6
6791, 6
6792, 6
6793, 6
6794, 9
6795, 2
6796, 5
6797, 2
6798, 14
6799, 6
6800, 6
6801, 6
6802, 6
6803, 6
6804, 10
6805, 2
6806, 3
6807, 5
6808, 2
6809, 4
6810, 2
6811, 10
6812, 5
6813, 5
6814, 5
6815, 5
6816, 15
6817, 6
6818, 6
6819, 6
6820, 6
6821, 6
6822, 19
6823, 6
6824, 6
6825, 6
6826, 6
6827, 6
6828, 16
6829, 5
6830, 5
6831, 5
6832, 5
6833, 7
6834, 2
6835, 10
6836, 4
6837, 4
6838, 4
6839, 8
6840, 2
6841, 3
6842, 4
6843, 2
6844, 10
6845, 3
6846, 3
6847, 5
6848, 2
6849, 8
6850, 2
6851, 3
6852, 6
6853, 2
6854, 4
6855, 2
6856, 9
6857, 2
6858, 5
6859, 2
6860, 5
6861, 2
6862, 16
6863, 4
6864, 4
6865, 4
6866, 7
6867, 2
6868, 5
6869, 2
6870, 15
6871, 5
6872, 5
6873, 5
6874, 5
6875, 8
6876, 3
6877, 3
6878, 8
6879, 4
6880, 4
6881, 4
6882, 17
6883, 5
6884, 5
6885, 5
6886, 5
6887, 11
6888, 2
6889, 6
6890, 3
6891, 6
6892, 2
6893, 7
6894, 2
6895, 11
6896, 3
6897, 3
6898, 5
6899, 2
6900, 11
6901, 3
6902, 3
6903, 5
6904, 2
6905, 8
6906, 2
6907, 3
6908, 4
6909, 2
6910, 8
6911, 2
6912, 3
6913, 4
6914, 2
6915, 10
6916, 3
6917, 3
6918, 6
6919, 2
6920, 4
6921, 2
6922, 27
6923, 7
6924, 7
6925, 7
6926, 7
6927, 7
6928, 7
6929, 9
6930, 2
6931, 7
6932, 4
6933, 4
6934, 4
6935, 12
6936, 5
6937, 5
6938, 5
6939, 5
6940, 11
6941, 4
6942, 4
6943, 4
6944, 7
6945, 2
6946, 4
6947, 2
6948, 10
6949, 4
6950, 4
6951, 4
6952, 8
6953, 3
6954, 3
6955, 5
6956, 2
6957, 15
6958, 5
6959, 5
6960, 5
6961, 5
6962, 7
6963, 2
6964, 8
6965, 4
6966, 4
6967, 4
6968, 6
6969, 2
6970, 15
6971, 5
6972, 5
6973, 5
6974, 5
6975, 8
6976, 2
6977, 5
6978, 2
6979, 9
6980, 3
6981, 3
6982, 7
6983, 2
6984, 3
6985, 4
6986, 2
6987, 10
6988, 3
6989, 3
6990, 5
6991, 2
6992, 8
6993, 3
6994, 3
6995, 5
6996, 2
6997, 22
6998, 7
6999, 7
7000, 7
7001, 7
7002, 7
7003, 7
7004, 12
7005, 2
7006, 4
7007, 2
7008, 6
7009, 2
7010, 8
7011, 2
7012, 3
7013, 5
7014, 2
7015, 4
7016, 2
7017, 12
7018, 5
7019, 4
7020, 4
7021, 5
7022, 6
7023, 2
7024, 4
7025, 2
7026, 21
7027, 7
7028, 7
7029, 7
7030, 7
7031, 6
7032, 7
7033, 11
7034, 2
7035, 3
7036, 4
7037, 2
7038, 8
7039, 2
7040, 3
7041, 4
7042, 2
7043, 14
7044, 4
7045, 4
7046, 4
7047, 5
7048, 4
7049, 2
7050, 7
7051, 2
7052, 3
7053, 4
7054, 2
7055, 10
7056, 4
7057, 4
7058, 4
7059, 9
7060, 4
7061, 4
7062, 4
7063, 10
7064, 4
7065, 4
7066, 4
7067, 24
7068, 5
7069, 5
7070, 5
7071, 5
7072, 7
7073, 2
7074, 7
7075, 2
7076, 3
7077, 6
7078, 2
7079, 3
7080, 12
7081, 3
7082, 3
7083, 8
7084, 2
7085, 3
7086, 4
7087, 2
7088, 11
7089, 2
7090, 5
7091, 3
7092, 5
7093, 2
7094, 8
7095, 2
7096, 7
7097, 2
7098, 4
7099, 2
7100, 13
7101, 3
7102, 3
7103, 5
7104, 2
7105, 8
7106, 3
7107, 3
7108, 5
7109, 2
7110, 7
7111, 2
7112, 5
7113, 2
7114, 5
7115, 2
7116, 16
7117, 4
7118, 4
7119, 4
7120, 7
7121, 3
7122, 5
7123, 2
7124, 7
7125, 3
7126, 3
7127, 13
7128, 5
7129, 5
7130, 5
7131, 5
7132, 13
7133, 5
7134, 5
7135, 5
7136, 5
7137, 13
7138, 5
7139, 5
7140, 5
7141, 5
7142, 20
7143, 5
7144, 5
7145, 5
7146, 5
7147, 6
7148, 4
7149, 2
7150, 13
7151, 4
7152, 4
7153, 4
7154, 6
7155, 2
7156, 7
7157, 2
7158, 3
7159, 4
7160, 2
7161, 14
7162, 3
7163, 3
7164, 6
7165, 6
7166, 3
7167, 6
7168, 2
7169, 7
7170, 2
7171, 16
7172, 3
7173, 3
7174, 4
7175, 4
7176, 2
7177, 7
7178, 2
7179, 3
7180, 6
7181, 3
7182, 3
7183, 12
7184, 4
7185, 4
7186, 4
7187, 17
7188, 4
7189, 4
7190, 4
7191, 8
7192, 4
7193, 6
7194, 2
7195, 6
7196, 2
7197, 10
7198, 2
7199, 3
7200, 4
7201, 2
7202, 19
7203, 6
7204, 6
7205, 6
7206, 6
7207, 6
7208, 8
7209, 2
7210, 9
7211, 4
7212, 4
7213, 4
7214, 11
7215, 4
7216, 3
7217, 4
7218, 8
7219, 3
7220, 3
7221, 5
7222, 2
7223, 6
7224, 3
7225, 3
7226, 12
7227, 4
7228, 4
7229, 4
7230, 6
7231, 2
7232, 28
7233, 9
7234, 9
7235, 9
7236, 9
7237, 9
7238, 9
7239, 9
7240, 9
7241, 15
7242, 3
7243, 3
7244, 4
7245, 4
7246, 2
7247, 7
7248, 3
7249, 3
7250, 8
7251, 2
7252, 5
7253, 3
7254, 5
7255, 2
7256, 12
7257, 4
7258, 4
7259, 4
7260, 6
7261, 2
7262, 17
7263, 4
7264, 4
7265, 4
7266, 7
7267, 3
7268, 5
7269, 2
7270, 6
7271, 2
7272, 7
7273, 2
7274, 3
7275, 4
7276, 2
7277, 8
7278, 3
7279, 3
7280, 5
7281, 2
7282, 11
7283, 3
7284, 3
7285, 4
7286, 4
7287, 2
7288, 7
7289, 2
7290, 3
7291, 6
7292, 3
7293, 3
7294, 12
7295, 4
7296, 4
7297, 4
7298, 6
7299, 2
7300, 11
7301, 5
7302, 5
7303, 4
7304, 5
7305, 8
7306, 3
7307, 3
7308, 6
7309, 2
7310, 4
7311, 2
7312, 19
7313, 6
7314, 6
7315, 6
7316, 5
7317, 6
7318, 9
7319, 2
7320, 3
7321, 6
7322, 3
7323, 3
7324, 9
7325, 4
7326, 4
7327, 4
7328, 14
7329, 4
7330, 4
7331, 4
7332, 5
7333, 4
7334, 2
7335, 6
7336, 3
7337, 3
7338, 9
7339, 4
7340, 4
7341, 4
7342, 7
7343, 3
7344, 3
7345, 12
7346, 5
7347, 5
7348, 5
7349, 5
7350, 10
7351, 4
7352, 3
7353, 4
7354, 6
7355, 3
7356, 3
7357, 16
7358, 5
7359, 5
7360, 5
7361, 5
7362, 7
7363, 2
7364, 8
7365, 2
7366, 3
7367, 8
7368, 2
7369, 3
7370, 4
7371, 2
7372, 8
7373, 3
7374, 3
7375, 19
7376, 6
7377, 6
7378, 6
7379, 6
7380, 6
7381, 9
7382, 3
7383, 3
7384, 9
7385, 3
7386, 3
7387, 4
7388, 5
7389, 2
7390, 4
7391, 2
7392, 15
7393, 4
7394, 4
7395, 4
7396, 6
7397, 2
7398, 6
7399, 3
7400, 3
7401, 11
7402, 3
7403, 3
7404, 6
7405, 3
7406, 5
7407, 2
7408, 9
7409, 3
7410, 3
7411, 5
7412, 2
7413, 13
7414, 4
7415, 4
7416, 4
7417, 8
7418, 2
7419, 3
7420, 6
7421, 3
7422, 3
7423, 14
7424, 4
7425, 4
7426, 4
7427, 8
7428, 2
7429, 3
7430, 4
7431, 2
7432, 11
7433, 3
7434, 3
7435, 4
7436, 4
7437, 2
7438, 8
7439, 2
7440, 4
7441, 5
7442, 2
7443, 5
7444, 2
7445, 12
7446, 3
7447, 3
7448, 7
7449, 2
7450, 3
7451, 7
7452, 2
7453, 3
7454, 4
7455, 2
7456, 22
7457, 7
7458, 7
7459, 7
7460, 7
7461, 7
7462, 7
7463, 9
7464, 2
7465, 11
7466, 3
7467, 3
7468, 8
7469, 2
7470, 7
7471, 2
7472, 8
7473, 2
7474, 5
7475, 2
7476, 10
7477, 2
7478, 3
7479, 4
7480, 2
7481, 16
7482, 5
7483, 4
7484, 4
7485, 5
7486, 5
7487, 2
7488, 6
7489, 2
7490, 3
7491, 7
7492, 3
7493, 3
7494, 6
7495, 3
7496, 3
7497, 15
7498, 7
7499, 7
7500, 6
7501, 6
7502, 6
7503, 7
7504, 6
7505, 2
7506, 13
7507, 5
7508, 5
7509, 5
7510, 5
7511, 8
7512, 2
7513, 5
7514, 2
7515, 8
7516, 2
7517, 3
7518, 5
7519, 2
7520, 4
7521, 2
7522, 9
7523, 4
7524, 4
7525, 4
7526, 11
7527, 4
7528, 4
7529, 4
7530, 6
7531, 2
7532, 7
7533, 4
7534, 4
7535, 4
7536, 26
7537, 10
7538, 10
7539, 10
7540, 10
7541, 10
7542, 10
7543, 10
7544, 10
7545, 10
7546, 18
7547, 4
7548, 4
7549, 4
7550, 8
7551, 3
7552, 3
7553, 7
7554, 3
7555, 3
7556, 13
7557, 4
7558, 4
7559, 4
7560, 12
7561, 2
7562, 6
7563, 4
7564, 6
7565, 3
7566, 6
7567, 2
7568, 12
7569, 2
7570, 5
7571, 3
7572, 5
7573, 2
7574, 14
7575, 4
7576, 4
7577, 4
7578, 7
7579, 2
7580, 5
7581, 2
7582, 14
7583, 5
7584, 5
7585, 5
7586, 5
7587, 8
7588, 3
7589, 3
7590, 11
7591, 5
7592, 5
7593, 5
7594, 5
7595, 8
7596, 3
7597, 3
7598, 28
7599, 10
7600, 10
7601, 10
7602, 10
7603, 10
7604, 10
7605, 10
7606, 10
7607, 10
7608, 13
7609, 2
7610, 4
7611, 2
7612, 10
7613, 6
7614, 6
7615, 6
7616, 6
7617, 6
7618, 18
7619, 6
7620, 6
7621, 6
7622, 6
7623, 6
7624, 8
7625, 2
7626, 6
7627, 3
7628, 3
7629, 11
7630, 3
7631, 3
7632, 4
7633, 4
7634, 2
7635, 7
7636, 2
7637, 3
7638, 6
7639, 3
7640, 3
7641, 13
7642, 6
7643, 6
7644, 6
7645, 6
7646, 6
7647, 16
7648, 6
7649, 6
7650, 6
7651, 6
7652, 6
7653, 8
7654, 2
7655, 9
7656, 4
7657, 4
7658, 4
7659, 5
7660, 4
7661, 2
7662, 19
7663, 7
7664, 7
7665, 7
7666, 7
7667, 7
7668, 7
7669, 16
7670, 4
7671, 4
7672, 4
7673, 7
7674, 2
7675, 5
7676, 2
7677, 14
7678, 4
7679, 4
7680, 4
7681, 7
7682, 3
7683, 3
7684, 11
7685, 3
7686, 3
7687, 6
7688, 3
7689, 5
7690, 2
7691, 9
7692, 3
7693, 3
7694, 6
7695, 2
7696, 4
7697, 2
7698, 15
7699, 4
7700, 4
7701, 4
7702, 11
7703, 3
7704, 3
7705, 4
7706, 5
7707, 2
7708, 5
7709, 2
7710, 9
7711, 3
7712, 3
7713, 5
7714, 2
7715, 15
7716, 4
7717, 4
7718, 4
7719, 8
7720, 2
7721, 3
7722, 4
7723, 2
7724, 10
7725, 4
7726, 3
7727, 4
7728, 8
7729, 3
7730, 3
7731, 6
7732, 2
7733, 4
7734, 2
7735, 14
7736, 3
7737, 3
7738, 6
7739, 3
7740, 5
7741, 2
7742, 7
7743, 2
7744, 4
7745, 2
7746, 7
7747, 3
7748, 3
7749, 26
7750, 6
7751, 6
7752, 6
7753, 6
7754, 6
7755, 8
7756, 2
7757, 14
7758, 4
7759, 4
7760, 4
7761, 7
7762, 2
7763, 4
7764, 2
7765, 10
7766, 3
7767, 3
7768, 6
7769, 2
7770, 5
7771, 2
7772, 8
7773, 3
7774, 3
7775, 14
7776, 3
7777, 3
7778, 5
7779, 5
7780, 2
7781, 5
7782, 2
7783, 14
7784, 3
7785, 3
7786, 5
7787, 2
7788, 6
7789, 2
7790, 4
7791, 2
7792, 7
7793, 3
7794, 3
7795, 14
7796, 3
7797, 3
7798, 5
7799, 2
7800, 6
7801, 2
7802, 5
7803, 2
7804, 7
7805, 3
7806, 3
7807, 18
7808, 4
7809, 4
7810, 4
7811, 6
7812, 2
7813, 10
7814, 2
7815, 3
7816, 12
7817, 2
7818, 4
7819, 5
7820, 3
7821, 5
7822, 2
7823, 11
7824, 2
7825, 8
7826, 2
7827, 9
7828, 2
7829, 4
7830, 2
7831, 19
7832, 5
7833, 5
7834, 5
7835, 5
7836, 15
7837, 3
7838, 3
7839, 5
7840, 5
7841, 3
7842, 5
7843, 2
7844, 11
7845, 2
7846, 3
7847, 7
7848, 2
7849, 4
7850, 2
7851, 7
7852, 2
7853, 4
7854, 2
7855, 10
7856, 3
7857, 3
7858, 15
7859, 3
7860, 3
7861, 4
7862, 6
7863, 2
7864, 5
7865, 2
7866, 8
7867, 2
7868, 3
7869, 4
7870, 2
7871, 11
7872, 3
7873, 3
7874, 4
7875, 4
7876, 2
7877, 19
7878, 5
7879, 5
7880, 5
7881, 5
7882, 7
7883, 2
7884, 9
7885, 3
7886, 3
7887, 8
7888, 2
7889, 3
7890, 4
7891, 2
7892, 8
7893, 2
7894, 3
7895, 4
7896, 2
7897, 11
7898, 3
7899, 3
7900, 7
7901, 2
7902, 4
7903, 2
7904, 7
7905, 3
7906, 3
7907, 11
7908, 4
7909, 4
7910, 4
7911, 13
7912, 4
7913, 4
7914, 4
7915, 6
7916, 2
7917, 7
7918, 2
7919, 3
7920, 4
7921, 2
7922, 12
7923, 4
7924, 4
7925, 4
7926, 7
7927, 3
7928, 3
7929, 10
7930, 4
7931, 4
7932, 4
7933, 14
7934, 3
7935, 3
7936, 8
7937, 5
7938, 7
7939, 4
7940, 7
7941, 2
7942, 8
7943, 2
7944, 12
7945, 2
7946, 3
7947, 5
7948, 2
7949, 4
7950, 2
7951, 15
7952, 4
7953, 4
7954, 4
7955, 5
7956, 4
7957, 2
7958, 23
7959, 7
7960, 7
7961, 7
7962, 7
7963, 7
7964, 7
7965, 11
7966, 3
7967, 3
7968, 6
7969, 3
7970, 3
7971, 15
7972, 3
7973, 3
7974, 6
7975, 3
7976, 5
7977, 2
7978, 6
7979, 2
7980, 8
7981, 2
7982, 4
7983, 2
7984, 5
7985, 2
7986, 7
7987, 3
7988, 3
7989, 10
7990, 4
7991, 4
7992, 4
7993, 11
7994, 4
7995, 4
7996, 4
7997, 6
7998, 2
7999, 13
8000, 4
8001, 4
8002, 4
8003, 6
8004, 5
8005, 2
8006, 5
8007, 2
8008, 13
8009, 4
8010, 4
8011, 4
8012, 6
8013, 2
8014, 10
8015, 4
8016, 4
8017, 4
8018, 8
8019, 3
8020, 3
8021, 5
8022, 2
8023, 12
8024, 3
8025, 3
8026, 4
8027, 6
8028, 2
8029, 4
8030, 2
8031, 7
8032, 2
8033, 4
8034, 2
8035, 11
8036, 4
8037, 4
8038, 4
8039, 17
8040, 5
8041, 5
8042, 5
8043, 5
8044, 7
8045, 5
8046, 2
8047, 5
8048, 2
8049, 29
8050, 9
8051, 9
8052, 9
8053, 9
8054, 9
8055, 9
8056, 9
8057, 9
8058, 14
8059, 3
8060, 3
8061, 6
8062, 2
8063, 5
8064, 2
8065, 11
8066, 5
8067, 5
8068, 5
8069, 5
8070, 8
8071, 3
8072, 3
8073, 18
8074, 5
8075, 5
8076, 5
8077, 5
8078, 7
8079, 2
8080, 5
8081, 2
8082, 9
8083, 2
8084, 6
8085, 3
8086, 6
8087, 2
8088, 6
8089, 2
8090, 13
8091, 3
8092, 3
8093, 7
8094, 4
8095, 6
8096, 2
8097, 6
8098, 2
8099, 15
8100, 5
8101, 5
8102, 5
8103, 5
8104, 9
8105, 2
8106, 3
8107, 4
8108, 2
8109, 14
8110, 5
8111, 5
8112, 5
8113, 5
8114, 9
8115, 3
8116, 3
8117, 7
8118, 3
8119, 3
8120, 11
8121, 3
8122, 3
8123, 4
8124, 4
8125, 2
8126, 6
8127, 3
8128, 3
8129, 15
8130, 6
8131, 6
8132, 6
8133, 6
8134, 6
8135, 16
8136, 6
8137, 6
8138, 6
8139, 6
8140, 6
8141, 10
8142, 4
8143, 4
8144, 4
8145, 11
8146, 5
8147, 5
8148, 5
8149, 5
8150, 10
8151, 3
8152, 3
8153, 4
8154, 4
8155, 2
8156, 23
8157, 8
8158, 8
8159, 8
8160, 8
8161, 8
8162, 8
8163, 8
8164, 12
8165, 2
8166, 5
8167, 2
8168, 8
8169, 2
8170, 3
8171, 4
8172, 2
8173, 17
8174, 6
8175, 6
8176, 6
8177, 6
8178, 6
8179, 8
8180, 2
8181, 9
8182, 3
8183, 3
8184, 5
8185, 2
8186, 10
8187, 3
8188, 3
8189, 9
8190, 2
8191, 3
8192, 5
8193, 2
8194, 7
8195, 2
8196, 4
8197, 2
8198, 12
8199, 3
8200, 3
8201, 5
8202, 2
8203, 18
8204, 5
8205, 5
8206, 5
8207, 5
8208, 7
8209, 2
8210, 6
8211, 2
8212, 4
8213, 2
8214, 10
8215, 2
8216, 3
8217, 4
8218, 2
8219, 8
8220, 2
8221, 4
8222, 2
8223, 10
8224, 2
8225, 4
8226, 5
8227, 2
8228, 5
8229, 2
8230, 14
8231, 5
8232, 5
8233, 5
8234, 5
8235, 11
8236, 5
8237, 5
8238, 5
8239, 5
8240, 10
8241, 3
8242, 3
8243, 4
8244, 4
8245, 2
8246, 16
8247, 6
8248, 6
8249, 6
8250, 6
8251, 6
8252, 11
8253, 3
8254, 3
8255, 5
8256, 2
8257, 6
8258, 3
8259, 3
8260, 17
8261, 6
8262, 6
8263, 5
8264, 5
8265, 6
8266, 7
8267, 2
8268, 5
8269, 2
8270, 10
8271, 2
8272, 3
8273, 7
8274, 2
8275, 4
8276, 2
8277, 9
8278, 2
8279, 4
8280, 2
8281, 10
8282, 2
8283, 3
8284, 4
8285, 2
8286, 15
8287, 5
8288, 5
8289, 5
8290, 5
8291, 11
8292, 4
8293, 3
8294, 4
8295, 13
8296, 2
8297, 8
8298, 6
8299, 8
8300, 5
8301, 8
8302, 4
8303, 9
8304, 2
8305, 11
8306, 2
8307, 25
8308, 4
8309, 4
8310, 4
8311, 6
8312, 5
8313, 3
8314, 5
8315, 2
8316, 12
8317, 2
8318, 6
8319, 3
8320, 5
8321, 2
8322, 6
8323, 2
8324, 8
8325, 3
8326, 3
8327, 12
8328, 3
8329, 3
8330, 4
8331, 5
8332, 2
8333, 5
8334, 2
8335, 7
8336, 3
8337, 3
8338, 11
8339, 4
8340, 4
8341, 4
8342, 12
8343, 3
8344, 3
8345, 4
8346, 4
8347, 2
8348, 8
8349, 2
8350, 3
8351, 4
8352, 2
8353, 7
8354, 2
8355, 4
8356, 2
8357, 14
8358, 4
8359, 4
8360, 4
8361, 7
8362, 3
8363, 3
8364, 8
8365, 4
8366, 4
8367, 4
8368, 28
8369, 8
8370, 8
8371, 8
8372, 8
8373, 8
8374, 8
8375, 8
8376, 19
8377, 4
8378, 4
8379, 4
8380, 5
8381, 4
8382, 2
8383, 7
8384, 2
8385, 6
8386, 2
8387, 7
8388, 2
8389, 4
8390, 2
8391, 14
8392, 4
8393, 4
8394, 4
8395, 6
8396, 2
8397, 6
8398, 3
8399, 3
8400, 12
8401, 4
8402, 4
8403, 4
8404, 6
8405, 2
8406, 6
8407, 3
8408, 3
8409, 18
8410, 5
8411, 5
8412, 5
8413, 5
8414, 7
8415, 2
8416, 8
8417, 3
8418, 3
8419, 4
8420, 5
8421, 2
8422, 4
8423, 2
8424, 10
8425, 4
8426, 4
8427, 4
8428, 7
8429, 3
8430, 3
8431, 17
8432, 4
8433, 4
8434, 4
8435, 7
8436, 3
8437, 5
8438, 2
8439, 8
8440, 2
8441, 3
8442, 4
8443, 2
8444, 15
8445, 3
8446, 3
8447, 6
8448, 2
8449, 5
8450, 2
8451, 12
8452, 2
8453, 5
8454, 3
8455, 5
8456, 2
8457, 7
8458, 2
8459, 9
8460, 2
8461, 3
8462, 4
8463, 2
8464, 11
8465, 2
8466, 3
8467, 9
8468, 2
8469, 3
8470, 8
8471, 2
8472, 5
8473, 3
8474, 5
8475, 2
8476, 11
8477, 3
8478, 3
8479, 22
8480, 5
8481, 5
8482, 5
8483, 5
8484, 8
8485, 2
8486, 5
8487, 2
8488, 11
8489, 4
8490, 4
8491, 4
8492, 5
8493, 4
8494, 2
8495, 11
8496, 4
8497, 4
8498, 4
8499, 5
8500, 4
8501, 2
8502, 9
8503, 4
8504, 4
8505, 4
8506, 7
8507, 3
8508, 3
8509, 9
8510, 4
8511, 3
8512, 4
8513, 6
8514, 3
8515, 3
8516, 18
8517, 6
8518, 6
8519, 6
8520, 6
8521, 6
8522, 9
8523, 2
8524, 4
8525, 2
8526, 9
8527, 5
8528, 5
8529, 5
8530, 5
8531, 22
8532, 9
8533, 9
8534, 9
8535, 9
8536, 9
8537, 9
8538, 9
8539, 9
8540, 19
8541, 6
8542, 6
8543, 6
8544, 6
8545, 6
8546, 9
8547, 2
8548, 6
8549, 2
8550, 4
8551, 2
8552, 11
8553, 4
8554, 4
8555, 4
8556, 11
8557, 3
8558, 3
8559, 5
8560, 2
8561, 5
8562, 2
8563, 9
8564, 2
8565, 6
8566, 4
8567, 6
8568, 2
8569, 6
8570, 2
8571, 14
8572, 3
8573, 3
8574, 6
8575, 2
8576, 5
8577, 2
8578, 32
8579, 11
8580, 11
8581, 11
8582, 11
8583, 11
8584, 11
8585, 11
8586, 11
8587, 11
8588, 11
8589, 19
8590, 4
8591, 4
8592, 4
8593, 8
8594, 3
8595, 3
8596, 7
8597, 3
8598, 3
8599, 15
8600, 4
8601, 4
8602, 4
8603, 10
8604, 2
8605, 4
8606, 2
8607, 6
8608, 2
8609, 9
8610, 2
8611, 3
8612, 4
8613, 2
8614, 8
8615, 3
8616, 3
8617, 13
8618, 5
8619, 5
8620, 5
8621, 5
8622, 20
8623, 8
8624, 8
8625, 8
8626, 8
8627, 8
8628, 8
8629, 8
8630, 16
8631, 5
8632, 5
8633, 5
8634, 5
8635, 8
8636, 3
8637, 3
8638, 9
8639, 4
8640, 4
8641, 4
8642, 10
8643, 4
8644, 4
8645, 4
8646, 10
8647, 3
8648, 3
8649, 4
8650, 4
8651, 2
8652, 6
8653, 3
8654, 3
8655, 18
8656, 6
8657, 6
8658, 6
8659, 6
8660, 6
8661, 10
8662, 3
8663, 3
8664, 5
8665, 2
8666, 12
8667, 4
8668, 4
8669, 4
8670, 5
8671, 4
8672, 2
8673, 7
8674, 4
8675, 4
8676, 4
8677, 13
8678, 4
8679, 4
8680, 4
8681, 6
8682, 5
8683, 2
8684, 5
8685, 2
8686, 16
8687, 5
8688, 5
8689, 5
8690, 5
8691, 7
8692, 2
8693, 6
8694, 3
8695, 3
8696, 11
8697, 5
8698, 5
8699, 5
8700, 5
8701, 13
8702, 4
8703, 4
8704, 4
8705, 7
8706, 2
8707, 5
8708, 2
8709, 13
8710, 3
8711, 3
8712, 7
8713, 4
8714, 6
8715, 3
8716, 6
8717, 2
8718, 9
8719, 2
8720, 4
8721, 2
8722, 14
8723, 4
8724, 4
8725, 4
8726, 5
8727, 4
8728, 2
8729, 6
8730, 2
8731, 4
8732, 2
8733, 26
8734, 7
8735, 7
8736, 7
8737, 7
8738, 7
8739, 7
8740, 9
8741, 2
8742, 5
8743, 2
8744, 7
8745, 2
8746, 3
8747, 4
8748, 2
8749, 8
8750, 3
8751, 3
8752, 5
8753, 2
8754, 15
8755, 5
8756, 5
8757, 5
8758, 5
8759, 7
8760, 2
8761, 6
8762, 2
8763, 3
8764, 8
8765, 3
8766, 3
8767, 6
8768, 2
8769, 6
8770, 2
8771, 4
8772, 2
8773, 12
8774, 4
8775, 4
8776, 4
8777, 11
8778, 3
8779, 3
8780, 4
8781, 4
8782, 2
8783, 6
8784, 3
8785, 3
8786, 12
8787, 3
8788, 3
8789, 5
8790, 5
8791, 2
8792, 5
8793, 2
8794, 19
8795, 5
8796, 5
8797, 5
8798, 5
8799, 8
8800, 2
8801, 5
8802, 2
8803, 9
8804, 3
8805, 3
8806, 5
8807, 2
8808, 6
8809, 3
8810, 3
8811, 13
8812, 5
8813, 5
8814, 5
8815, 5
8816, 12
8817, 3
8818, 3
8819, 4
8820, 4
8821, 2
8822, 10
8823, 3
8824, 3
8825, 7
8826, 2
8827, 4
8828, 2
8829, 6
8830, 2
8831, 10
8832, 3
8833, 3
8834, 6
8835, 3
8836, 3
8837, 17
8838, 5
8839, 5
8840, 5
8841, 5
8842, 6
8843, 4
8844, 2
8845, 10
8846, 4
8847, 4
8848, 4
8849, 7
8850, 2
8851, 5
8852, 2
8853, 9
8854, 4
8855, 3
8856, 4
8857, 7
8858, 2
8859, 5
8860, 2
8861, 5
8862, 2
8863, 22
8864, 6
8865, 6
8866, 6
8867, 6
8868, 6
8869, 8
8870, 5
8871, 2
8872, 5
8873, 2
8874, 16
8875, 5
8876, 5
8877, 4
8878, 5
8879, 10
8880, 2
8881, 6
8882, 3
8883, 6
8884, 2
8885, 7
8886, 2
8887, 10
8888, 3
8889, 3
8890, 5
8891, 2
8892, 9
8893, 3
8894, 3
8895, 4
8896, 5
8897, 2
8898, 4
8899, 2
8900, 14
8901, 4
8902, 4
8903, 4
8904, 7
8905, 3
8906, 5
8907, 2
8908, 7
8909, 3
8910, 3
8911, 14
8912, 6
8913, 5
8914, 5
8915, 5
8916, 6
8917, 5
8918, 2
8919, 8
8920, 5
8921, 5
8922, 5
8923, 5
8924, 21
8925, 8
8926, 8
8927, 8
8928, 8
8929, 8
8930, 8
8931, 8
8932, 17
8933, 7
8934, 7
8935, 7
8936, 7
8937, 7
8938, 7
8939, 16
8940, 6
8941, 6
8942, 5
8943, 5
8944, 6
8945, 7
8946, 2
8947, 5
8948, 2
8949, 7
8950, 3
8951, 3
8952, 15
8953, 7
8954, 7
8955, 7
8956, 7
8957, 7
8958, 7
8959, 10
8960, 3
8961, 3
8962, 13
8963, 5
8964, 5
8965, 5
8966, 5
8967, 7
8968, 2
8969, 9
8970, 2
8971, 3
8972, 4
8973, 2
8974, 9
8975, 2
8976, 3
8977, 6
8978, 2
8979, 4
8980, 2
8981, 9
8982, 3
8983, 3
8984, 33
8985, 10
8986, 10
8987, 10
8988, 9
8989, 9
8990, 9
8991, 9
8992, 9
8993, 10
8994, 7
8995, 2
8996, 12
8997, 4
8998, 4
8999, 4
9000, 10
9001, 2
9002, 3
9003, 4
9004, 2
9005, 9
9006, 2
9007, 3
9008, 7
9009, 2
9010, 3
9011, 4
9012, 2
9013, 10
9014, 3
9015, 3
9016, 5
9017, 2
9018, 12
9019, 5
9020, 5
9021, 5
9022, 5
9023, 22
9024, 5
9025, 5
9026, 5
9027, 5
9028, 8
9029, 6
9030, 4
9031, 6
9032, 2
9033, 7
9034, 2
9035, 15
9036, 3
9037, 3
9038, 7
9039, 2
9040, 5
9041, 2
9042, 6
9043, 2
9044, 14
9045, 3
9046, 3
9047, 5
9048, 2
9049, 7
9050, 2
9051, 3
9052, 4
9053, 2
9054, 11
9055, 3
9056, 3
9057, 7
9058, 2
9059, 3
9060, 6
9061, 3
9062, 3
9063, 14
9064, 3
9065, 3
9066, 4
9067, 4
9068, 2
9069, 10
9070, 4
9071, 4
9072, 4
9073, 21
9074, 6
9075, 6
9076, 6
9077, 6
9078, 6
9079, 9
9080, 3
9081, 3
9082, 8
9083, 4
9084, 4
9085, 4
9086, 14
9087, 4
9088, 4
9089, 4
9090, 5
9091, 4
9092, 2
9093, 7
9094, 3
9095, 3
9096, 7
9097, 2
9098, 3
9099, 4
9100, 2
9101, 11
9102, 4
9103, 4
9104, 4
9105, 8
9106, 2
9107, 5
9108, 2
9109, 5
9110, 2
9111, 13
9112, 5
9113, 5
9114, 5
9115, 5
9116, 7
9117, 2
9118, 20
9119, 8
9120, 8
9121, 8
9122, 8
9123, 8
9124, 8
9125, 8
9126, 12
9127, 4
9128, 4
9129, 4
9130, 12
9131, 4
9132, 4
9133, 4
9134, 6
9135, 2
9136, 7
9137, 3
9138, 3
9139, 6
9140, 3
9141, 3
9142, 12
9143, 4
9144, 4
9145, 4
9146, 6
9147, 2
9148, 6
9149, 2
9150, 4
9151, 2
9152, 19
9153, 7
9154, 7
9155, 7
9156, 7
9157, 7
9158, 7
9159, 17
9160, 3
9161, 3
9162, 5
9163, 2
9164, 5
9165, 2
9166, 6
9167, 2
9168, 4
9169, 2
9170, 9
9171, 2
9172, 3
9173, 4
9174, 2
9175, 8
9176, 3
9177, 3
9178, 13
9179, 3
9180, 3
9181, 5
9182, 2
9183, 5
9184, 2
9185, 7
9186, 2
9187, 3
9188, 5
9189, 2
9190, 4
9191, 2
9192, 11
9193, 4
9194, 4
9195, 4
9196, 20
9197, 6
9198, 6
9199, 6
9200, 6
9201, 6
9202, 8
9203, 2
9204, 7
9205, 2
9206, 4
9207, 2
9208, 7
9209, 3
9210, 3
9211, 11
9212, 3
9213, 3
9214, 4
9215, 4
9216, 2
9217, 8
9218, 3
9219, 3
9220, 5
9221, 2
9222, 7
9223, 2
9224, 3
9225, 4
9226, 2
9227, 12
9228, 5
9229, 5
9230, 5
9231, 5
9232, 10
9233, 4
9234, 3
9235, 4
9236, 8
9237, 2
9238, 4
9239, 5
9240, 2
9241, 5
9242, 2
9243, 20
9244, 6
9245, 6
9246, 6
9247, 6
9248, 6
9249, 8
9250, 2
9251, 6
9252, 3
9253, 3
9254, 8
9255, 4
9256, 4
9257, 4
9258, 10
9259, 5
9260, 5
9261, 5
9262, 5
9263, 22
9264, 8
9265, 8
9266, 8
9267, 8
9268, 8
9269, 8
9270, 8
9271, 10
9272, 2
9273, 7
9274, 2
9275, 3
9276, 4
9277, 2
9278, 12
9279, 5
9280, 5
9281, 4
9282, 5
9283, 8
9284, 2
9285, 3
9286, 6
9287, 3
9288, 3
9289, 11
9290, 5
9291, 5
9292, 5
9293, 5
9294, 22
9295, 8
9296, 8
9297, 8
9298, 8
9299, 8
9300, 8
9301, 8
9302, 10
9303, 2
9304, 7
9305, 4
9306, 4
9307, 4
9308, 14
9309, 4
9310, 4
9311, 4
9312, 6
9313, 2
9314, 6
9315, 3
9316, 3
9317, 14
9318, 3
9319, 3
9320, 6
9321, 3
9322, 5
9323, 2
9324, 9
9325, 2
9326, 3
9327, 4
9328, 2
9329, 8
9330, 2
9331, 3
9332, 6
9333, 3
9334, 3
9335, 13
9336, 4
9337, 4
9338, 4
9339, 9
9340, 3
9341, 3
9342, 5
9343, 2
9344, 6
9345, 2
9346, 4
9347, 2
9348, 17
9349, 4
9350, 4
9351, 4
9352, 6
9353, 2
9354, 7
9355, 2
9356, 3
9357, 7
9358, 2
9359, 3
9360, 4
9361, 2
9362, 12
9363, 3
9364, 3
9365, 4
9366, 4
9367, 2
9368, 5
9369, 2
9370, 7
9371, 3
9372, 3
9373, 6
9374, 2
9375, 4
9376, 2
9377, 14
9378, 4
9379, 4
9380, 4
9381, 6
9382, 2
9383, 7
9384, 2
9385, 3
9386, 7
9387, 2
9388, 3
9389, 12
9390, 2
9391, 8
9392, 6
9393, 8
9394, 5
9395, 8
9396, 4
9397, 9
9398, 2
9399, 10
9400, 2
9401, 30
9402, 9
9403, 9
9404, 9
9405, 9
9406, 9
9407, 9
9408, 8
9409, 9
9410, 12
9411, 3
9412, 3
9413, 7
9414, 2
9415, 3
9416, 4
9417, 2
9418, 13
9419, 6
9420, 6
9421, 6
9422, 6
9423, 6
9424, 15
9425, 5
9426, 5
9427, 4
9428, 5
9429, 7
9430, 3
9431, 3
9432, 10
9433, 4
9434, 3
9435, 4
9436, 6
9437, 3
9438, 3
9439, 12
9440, 4
9441, 3
9442, 4
9443, 7
9444, 2
9445, 3
9446, 4
9447, 2
9448, 7
9449, 3
9450, 3
9451, 10
9452, 3
9453, 3
9454, 5
9455, 2
9456, 6
9457, 2
9458, 4
9459, 2
9460, 18
9461, 6
9462, 6
9463, 6
9464, 5
9465, 6
9466, 10
9467, 2
9468, 3
9469, 10
9470, 2
9471, 6
9472, 4
9473, 6
9474, 2
9475, 6
9476, 2
9477, 11
9478, 3
9479, 3
9480, 21
9481, 7
9482, 7
9483, 7
9484, 7
9485, 7
9486, 7
9487, 10
9488, 2
9489, 5
9490, 2
9491, 13
9492, 6
9493, 5
9494, 5
9495, 5
9496, 6
9497, 5
9498, 2
9499, 8
9500, 4
9501, 4
9502, 4
9503, 7
9504, 2
9505, 4
9506, 2
9507, 13
9508, 5
9509, 5
9510, 5
9511, 5
9512, 6
9513, 4
9514, 2
9515, 15
9516, 6
9517, 6
9518, 6
9519, 6
9520, 6
9521, 16
9522, 4
9523, 4
9524, 4
9525, 7
9526, 3
9527, 5
9528, 2
9529, 7
9530, 3
9531, 3
9532, 11
9533, 4
9534, 4
9535, 4
9536, 8
9537, 3
9538, 3
9539, 5
9540, 2
9541, 12
9542, 4
9543, 3
9544, 4
9545, 7
9546, 2
9547, 3
9548, 6
9549, 2
9550, 4
9551, 2
9552, 17
9553, 7
9554, 6
9555, 6
9556, 6
9557, 6
9558, 7
9559, 5
9560, 2
9561, 20
9562, 10
9563, 10
9564, 10
9565, 10
9566, 10
9567, 10
9568, 10
9569, 10
9570, 10
9571, 19
9572, 7
9573, 7
9574, 7
9575, 7
9576, 7
9577, 7
9578, 11
9579, 2
9580, 3
9581, 4
9582, 2
9583, 11
9584, 5
9585, 5
9586, 5
9587, 5
9588, 8
9589, 3
9590, 3
9591, 9
9592, 4
9593, 4
9594, 4
9595, 9
9596, 3
9597, 3
9598, 4
9599, 4
9600, 2
9601, 17
9602, 8
9603, 8
9604, 8
9605, 8
9606, 8
9607, 8
9608, 8
9609, 11
9610, 2
9611, 4
9612, 2
9613, 8
9614, 3
9615, 3
9616, 6
9617, 3
9618, 3
9619, 30
9620, 13
9621, 12
9622, 12
9623, 12
9624, 12
9625, 11
9626, 11
9627, 11
9628, 11
9629, 11
9630, 12
9631, 9
9632, 2
9633, 8
9634, 3
9635, 3
9636, 5
9637, 2
9638, 10
9639, 5
9640, 5
9641, 5
9642, 5
9643, 8
9644, 2
9645, 4
9646, 2
9647, 15
9648, 5
9649, 5
9650, 5
9651, 5
9652, 7
9653, 2
9654, 7
9655, 2
9656, 3
9657, 5
9658, 2
9659, 4
9660, 2
9661, 9
9662, 3
9663, 3
9664, 9
9665, 3
9666, 3
9667, 8
9668, 2
9669, 3
9670, 4
9671, 2
9672, 12
9673, 2
9674, 7
9675, 5
9676, 7
9677, 4
9678, 7
9679, 2
9680, 8
9681, 2
9682, 20
9683, 5
9684, 5
9685, 5
9686, 5
9687, 7
9688, 2
9689, 9
9690, 3
9691, 3
9692, 4
9693, 4
9694, 2
9695, 7
9696, 2
9697, 5
9698, 2
9699, 5
9700, 2
9701, 20
9702, 7
9703, 7
9704, 7
9705, 7
9706, 6
9707, 7
9708, 12
9709, 2
9710, 3
9711, 4
9712, 2
9713, 5
9714, 2
9715, 7
9716, 3
9717, 3
9718, 11
9719, 4
9720, 4
9721, 4
9722, 9
9723, 2
9724, 3
9725, 4
9726, 2
9727, 7
9728, 3
9729, 3
9730, 15
9731, 4
9732, 4
9733, 4
9734, 5
9735, 4
9736, 2
9737, 9
9738, 2
9739, 3
9740, 4
9741, 2
9742, 5
9743, 2
9744, 7
9745, 3
9746, 3
9747, 12
9748, 5
9749, 5
9750, 5
9751, 5
9752, 11
9753, 3
9754, 3
9755, 5
9756, 5
9757, 2
9758, 5
9759, 2
9760, 26
9761, 7
9762, 7
9763, 7
9764, 7
9765, 7
9766, 7
9767, 10
9768, 2
9769, 5
9770, 2
9771, 7
9772, 3
9773, 3
9774, 14
9775, 5
9776, 5
9777, 5
9778, 5
9779, 13
9780, 4
9781, 4
9782, 4
9783, 9
9784, 3
9785, 3
9786, 8
9787, 3
9788, 3
9789, 9
9790, 3
9791, 3
9792, 7
9793, 3
9794, 3
9795, 17
9796, 5
9797, 5
9798, 4
9799, 5
9800, 9
9801, 2
9802, 5
9803, 3
9804, 5
9805, 2
9806, 9
9807, 3
9808, 3
9809, 6
9810, 2
9811, 4
9812, 2
9813, 14
9814, 5
9815, 5
9816, 5
9817, 5
9818, 9
9819, 3
9820, 3
9821, 5
9822, 2
9823, 12
9824, 5
9825, 4
9826, 4
9827, 5
9828, 5
9829, 2
9830, 7
9831, 2
9832, 3
9833, 4
9834, 2
9835, 8
9836, 4
9837, 4
9838, 4
9839, 25
9840, 5
9841, 5
9842, 5
9843, 5
9844, 7
9845, 2
9846, 6
9847, 3
9848, 3
9849, 12
9850, 3
9851, 3
9852, 5
9853, 2
9854, 10
9855, 3
9856, 3
9857, 6
9858, 2
9859, 3
9860, 9
9861, 3
9862, 3
9863, 10
9864, 3
9865, 3
9866, 7
9867, 3
9868, 3
9869, 13
9870, 3
9871, 3
9872, 4
9873, 5
9874, 2
9875, 4
9876, 2
9877, 14
9878, 4
9879, 4
9880, 4
9881, 6
9882, 2
9883, 7
9884, 2
9885, 4
9886, 2
9887, 8
9888, 2
9889, 5
9890, 2
9891, 5
9892, 2
9893, 12
9894, 4
9895, 4
9896, 4
9897, 6
9898, 2
9899, 14
9900, 6
9901, 6
9902, 6
9903, 6
9904, 6
9905, 9
9906, 2
9907, 4
9908, 2
9909, 14
9910, 7
9911, 7
9912, 7
9913, 7
9914, 7
9915, 7
9916, 17
9917, 7
9918, 7
9919, 7
9920, 7
9921, 7
9922, 7
9923, 9
9924, 2
9925, 16
9926, 8
9927, 8
9928, 8
9929, 8
9930, 8
9931, 8
9932, 8
9933, 11
9934, 2
9935, 3
9936, 6
9937, 3
9938, 3
9939, 13
9940, 3
9941, 3
9942, 5
9943, 2
9944, 8
9945, 2
9946, 3
9947, 4
9948, 2
9949, 10
9950, 2
9951, 3
9952, 4
9953, 2
9954, 9
9955, 2
9956, 3
9957, 4
9958, 2
9959, 15
9960, 2
9961, 7
9962, 7
9963, 5
9964, 7
9965, 4
9966, 8
9967, 2
9968, 9
9969, 2
9970, 13
9971, 2
9972, 4
9973, 2
9974, 16
9975, 5
9976, 5
9977, 5
9978, 5
9979, 7
9980, 2
9981, 10
9982, 5
9983, 5
9984, 5
9985, 5
9986, 10
9987, 2
9988, 3
9989, 4
9990, 2
9991, 8
9992, 2
9993, 3
9994, 4
9995, 2
9996, 8
9997, 3
9998, 3
9999, 3
