0 1
1 2
2 3
3 4
4 5
5 6
6 7
7 8
8 9
9 10
10 11
11 12
12 13
13 14
14 15
15 16
16 17
17 18
18 19
19 20
20 21
21 22
22 23
23 24
24 25
25 26
26 27
27 28
28 29
29 30
30 31
31 32
32 33
33 34
34 35
35 36
36 37
37 38
38 39
39 40
40 41
41 42
42 43
43 44
44 45
45 46
46 47
47 48
48 49
49 50
50 51
51 52
52 53
53 54
54 55
55 56
56 57
57 58
58 59
59 60
60 61
61 62
62 63
63 64
64 65
65 66
66 67
67 68
68 69
69 70
70 71
71 72
72 73
73 74
74 75
75 76
76 77
77 78
78 79
79 80
80 81
81 82
82 83
83 84
84 85
85 86
86 87
87 88
88 89
89 90
90 91
91 92
92 93
93 94
94 95
95 96
96 97
97 98
98 99
99 100
100 101
101 102
102 103
103 104
104 105
105 106
106 107
107 108
108 109
109 110
110 111
111 112
112 113
113 114
114 115
115 116
116 117
117 118
118 119
119 120
120 121
121 122
122 123
123 124
124 125
125 126
126 127
127 128
128 129
129 130
130 131
131 132
132 133
133 134
134 135
135 136
136 137
137 138
138 139
139 140
140 141
141 142
142 143
143 144
144 145
145 146
146 147
147 148
148 149
149 150
150 151
151 152
152 153
153 154
154 155
155 156
156 157
157 158
158 159
159 160
160 161
161 162
162 163
163 164
164 165
165 166
166 167
167 168
168 169
169 170
170 171
171 172
172 173
173 174
174 175
175 176
176 177
177 178
178 179
179 180
180 181
181 182
182 183
183 184
184 185
185 186
186 187
187 188
0 2
2 4
4 6
6 8
7 9
9 11
10 12
12 14
13 15
14 16
15 17
16 18
17 19
20 22
22 24
24 26
25 27
27 29
28 30
29 31
31 33
32 34
33 35
34 36
35 37
37 39
39 41
40 42
41 43
43 45
46 48
48 50
49 51
51 53
52 54
54 56
55 57
56 58
59 61
60 62
62 64
64 66
66 68
68 70
69 71
72 74
74 76
75 77
78 80
80 82
82 84
83 85
85 87
86 88
87 89
88 90
89 91
90 92
92 94
93 95
94 96
95 97
98 100
100 102
102 104
104 106
105 107
107 109
108 110
110 112
112 114
115 117
117 119
119 121
121 123
123 125
126 128
129 131
131 133
133 135
135 137
137 139
139 141
141 143
143 145
144 146
146 148
147 149
148 150
149 151
150 152
152 154
155 157
157 159
159 161
161 163
162 164
164 166
166 168
167 169
168 170
169 171
172 174
173 175
175 177
176 178
177 179
179 181
180 182
181 183
182 184
183 185
184 186
186 188
6 9
9 12
12 15
13 16
14 17
15 18
16 19
24 27
27 30
28 31
31 34
32 35
33 36
34 37
39 42
40 43
43 46
48 51
51 54
54 57
55 58
56 59
59 62
68 71
74 77
82 85
85 88
86 89
87 90
88 91
89 92
92 95
93 96
94 97
95 98
104 107
107 110
112 115
123 126
126 129
143 146
146 149
147 150
148 151
149 152
152 155
161 164
166 169
167 170
168 171
169 172
172 175
175 178
176 179
179 182
180 183
181 184
182 185
183 186
2 6
12 16
13 17
14 18
15 19
27 31
31 35
32 36
33 37
39 43
54 58
55 59
62 66
64 68
68 72
74 78
78 82
85 89
86 90
87 91
88 92
92 96
93 97
94 98
98 102
112 116
115 119
119 123
129 133
135 139
139 143
146 150
147 151
148 152
157 161
166 170
167 171
168 172
175 179
179 183
180 184
181 185
182 186
12 17
13 18
14 19
31 36
32 37
43 48
54 59
85 90
86 91
87 92
92 97
93 98
107 112
112 117
114 119
146 151
147 152
152 157
161 166
166 171
167 172
179 184
180 185
181 186
6 12
12 18
13 19
31 37
48 54
62 68
68 74
85 91
86 92
92 98
98 104
129 135
133 139
146 152
155 161
166 172
179 185
180 186
12 19
59 66
78 85
85 92
112 119
126 133
139 146
179 186
12 20
31 39
74 82
129 137
135 143
179 187
39 48
59 68
126 135
152 161
166 175
179 188
12 22
92 102
129 139
133 143
74 85
112 123
126 137
135 146
146 157
12 24
92 104
107 119
126 139
133 146
166 179
54 68
129 143
152 166
12 27
39 54
92 107
146 161
107 123
68 85
126 143
129 146
12 31
107 126
54 74
123 143
126 146
146 166
31 54
123 146
54 85
146 179
92 126
112 146
107 143
107 146
92 143
31 85
92 146
85 146
12 85
92 179
85 179
12 179
