0 1
1 2
2 3
3 4
4 5
5 6
6 7
7 8
8 9
9 10
10 11
11 12
12 13
13 14
14 15
15 16
16 17
17 18
18 19
19 20
20 21
21 22
22 23
23 24
24 25
25 26
26 27
27 28
28 29
29 30
30 31
31 32
32 33
33 34
34 35
35 36
36 37
37 38
38 39
39 40
40 41
41 42
42 43
43 44
44 45
45 46
46 47
47 48
48 49
49 50
50 51
51 52
52 53
53 54
54 55
55 56
56 57
57 58
58 59
59 60
60 61
61 62
62 63
63 64
64 65
65 66
66 67
67 68
68 69
69 70
70 71
71 72
72 73
73 74
74 75
75 76
76 77
77 78
78 79
79 80
80 81
81 82
82 83
83 84
84 85
85 86
86 87
87 88
88 89
89 90
90 91
91 92
92 93
93 94
94 95
95 96
96 97
97 98
98 99
99 100
100 101
101 102
102 103
103 104
104 105
105 106
106 107
107 108
108 109
109 110
110 111
111 112
112 113
113 114
114 115
115 116
116 117
117 118
118 119
119 120
120 121
121 122
122 123
123 124
124 125
125 126
126 127
127 128
128 129
129 130
130 131
131 132
132 133
133 134
134 135
135 136
136 137
137 138
138 139
139 140
140 141
141 142
142 143
143 144
144 145
145 146
146 147
147 148
148 149
149 150
150 151
151 152
152 153
153 154
154 155
155 156
156 157
157 158
158 159
159 160
160 161
161 162
162 163
163 164
164 165
165 166
166 167
167 168
168 169
169 170
170 171
171 172
172 173
173 174
174 175
175 176
176 177
177 178
178 179
179 180
180 181
181 182
182 183
183 184
184 185
185 186
186 187
187 188
188 189
189 190
190 191
191 192
192 193
193 194
194 195
195 196
196 197
197 198
198 199
199 200
200 201
201 202
202 203
203 204
204 205
205 206
206 207
207 208
208 209
209 210
210 211
211 212
212 213
213 214
214 215
215 216
216 217
217 218
218 219
219 220
220 221
221 222
222 223
223 224
224 225
225 226
226 227
227 228
228 229
229 230
230 231
231 232
232 233
233 234
234 235
235 236
236 237
237 238
238 239
239 240
240 241
241 242
242 243
243 244
244 245
245 246
246 247
247 248
248 249
249 250
250 251
251 252
252 253
253 254
254 255
255 256
256 257
257 258
258 259
259 260
260 261
261 262
262 263
263 264
264 265
265 266
266 267
267 268
268 269
269 270
270 271
271 272
272 273
273 274
274 275
275 276
276 277
277 278
278 279
279 280
280 281
281 282
282 283
283 284
284 285
285 286
286 287
287 288
288 289
289 290
290 291
291 292
292 293
293 294
294 295
295 296
296 297
297 298
298 299
299 300
300 301
301 302
302 303
303 304
304 305
305 306
306 307
307 308
308 309
309 310
310 311
311 312
312 313
313 314
314 315
315 316
316 317
317 318
318 319
319 320
320 321
321 322
322 323
323 324
324 325
325 326
326 327
327 328
328 329
329 330
330 331
331 332
332 333
333 334
334 335
335 336
336 337
337 338
338 339
339 340
340 341
341 342
342 343
343 344
344 345
345 346
346 347
347 348
348 349
349 350
350 351
351 352
352 353
353 354
354 355
355 356
356 357
357 358
358 359
359 360
360 361
361 362
362 363
363 364
364 365
365 366
366 367
367 368
368 369
369 370
370 371
371 372
372 373
373 374
374 375
375 376
376 377
377 378
378 379
379 380
380 381
381 382
382 383
383 384
384 385
385 386
386 387
387 388
388 389
389 390
390 391
391 392
392 393
393 394
394 395
395 396
396 397
397 398
398 399
399 400
400 401
401 402
402 403
403 404
404 405
405 406
406 407
407 408
408 409
409 410
410 411
411 412
412 413
413 414
414 415
415 416
416 417
417 418
418 419
419 420
420 421
421 422
422 423
423 424
424 425
425 426
426 427
427 428
428 429
429 430
430 431
431 432
432 433
433 434
434 435
435 436
436 437
437 438
438 439
439 440
440 441
441 442
442 443
443 444
444 445
445 446
446 447
447 448
448 449
449 450
450 451
451 452
452 453
453 454
454 455
455 456
456 457
457 458
458 459
459 460
460 461
461 462
462 463
463 464
464 465
465 466
466 467
467 468
468 469
469 470
470 471
471 472
472 473
473 474
474 475
475 476
476 477
477 478
478 479
479 480
480 481
481 482
482 483
483 484
484 485
485 486
486 487
487 488
488 489
489 490
490 491
491 492
492 493
493 494
494 495
495 496
496 497
497 498
498 499
499 500
500 501
501 502
502 503
503 504
504 505
505 506
506 507
507 508
508 509
509 510
510 511
511 512
512 513
513 514
514 515
515 516
516 517
517 518
518 519
519 520
520 521
521 522
522 523
523 524
524 525
525 526
526 527
527 528
528 529
529 530
530 531
531 532
532 533
533 534
534 535
535 536
536 537
537 538
538 539
539 540
540 541
541 542
542 543
543 544
544 545
545 546
546 547
547 548
548 549
549 550
550 551
551 552
552 553
553 554
554 555
555 556
556 557
557 558
558 559
559 560
560 561
561 562
562 563
563 564
564 565
565 566
566 567
567 568
568 569
569 570
570 571
571 572
572 573
573 574
574 575
575 576
576 577
577 578
578 579
579 580
580 581
581 582
582 583
583 584
584 585
585 586
586 587
587 588
588 589
589 590
590 591
591 592
592 593
593 594
594 595
595 596
596 597
597 598
598 599
599 600
600 601
601 602
602 603
603 604
604 605
605 606
606 607
607 608
608 609
609 610
610 611
611 612
612 613
613 614
614 615
615 616
616 617
617 618
618 619
619 620
620 621
621 622
622 623
623 624
624 625
625 626
626 627
627 628
628 629
629 630
630 631
631 632
632 633
633 634
634 635
635 636
636 637
637 638
638 639
639 640
640 641
641 642
642 643
643 644
644 645
645 646
646 647
647 648
648 649
649 650
650 651
651 652
652 653
653 654
654 655
655 656
656 657
657 658
658 659
659 660
660 661
661 662
662 663
663 664
664 665
665 666
666 667
667 668
668 669
669 670
670 671
671 672
672 673
673 674
674 675
675 676
676 677
677 678
678 679
679 680
680 681
681 682
682 683
683 684
684 685
685 686
686 687
687 688
688 689
689 690
690 691
691 692
692 693
693 694
694 695
695 696
696 697
697 698
698 699
699 700
700 701
701 702
702 703
703 704
704 705
705 706
706 707
707 708
708 709
709 710
710 711
711 712
712 713
713 714
714 715
715 716
716 717
717 718
718 719
719 720
720 721
721 722
722 723
723 724
724 725
725 726
726 727
727 728
728 729
729 730
730 731
731 732
732 733
733 734
734 735
735 736
736 737
737 738
738 739
739 740
740 741
741 742
742 743
743 744
744 745
745 746
746 747
747 748
748 749
749 750
750 751
751 752
752 753
753 754
754 755
755 756
756 757
757 758
758 759
759 760
760 761
761 762
762 763
763 764
764 765
765 766
766 767
767 768
768 769
769 770
770 771
771 772
772 773
773 774
774 775
775 776
776 777
777 778
778 779
779 780
780 781
781 782
782 783
783 784
784 785
785 786
786 787
787 788
788 789
789 790
790 791
791 792
792 793
793 794
794 795
795 796
796 797
797 798
798 799
799 800
800 801
801 802
802 803
803 804
804 805
805 806
806 807
807 808
808 809
809 810
810 811
811 812
812 813
813 814
814 815
815 816
816 817
817 818
818 819
819 820
820 821
821 822
822 823
823 824
824 825
825 826
826 827
827 828
828 829
829 830
830 831
831 832
832 833
833 834
834 835
835 836
836 837
837 838
838 839
839 840
840 841
841 842
842 843
843 844
844 845
845 846
846 847
847 848
848 849
849 850
850 851
851 852
852 853
853 854
854 855
855 856
856 857
857 858
858 859
859 860
860 861
861 862
862 863
863 864
864 865
865 866
866 867
867 868
868 869
869 870
870 871
871 872
872 873
873 874
874 875
875 876
876 877
877 878
878 879
879 880
880 881
881 882
882 883
883 884
884 885
885 886
886 887
887 888
888 889
889 890
890 891
891 892
892 893
893 894
894 895
895 896
896 897
897 898
898 899
899 900
900 901
901 902
902 903
903 904
904 905
905 906
906 907
907 908
908 909
909 910
910 911
911 912
912 913
913 914
914 915
915 916
916 917
917 918
918 919
919 920
920 921
921 922
922 923
923 924
924 925
925 926
926 927
927 928
928 929
929 930
930 931
931 932
932 933
933 934
934 935
935 936
936 937
937 938
938 939
939 940
940 941
941 942
942 943
943 944
944 945
945 946
946 947
947 948
948 949
949 950
950 951
951 952
952 953
953 954
954 955
955 956
956 957
957 958
958 959
959 960
960 961
961 962
962 963
963 964
964 965
965 966
966 967
967 968
968 969
969 970
970 971
971 972
972 973
973 974
974 975
975 976
976 977
977 978
978 979
979 980
980 981
981 982
982 983
983 984
984 985
985 986
986 987
987 988
988 989
989 990
990 991
991 992
992 993
993 994
994 995
995 996
996 997
997 998
998 999
999 1000
1000 1001
1001 1002
1002 1003
1003 1004
1004 1005
1005 1006
1006 1007
1007 1008
1008 1009
1009 1010
1010 1011
1011 1012
1012 1013
1013 1014
1014 1015
1015 1016
1016 1017
1017 1018
1018 1019
1019 1020
1020 1021
1021 1022
1022 1023
1023 1024
1024 1025
1025 1026
1026 1027
1027 1028
1028 1029
1029 1030
1030 1031
1031 1032
1032 1033
1033 1034
1034 1035
1035 1036
1036 1037
1037 1038
1038 1039
1039 1040
1040 1041
1041 1042
1042 1043
1043 1044
1044 1045
1045 1046
1046 1047
1047 1048
1048 1049
1049 1050
1050 1051
1051 1052
1052 1053
1053 1054
1054 1055
1055 1056
1056 1057
1057 1058
1058 1059
1059 1060
1060 1061
1061 1062
1062 1063
1063 1064
1064 1065
1065 1066
1066 1067
1067 1068
1068 1069
1069 1070
1070 1071
1071 1072
1072 1073
1073 1074
1074 1075
1075 1076
1076 1077
1077 1078
1078 1079
1079 1080
1080 1081
1081 1082
1082 1083
1083 1084
1084 1085
1085 1086
1086 1087
1087 1088
1088 1089
1089 1090
1090 1091
1091 1092
1092 1093
1093 1094
1094 1095
1095 1096
1096 1097
1097 1098
1098 1099
1099 1100
1100 1101
1101 1102
1102 1103
1103 1104
1104 1105
1105 1106
1106 1107
1107 1108
1108 1109
1109 1110
1110 1111
1111 1112
1112 1113
1113 1114
1114 1115
1115 1116
1116 1117
1117 1118
1118 1119
1119 1120
1120 1121
1121 1122
1122 1123
1123 1124
1124 1125
1125 1126
1126 1127
1127 1128
1128 1129
1129 1130
1130 1131
1131 1132
1132 1133
1133 1134
1134 1135
1135 1136
1136 1137
1137 1138
1138 1139
1139 1140
1140 1141
1141 1142
1142 1143
1143 1144
1144 1145
1145 1146
1146 1147
1147 1148
1148 1149
1149 1150
1150 1151
1151 1152
1152 1153
1153 1154
1154 1155
1155 1156
1156 1157
1157 1158
1158 1159
1159 1160
1160 1161
1161 1162
1162 1163
1163 1164
1164 1165
1165 1166
1166 1167
1167 1168
1168 1169
1169 1170
1170 1171
1171 1172
1172 1173
1173 1174
1174 1175
1175 1176
1176 1177
1177 1178
1178 1179
1179 1180
1180 1181
1181 1182
1182 1183
1183 1184
1184 1185
1185 1186
1186 1187
1187 1188
1188 1189
1189 1190
1190 1191
1191 1192
1192 1193
1193 1194
1194 1195
1195 1196
1196 1197
1197 1198
1198 1199
1199 1200
1200 1201
1201 1202
1202 1203
1203 1204
1204 1205
1205 1206
1206 1207
1207 1208
1208 1209
1209 1210
1210 1211
1211 1212
1212 1213
1213 1214
1214 1215
1215 1216
1216 1217
1217 1218
1218 1219
1219 1220
1220 1221
1221 1222
1222 1223
1223 1224
1224 1225
1225 1226
1226 1227
1227 1228
1228 1229
1229 1230
1230 1231
1231 1232
1232 1233
1233 1234
1234 1235
1235 1236
1236 1237
1237 1238
1238 1239
1239 1240
1240 1241
1241 1242
1242 1243
1243 1244
1244 1245
1245 1246
1246 1247
1247 1248
1248 1249
1249 1250
1250 1251
1251 1252
1252 1253
1253 1254
1254 1255
1255 1256
1256 1257
1257 1258
1258 1259
1259 1260
1260 1261
1261 1262
1262 1263
1263 1264
1264 1265
1265 1266
1266 1267
1267 1268
1268 1269
1269 1270
1270 1271
1271 1272
1272 1273
1273 1274
1274 1275
1275 1276
1276 1277
1277 1278
1278 1279
1279 1280
1280 1281
1281 1282
1282 1283
1283 1284
1284 1285
1285 1286
1286 1287
1287 1288
1288 1289
1289 1290
1290 1291
1291 1292
1292 1293
1293 1294
1294 1295
1295 1296
1296 1297
1297 1298
1298 1299
1299 1300
1300 1301
1301 1302
1302 1303
1303 1304
1304 1305
1305 1306
1306 1307
1307 1308
1308 1309
1309 1310
1310 1311
1311 1312
1312 1313
1313 1314
1314 1315
1315 1316
1316 1317
1317 1318
1318 1319
1319 1320
1320 1321
1321 1322
1322 1323
1323 1324
1324 1325
1325 1326
1326 1327
1327 1328
1328 1329
1329 1330
1330 1331
1331 1332
1332 1333
1333 1334
1334 1335
1335 1336
1336 1337
1337 1338
1338 1339
1339 1340
1340 1341
1341 1342
1342 1343
1343 1344
1344 1345
1345 1346
1346 1347
1347 1348
1348 1349
1349 1350
1350 1351
1351 1352
1352 1353
1353 1354
1354 1355
1355 1356
1356 1357
1357 1358
1358 1359
1359 1360
1360 1361
1361 1362
1362 1363
1363 1364
1364 1365
1365 1366
1366 1367
1367 1368
1368 1369
1369 1370
1370 1371
1371 1372
1372 1373
1373 1374
1374 1375
1375 1376
1376 1377
1377 1378
1378 1379
1379 1380
1380 1381
1381 1382
1382 1383
1383 1384
1384 1385
1385 1386
1386 1387
1387 1388
1388 1389
1389 1390
1390 1391
1391 1392
1392 1393
1393 1394
1394 1395
1395 1396
1396 1397
1397 1398
1398 1399
1399 1400
1400 1401
1401 1402
1402 1403
1403 1404
1404 1405
1405 1406
1406 1407
1407 1408
1408 1409
1409 1410
1410 1411
1411 1412
1412 1413
1413 1414
1414 1415
1415 1416
1416 1417
1417 1418
1418 1419
1419 1420
1420 1421
1421 1422
1422 1423
1423 1424
1424 1425
1425 1426
1426 1427
1427 1428
1428 1429
1429 1430
1430 1431
1431 1432
1432 1433
1433 1434
1434 1435
1435 1436
1436 1437
1437 1438
1438 1439
1439 1440
1440 1441
1441 1442
1442 1443
1443 1444
1444 1445
1445 1446
1446 1447
1447 1448
1448 1449
1449 1450
1450 1451
1451 1452
1452 1453
1453 1454
1454 1455
1455 1456
1456 1457
1457 1458
1458 1459
1459 1460
1460 1461
1461 1462
1462 1463
1463 1464
1464 1465
1465 1466
1466 1467
1467 1468
1468 1469
1469 1470
1470 1471
1471 1472
1472 1473
1473 1474
1474 1475
1475 1476
1476 1477
1477 1478
1478 1479
1479 1480
1480 1481
1481 1482
1482 1483
1483 1484
1484 1485
1485 1486
1486 1487
1487 1488
1488 1489
1489 1490
1490 1491
1491 1492
1492 1493
1493 1494
1494 1495
1495 1496
1496 1497
1497 1498
1498 1499
1499 1500
1500 1501
1501 1502
1502 1503
1503 1504
1504 1505
1505 1506
1506 1507
1507 1508
1508 1509
1509 1510
1510 1511
1511 1512
1512 1513
1513 1514
1514 1515
1515 1516
1516 1517
1517 1518
1518 1519
1519 1520
1520 1521
1521 1522
1522 1523
1523 1524
1524 1525
1525 1526
1526 1527
1527 1528
1528 1529
1529 1530
1530 1531
1531 1532
1532 1533
1533 1534
1534 1535
1535 1536
1536 1537
1537 1538
1538 1539
1539 1540
1540 1541
1541 1542
1542 1543
1543 1544
1544 1545
1545 1546
1546 1547
1547 1548
1548 1549
1549 1550
1550 1551
1551 1552
1552 1553
1553 1554
1554 1555
1555 1556
1556 1557
1557 1558
1558 1559
1559 1560
1560 1561
1561 1562
1562 1563
1563 1564
1564 1565
1565 1566
1566 1567
1567 1568
1568 1569
1569 1570
1570 1571
1571 1572
1572 1573
1573 1574
1574 1575
1575 1576
1576 1577
1577 1578
1578 1579
1579 1580
1580 1581
1581 1582
1582 1583
1583 1584
1584 1585
1585 1586
1586 1587
1587 1588
1588 1589
1589 1590
1590 1591
1591 1592
1592 1593
1593 1594
1594 1595
1595 1596
1596 1597
1597 1598
1598 1599
1599 1600
1600 1601
1601 1602
1602 1603
1603 1604
1604 1605
1605 1606
1606 1607
1607 1608
1608 1609
1609 1610
1610 1611
1611 1612
1612 1613
1613 1614
1614 1615
1615 1616
1616 1617
1617 1618
1618 1619
1619 1620
1620 1621
1621 1622
1622 1623
1623 1624
1624 1625
1625 1626
1626 1627
1627 1628
1628 1629
1629 1630
1630 1631
1631 1632
1632 1633
1633 1634
1634 1635
1635 1636
1636 1637
1637 1638
1638 1639
1639 1640
1640 1641
1641 1642
1642 1643
1643 1644
1644 1645
1645 1646
1646 1647
1647 1648
1648 1649
1649 1650
1650 1651
1651 1652
1652 1653
1653 1654
1654 1655
1655 1656
1656 1657
1657 1658
1658 1659
1659 1660
1660 1661
1661 1662
1662 1663
1663 1664
1664 1665
1665 1666
1666 1667
1667 1668
1668 1669
1669 1670
1670 1671
1671 1672
1672 1673
1673 1674
1674 1675
1675 1676
1676 1677
1677 1678
1678 1679
1679 1680
1680 1681
1681 1682
1682 1683
1683 1684
1684 1685
1685 1686
1686 1687
1687 1688
1688 1689
1689 1690
1690 1691
1691 1692
1692 1693
1693 1694
1694 1695
1695 1696
1696 1697
1697 1698
1698 1699
1699 1700
1700 1701
1701 1702
1702 1703
1703 1704
1704 1705
1705 1706
1706 1707
1707 1708
1708 1709
1709 1710
1710 1711
1711 1712
1712 1713
1713 1714
1714 1715
1715 1716
1716 1717
1717 1718
1718 1719
1719 1720
1720 1721
1721 1722
1722 1723
1723 1724
1724 1725
1725 1726
1726 1727
1727 1728
1728 1729
1729 1730
1730 1731
1731 1732
1732 1733
1733 1734
1734 1735
1735 1736
1736 1737
1737 1738
1738 1739
1739 1740
1740 1741
1741 1742
1742 1743
1743 1744
1744 1745
1745 1746
1746 1747
1747 1748
1748 1749
1749 1750
1750 1751
1751 1752
1752 1753
1753 1754
1754 1755
1755 1756
1756 1757
1757 1758
1758 1759
1759 1760
1760 1761
1761 1762
1762 1763
1763 1764
1764 1765
1765 1766
1766 1767
1767 1768
1768 1769
1769 1770
1770 1771
1771 1772
1772 1773
1773 1774
1774 1775
1775 1776
1776 1777
1777 1778
1778 1779
1779 1780
1780 1781
1781 1782
1782 1783
1783 1784
1784 1785
1785 1786
1786 1787
1787 1788
1788 1789
1789 1790
1790 1791
1791 1792
1792 1793
1793 1794
1794 1795
1795 1796
1796 1797
1797 1798
1798 1799
1799 1800
1800 1801
1801 1802
1802 1803
1803 1804
1804 1805
1805 1806
1806 1807
1807 1808
1808 1809
1809 1810
1810 1811
1811 1812
1812 1813
1813 1814
1814 1815
1815 1816
1816 1817
1817 1818
1818 1819
1819 1820
1820 1821
1821 1822
1822 1823
1823 1824
1824 1825
1825 1826
1826 1827
1827 1828
1828 1829
1829 1830
1830 1831
1831 1832
1832 1833
1833 1834
1834 1835
1835 1836
1836 1837
1837 1838
1838 1839
1839 1840
1840 1841
1841 1842
1842 1843
1843 1844
1844 1845
1845 1846
1846 1847
1847 1848
1848 1849
1849 1850
1850 1851
1851 1852
1852 1853
1853 1854
1854 1855
1855 1856
1856 1857
1857 1858
1858 1859
1859 1860
1860 1861
1861 1862
1862 1863
1863 1864
1864 1865
1865 1866
1866 1867
1867 1868
1868 1869
1869 1870
1870 1871
1871 1872
1872 1873
1873 1874
1874 1875
1875 1876
1876 1877
1877 1878
1878 1879
1879 1880
1880 1881
1881 1882
1882 1883
1883 1884
1884 1885
1885 1886
1886 1887
1887 1888
1888 1889
1889 1890
1890 1891
1891 1892
1892 1893
1893 1894
1894 1895
1895 1896
1896 1897
1897 1898
1898 1899
1899 1900
1900 1901
1901 1902
1902 1903
1903 1904
1904 1905
1905 1906
1906 1907
1907 1908
1908 1909
1909 1910
1910 1911
1911 1912
1912 1913
1913 1914
1914 1915
1915 1916
1916 1917
1917 1918
1918 1919
1919 1920
1920 1921
1921 1922
1922 1923
1923 1924
1924 1925
1925 1926
1926 1927
1927 1928
1928 1929
1929 1930
1930 1931
1931 1932
1932 1933
1933 1934
1934 1935
1935 1936
1936 1937
1937 1938
1938 1939
1939 1940
1940 1941
1941 1942
1942 1943
1943 1944
1944 1945
1945 1946
1946 1947
1947 1948
1948 1949
1949 1950
1950 1951
1951 1952
1952 1953
1953 1954
1954 1955
1955 1956
1956 1957
1957 1958
1958 1959
1959 1960
1960 1961
1961 1962
1962 1963
1963 1964
1964 1965
1965 1966
1966 1967
1967 1968
1968 1969
1969 1970
1970 1971
1971 1972
1972 1973
1973 1974
1974 1975
1975 1976
1976 1977
1977 1978
1978 1979
1979 1980
1980 1981
1981 1982
1982 1983
1983 1984
1984 1985
1985 1986
1986 1987
1987 1988
1988 1989
1989 1990
1990 1991
1991 1992
1992 1993
1993 1994
1994 1995
1995 1996
1996 1997
1997 1998
1998 1999
1999 2000
2000 2001
2001 2002
2002 2003
2003 2004
2004 2005
2005 2006
2006 2007
2007 2008
2008 2009
2009 2010
2010 2011
2011 2012
2012 2013
2013 2014
2014 2015
2015 2016
2016 2017
2017 2018
2018 2019
2019 2020
2020 2021
2021 2022
2022 2023
2023 2024
2024 2025
2025 2026
2026 2027
2027 2028
2028 2029
2029 2030
2030 2031
2031 2032
2032 2033
2033 2034
2034 2035
2035 2036
2036 2037
2037 2038
2038 2039
2039 2040
2040 2041
2041 2042
2042 2043
2043 2044
2044 2045
2045 2046
2046 2047
2047 2048
2048 2049
2049 2050
2050 2051
2051 2052
2052 2053
2053 2054
2054 2055
2055 2056
2056 2057
2057 2058
2058 2059
2059 2060
2060 2061
2061 2062
2062 2063
2063 2064
2064 2065
2065 2066
2066 2067
2067 2068
2068 2069
2069 2070
2070 2071
2071 2072
2072 2073
2073 2074
2074 2075
2075 2076
2076 2077
2077 2078
2078 2079
2079 2080
2080 2081
2081 2082
2082 2083
2083 2084
2084 2085
2085 2086
2086 2087
2087 2088
2088 2089
2089 2090
2090 2091
2091 2092
2092 2093
2093 2094
2094 2095
2095 2096
2096 2097
2097 2098
2098 2099
2099 2100
2100 2101
2101 2102
2102 2103
2103 2104
2104 2105
2105 2106
2106 2107
2107 2108
2108 2109
2109 2110
2110 2111
2111 2112
2112 2113
2113 2114
2114 2115
2115 2116
2116 2117
2117 2118
2118 2119
2119 2120
2120 2121
2121 2122
2122 2123
2123 2124
2124 2125
2125 2126
2126 2127
2127 2128
2128 2129
2129 2130
2130 2131
2131 2132
2132 2133
0 2
2 4
4 6
6 8
7 9
9 11
10 12
12 14
13 15
14 16
15 17
16 18
17 19
20 22
22 24
24 26
25 27
27 29
28 30
29 31
31 33
32 34
33 35
34 36
35 37
37 39
39 41
40 42
41 43
43 45
46 48
48 50
49 51
51 53
52 54
54 56
55 57
56 58
59 61
60 62
62 64
64 66
66 68
68 70
69 71
72 74
74 76
75 77
78 80
80 82
82 84
83 85
85 87
86 88
87 89
88 90
89 91
90 92
92 94
93 95
94 96
95 97
98 100
100 102
102 104
104 106
105 107
107 109
108 110
110 112
112 114
115 117
117 119
119 121
121 123
123 125
126 128
129 131
131 133
133 135
135 137
137 139
139 141
141 143
143 145
144 146
146 148
147 149
148 150
149 151
150 152
152 154
155 157
157 159
159 161
161 163
162 164
164 166
166 168
167 169
168 170
169 171
172 174
173 175
175 177
176 178
177 179
179 181
180 182
181 183
182 184
183 185
184 186
186 188
188 190
190 192
192 194
194 196
195 197
197 199
198 200
199 201
200 202
202 204
205 207
206 208
208 210
209 211
210 212
212 214
214 216
216 218
217 219
218 220
219 221
220 222
222 224
223 225
225 227
226 228
227 229
228 230
230 232
231 233
233 235
234 236
236 238
238 240
240 242
241 243
243 245
244 246
245 247
246 248
249 251
251 253
253 255
254 256
255 257
256 258
257 259
260 262
262 264
264 266
265 267
266 268
268 270
271 273
273 275
274 276
275 277
276 278
277 279
278 280
279 281
282 284
284 286
286 288
288 290
289 291
292 294
294 296
296 298
298 300
300 302
302 304
303 305
305 307
307 309
309 311
310 312
312 314
313 315
314 316
317 319
318 320
320 322
321 323
322 324
324 326
326 328
327 329
328 330
330 332
331 333
332 334
334 336
336 338
338 340
339 341
341 343
342 344
343 345
345 347
346 348
347 349
350 352
352 354
353 355
355 357
356 358
358 360
360 362
361 363
363 365
364 366
366 368
368 370
369 371
370 372
372 374
374 376
376 378
377 379
379 381
381 383
383 385
384 386
385 387
387 389
389 391
390 392
393 395
395 397
396 398
397 399
399 401
400 402
401 403
402 404
403 405
405 407
406 408
408 410
410 412
412 414
414 416
415 417
417 419
419 421
420 422
422 424
423 425
424 426
426 428
427 429
428 430
431 433
432 434
434 436
436 438
437 439
439 441
440 442
441 443
444 446
446 448
448 450
450 452
451 453
452 454
454 456
456 458
457 459
458 460
460 462
462 464
464 466
466 468
468 470
470 472
471 473
474 476
475 477
477 479
478 480
479 481
481 483
483 485
484 486
487 489
489 491
490 492
491 493
493 495
494 496
496 498
497 499
498 500
500 502
502 504
504 506
506 508
508 510
509 511
511 513
512 514
513 515
515 517
516 518
517 519
518 520
520 522
522 524
523 525
524 526
527 529
528 530
530 532
531 533
532 534
533 535
536 538
539 541
541 543
543 545
544 546
546 548
548 550
549 551
551 553
552 554
553 555
555 557
557 559
558 560
560 562
562 564
563 565
565 567
567 569
568 570
570 572
571 573
572 574
573 575
575 577
576 578
577 579
578 580
580 582
581 583
583 585
585 587
586 588
588 590
589 591
590 592
591 593
593 595
594 596
595 597
596 598
598 600
600 602
602 604
603 605
605 607
607 609
608 610
609 611
612 614
614 616
615 617
617 619
620 622
623 625
624 626
626 628
629 631
632 634
635 637
636 638
638 640
640 642
642 644
643 645
644 646
645 647
647 649
649 651
651 653
652 654
655 657
657 659
658 660
659 661
661 663
662 664
663 665
665 667
667 669
668 670
670 672
671 673
672 674
673 675
675 677
676 678
679 681
680 682
682 684
683 685
684 686
686 688
687 689
688 690
690 692
692 694
693 695
695 697
696 698
697 699
699 701
701 703
702 704
703 705
704 706
707 709
709 711
710 712
712 714
713 715
714 716
715 717
718 720
720 722
723 725
726 728
728 730
729 731
730 732
731 733
732 734
735 737
738 740
740 742
742 744
743 745
744 746
746 748
747 749
749 751
750 752
752 754
753 755
754 756
755 757
758 760
760 762
761 763
762 764
765 767
767 769
768 770
769 771
770 772
771 773
772 774
773 775
774 776
775 777
777 779
779 781
781 783
783 785
784 786
787 789
788 790
790 792
791 793
792 794
793 795
794 796
796 798
798 800
799 801
800 802
802 804
803 805
805 807
806 808
808 810
810 812
812 814
814 816
815 817
816 818
817 819
819 821
820 822
822 824
824 826
825 827
827 829
828 830
830 832
832 834
833 835
835 837
836 838
837 839
838 840
840 842
842 844
844 846
846 848
848 850
849 851
852 854
854 856
855 857
856 858
857 859
858 860
860 862
862 864
863 865
864 866
865 867
866 868
868 870
869 871
870 872
871 873
872 874
875 877
877 879
879 881
880 882
881 883
884 886
887 889
889 891
891 893
892 894
893 895
895 897
896 898
897 899
900 902
903 905
905 907
907 909
910 912
913 915
915 917
916 918
918 920
920 922
922 924
923 925
924 926
926 928
927 929
929 931
931 933
932 934
934 936
935 937
936 938
938 940
940 942
941 943
942 944
944 946
946 948
948 950
951 953
953 955
954 956
955 957
957 959
958 960
960 962
962 964
963 965
965 967
967 969
968 970
969 971
972 974
973 975
975 977
976 978
977 979
979 981
980 982
982 984
984 986
986 988
987 989
988 990
989 991
991 993
992 994
995 997
997 999
999 1001
1002 1004
1004 1006
1006 1008
1007 1009
1008 1010
1009 1011
1011 1013
1013 1015
1014 1016
1015 1017
1016 1018
1018 1020
1019 1021
1021 1023
1022 1024
1024 1026
1026 1028
1028 1030
1029 1031
1030 1032
1031 1033
1033 1035
1035 1037
1037 1039
1039 1041
1041 1043
1043 1045
1044 1046
1046 1048
1047 1049
1048 1050
1050 1052
1052 1054
1053 1055
1054 1056
1055 1057
1057 1059
1058 1060
1060 1062
1061 1063
1063 1065
1064 1066
1066 1068
1068 1070
1071 1073
1073 1075
1074 1076
1076 1078
1077 1079
1078 1080
1079 1081
1081 1083
1082 1084
1084 1086
1086 1088
1088 1090
1090 1092
1092 1094
1094 1096
1096 1098
1099 1101
1101 1103
1103 1105
1105 1107
1107 1109
1108 1110
1111 1113
1113 1115
1114 1116
1116 1118
1118 1120
1120 1122
1121 1123
1122 1124
1125 1127
1127 1129
1129 1131
1131 1133
1132 1134
1134 1136
1135 1137
1136 1138
1137 1139
1138 1140
1139 1141
1142 1144
1144 1146
1146 1148
1148 1150
1150 1152
1151 1153
1153 1155
1154 1156
1155 1157
1156 1158
1157 1159
1158 1160
1159 1161
1160 1162
1162 1164
1164 1166
1166 1168
1168 1170
1170 1172
1171 1173
1174 1176
1175 1177
1177 1179
1179 1181
1181 1183
1183 1185
1185 1187
1186 1188
1187 1189
1188 1190
1189 1191
1191 1193
1193 1195
1194 1196
1195 1197
1196 1198
1197 1199
1198 1200
1200 1202
1202 1204
1204 1206
1206 1208
1208 1210
1210 1212
1211 1213
1212 1214
1213 1215
1215 1217
1217 1219
1220 1222
1223 1225
1225 1227
1226 1228
1228 1230
1229 1231
1230 1232
1231 1233
1233 1235
1234 1236
1235 1237
1236 1238
1239 1241
1241 1243
1243 1245
1245 1247
1247 1249
1249 1251
1251 1253
1252 1254
1254 1256
1255 1257
1257 1259
1259 1261
1261 1263
1262 1264
1264 1266
1265 1267
1266 1268
1267 1269
1269 1271
1271 1273
1272 1274
1273 1275
1275 1277
1277 1279
1279 1281
1280 1282
1282 1284
1284 1286
1286 1288
1288 1290
1290 1292
1293 1295
1295 1297
1297 1299
1299 1301
1302 1304
1304 1306
1306 1308
1307 1309
1308 1310
1309 1311
1310 1312
1312 1314
1314 1316
1316 1318
1319 1321
1321 1323
1322 1324
1323 1325
1324 1326
1325 1327
1327 1329
1329 1331
1331 1333
1333 1335
1335 1337
1337 1339
1339 1341
1340 1342
1342 1344
1343 1345
1345 1347
1346 1348
1347 1349
1350 1352
1352 1354
1354 1356
1357 1359
1359 1361
1361 1363
1363 1365
1364 1366
1366 1368
1368 1370
1370 1372
1371 1373
1372 1374
1374 1376
1375 1377
1377 1379
1379 1381
1380 1382
1381 1383
1383 1385
1384 1386
1385 1387
1387 1389
1388 1390
1390 1392
1392 1394
1394 1396
1396 1398
1398 1400
1401 1403
1403 1405
1405 1407
1408 1410
1410 1412
1412 1414
1414 1416
1415 1417
1416 1418
1418 1420
1420 1422
1422 1424
1424 1426
1425 1427
1427 1429
1429 1431
1431 1433
1434 1436
1436 1438
1438 1440
1440 1442
1441 1443
1443 1445
1445 1447
1446 1448
1448 1450
1449 1451
1451 1453
1452 1454
1455 1457
1457 1459
1458 1460
1459 1461
1462 1464
1464 1466
1466 1468
1468 1470
1470 1472
1471 1473
1472 1474
1475 1477
1476 1478
1478 1480
1479 1481
1482 1484
1484 1486
1486 1488
1488 1490
1490 1492
1493 1495
1494 1496
1496 1498
1497 1499
1499 1501
1501 1503
1502 1504
1504 1506
1506 1508
1508 1510
1511 1513
1513 1515
1515 1517
1516 1518
1518 1520
1519 1521
1520 1522
1521 1523
1524 1526
1526 1528
1527 1529
1528 1530
1530 1532
1532 1534
1533 1535
1534 1536
1536 1538
1539 1541
1541 1543
1543 1545
1544 1546
1545 1547
1547 1549
1549 1551
1550 1552
1552 1554
1554 1556
1555 1557
1556 1558
1557 1559
1560 1562
1562 1564
1563 1565
1564 1566
1565 1567
1567 1569
1568 1570
1571 1573
1572 1574
1574 1576
1575 1577
1576 1578
1577 1579
1578 1580
1580 1582
1581 1583
1582 1584
1584 1586
1586 1588
1587 1589
1589 1591
1591 1593
1593 1595
1594 1596
1595 1597
1597 1599
1599 1601
1600 1602
1601 1603
1602 1604
1604 1606
1606 1608
1608 1610
1609 1611
1612 1614
1614 1616
1616 1618
1618 1620
1619 1621
1621 1623
1622 1624
1623 1625
1625 1627
1627 1629
1628 1630
1629 1631
1631 1633
1632 1634
1633 1635
1635 1637
1638 1640
1640 1642
1641 1643
1643 1645
1644 1646
1646 1648
1648 1650
1649 1651
1650 1652
1652 1654
1654 1656
1655 1657
1656 1658
1658 1660
1660 1662
1662 1664
1663 1665
1664 1666
1667 1669
1669 1671
1671 1673
1673 1675
1676 1678
1679 1681
1680 1682
1682 1684
1683 1685
1684 1686
1687 1689
1689 1691
1691 1693
1692 1694
1694 1696
1696 1698
1698 1700
1699 1701
1700 1702
1701 1703
1702 1704
1704 1706
1705 1707
1706 1708
1707 1709
1710 1712
1712 1714
1714 1716
1715 1717
1716 1718
1718 1720
1719 1721
1720 1722
1722 1724
1723 1725
1724 1726
1726 1728
1727 1729
1730 1732
1732 1734
1733 1735
1735 1737
1737 1739
1740 1742
1742 1744
1744 1746
1745 1747
1746 1748
1747 1749
1748 1750
1749 1751
1750 1752
1751 1753
1752 1754
1753 1755
1754 1756
1756 1758
1757 1759
1759 1761
1761 1763
1763 1765
1765 1767
1766 1768
1767 1769
1770 1772
1772 1774
1773 1775
1775 1777
1776 1778
1777 1779
1778 1780
1781 1783
1783 1785
1784 1786
1785 1787
1786 1788
1787 1789
1788 1790
1790 1792
1791 1793
1793 1795
1794 1796
1796 1798
1798 1800
1799 1801
1800 1802
1802 1804
1805 1807
1807 1809
1810 1812
1812 1814
1814 1816
1815 1817
1817 1819
1818 1820
1820 1822
1822 1824
1823 1825
1824 1826
1827 1829
1829 1831
1831 1833
1833 1835
1835 1837
1837 1839
1839 1841
1841 1843
1843 1845
1844 1846
1846 1848
1848 1850
1850 1852
1852 1854
1853 1855
1856 1858
1857 1859
1859 1861
1860 1862
1863 1865
1865 1867
1866 1868
1867 1869
1868 1870
1870 1872
1871 1873
1872 1874
1873 1875
1876 1878
1877 1879
1879 1881
1880 1882
1881 1883
1883 1885
1885 1887
1887 1889
1888 1890
1889 1891
1891 1893
1893 1895
1895 1897
1896 1898
1897 1899
1898 1900
1899 1901
1900 1902
1902 1904
1903 1905
1904 1906
1906 1908
1908 1910
1911 1913
1913 1915
1915 1917
1917 1919
1918 1920
1920 1922
1922 1924
1923 1925
1924 1926
1925 1927
1927 1929
1929 1931
1931 1933
1932 1934
1934 1936
1935 1937
1936 1938
1937 1939
1938 1940
1939 1941
1940 1942
1941 1943
1942 1944
1943 1945
1945 1947
1948 1950
1950 1952
1951 1953
1952 1954
1954 1956
1956 1958
1958 1960
1959 1961
1960 1962
1962 1964
1964 1966
1965 1967
1966 1968
1968 1970
1969 1971
1970 1972
1971 1973
1974 1976
1977 1979
1978 1980
1980 1982
1981 1983
1982 1984
1983 1985
1984 1986
1986 1988
1988 1990
1989 1991
1991 1993
1993 1995
1996 1998
1997 1999
1999 2001
2000 2002
2003 2005
2006 2008
2009 2011
2010 2012
2012 2014
2013 2015
2014 2016
2015 2017
2017 2019
2019 2021
2020 2022
2023 2025
2025 2027
2026 2028
2028 2030
2031 2033
2033 2035
2035 2037
2037 2039
2038 2040
2040 2042
2042 2044
2044 2046
2046 2048
2047 2049
2050 2052
2052 2054
2054 2056
2056 2058
2059 2061
2061 2063
2062 2064
2064 2066
2065 2067
2067 2069
2068 2070
2070 2072
2071 2073
2072 2074
2075 2077
2077 2079
2079 2081
2081 2083
2083 2085
2084 2086
2085 2087
2086 2088
2088 2090
2089 2091
2091 2093
2092 2094
2093 2095
2095 2097
2096 2098
2097 2099
2098 2100
2100 2102
2103 2105
2105 2107
2107 2109
2108 2110
2110 2112
2111 2113
2112 2114
2113 2115
2115 2117
2117 2119
2120 2122
2121 2123
2123 2125
2124 2126
2125 2127
2126 2128
2127 2129
2130 2132
6 9
9 12
12 15
13 16
14 17
15 18
16 19
24 27
27 30
28 31
31 34
32 35
33 36
34 37
39 42
40 43
43 46
48 51
51 54
54 57
55 58
56 59
59 62
68 71
74 77
82 85
85 88
86 89
87 90
88 91
89 92
92 95
93 96
94 97
95 98
104 107
107 110
112 115
123 126
126 129
143 146
146 149
147 150
148 151
149 152
152 155
161 164
166 169
167 170
168 171
169 172
172 175
175 178
176 179
179 182
180 183
181 184
182 185
183 186
194 197
197 200
198 201
199 202
202 205
205 208
208 211
209 212
216 219
217 220
218 221
219 222
222 225
225 228
226 229
227 230
230 233
233 236
240 243
243 246
244 247
245 248
253 256
254 257
255 258
256 259
264 267
265 268
268 271
273 276
274 277
275 278
276 279
277 280
278 281
288 291
302 305
309 312
312 315
313 316
314 317
317 320
320 323
321 324
326 329
327 330
330 333
331 334
338 341
341 344
342 345
345 348
346 349
352 355
355 358
360 363
363 366
368 371
369 372
376 379
383 386
384 387
389 392
395 398
396 399
399 402
400 403
401 404
402 405
405 408
414 417
419 422
422 425
423 426
426 429
427 430
428 431
431 434
436 439
439 442
440 443
450 453
451 454
456 459
457 460
462 465
470 473
471 474
474 477
477 480
478 481
483 486
489 492
490 493
493 496
496 499
497 500
508 511
511 514
512 515
515 518
516 519
517 520
522 525
523 526
524 527
527 530
530 533
531 534
532 535
533 536
536 539
543 546
548 551
551 554
552 555
557 560
562 565
567 570
570 573
571 574
572 575
575 578
576 579
577 580
580 583
585 588
588 591
589 592
590 593
593 596
594 597
595 598
602 605
607 610
608 611
614 617
617 620
620 623
623 626
626 629
629 632
632 635
635 638
642 645
643 646
644 647
651 654
657 660
658 661
661 664
662 665
667 670
670 673
671 674
672 675
675 678
676 679
679 682
682 685
683 686
686 689
687 690
692 695
695 698
696 699
701 704
702 705
703 706
709 712
712 715
713 716
714 717
720 723
723 726
728 731
729 732
730 733
731 734
732 735
735 738
742 745
743 746
746 749
749 752
752 755
753 756
754 757
760 763
761 764
767 770
768 771
769 772
770 773
771 774
772 775
773 776
774 777
783 786
784 787
787 790
790 793
791 794
792 795
793 796
798 801
799 802
802 805
805 808
814 817
815 818
816 819
819 822
824 827
827 830
832 835
835 838
836 839
837 840
848 851
854 857
855 858
856 859
857 860
862 865
863 866
864 867
865 868
868 871
869 872
870 873
871 874
879 882
880 883
881 884
884 887
891 894
892 895
895 898
896 899
897 900
900 903
907 910
910 913
915 918
922 925
923 926
926 929
931 934
934 937
935 938
940 943
941 944
948 951
953 956
954 957
957 960
962 965
967 970
968 971
969 972
972 975
975 978
976 979
979 982
986 989
987 990
988 991
991 994
999 1002
1006 1009
1007 1010
1008 1011
1013 1016
1014 1017
1015 1018
1018 1021
1021 1024
1028 1031
1029 1032
1030 1033
1035 1038
1043 1046
1046 1049
1047 1050
1052 1055
1053 1056
1054 1057
1057 1060
1060 1063
1063 1066
1068 1071
1073 1076
1076 1079
1077 1080
1078 1081
1081 1084
1090 1093
1096 1099
1107 1110
1113 1116
1120 1123
1121 1124
1122 1125
1131 1134
1134 1137
1135 1138
1136 1139
1137 1140
1138 1141
1144 1147
1150 1153
1153 1156
1154 1157
1155 1158
1156 1159
1157 1160
1158 1161
1159 1162
1164 1167
1170 1173
1171 1174
1174 1177
1185 1188
1186 1189
1187 1190
1188 1191
1193 1196
1194 1197
1195 1198
1196 1199
1197 1200
1210 1213
1211 1214
1212 1215
1217 1220
1220 1223
1225 1228
1228 1231
1229 1232
1230 1233
1233 1236
1234 1237
1235 1238
1251 1254
1254 1257
1261 1264
1264 1267
1265 1268
1266 1269
1271 1274
1272 1275
1279 1282
1290 1293
1299 1302
1306 1309
1307 1310
1308 1311
1309 1312
1316 1319
1321 1324
1322 1325
1323 1326
1324 1327
1331 1334
1339 1342
1342 1345
1345 1348
1346 1349
1354 1357
1363 1366
1370 1373
1371 1374
1374 1377
1379 1382
1380 1383
1383 1386
1384 1387
1387 1390
1398 1401
1405 1408
1408 1411
1414 1417
1415 1418
1424 1427
1431 1434
1440 1443
1445 1448
1448 1451
1451 1454
1457 1460
1458 1461
1470 1473
1471 1474
1472 1475
1475 1478
1478 1481
1484 1487
1490 1493
1493 1496
1496 1499
1501 1504
1508 1511
1515 1518
1518 1521
1519 1522
1520 1523
1526 1529
1527 1530
1532 1535
1533 1536
1536 1539
1543 1546
1544 1547
1549 1552
1554 1557
1555 1558
1556 1559
1562 1565
1563 1566
1564 1567
1567 1570
1568 1571
1571 1574
1574 1577
1575 1578
1576 1579
1577 1580
1580 1583
1581 1584
1586 1589
1593 1596
1594 1597
1599 1602
1600 1603
1601 1604
1608 1611
1609 1612
1612 1615
1618 1621
1621 1624
1622 1625
1627 1630
1628 1631
1631 1634
1632 1635
1635 1638
1640 1643
1643 1646
1648 1651
1649 1652
1654 1657
1655 1658
1662 1665
1663 1666
1673 1676
1676 1679
1679 1682
1682 1685
1683 1686
1691 1694
1698 1701
1699 1702
1700 1703
1701 1704
1704 1707
1705 1708
1706 1709
1714 1717
1715 1718
1718 1721
1719 1722
1722 1725
1723 1726
1726 1729
1732 1735
1737 1740
1744 1747
1745 1748
1746 1749
1747 1750
1748 1751
1749 1752
1750 1753
1751 1754
1752 1755
1753 1756
1756 1759
1765 1768
1766 1769
1772 1775
1775 1778
1776 1779
1777 1780
1783 1786
1784 1787
1785 1788
1786 1789
1787 1790
1790 1793
1793 1796
1798 1801
1799 1802
1802 1805
1807 1810
1814 1817
1817 1820
1822 1825
1823 1826
1824 1827
1827 1830
1837 1840
1843 1846
1852 1855
1853 1856
1856 1859
1859 1862
1865 1868
1866 1869
1867 1870
1870 1873
1871 1874
1872 1875
1873 1876
1876 1879
1879 1882
1880 1883
1887 1890
1888 1891
1895 1898
1896 1899
1897 1900
1898 1901
1899 1902
1902 1905
1903 1906
1908 1911
1917 1920
1922 1925
1923 1926
1924 1927
1931 1934
1934 1937
1935 1938
1936 1939
1937 1940
1938 1941
1939 1942
1940 1943
1941 1944
1942 1945
1945 1948
1950 1953
1951 1954
1958 1961
1959 1962
1964 1967
1965 1968
1968 1971
1969 1972
1970 1973
1971 1974
1974 1977
1977 1980
1980 1983
1981 1984
1982 1985
1983 1986
1988 1991
1993 1996
1996 1999
1999 2002
2000 2003
2003 2006
2006 2009
2009 2012
2012 2015
2013 2016
2014 2017
2019 2022
2025 2028
2028 2031
2031 2034
2037 2040
2046 2049
2056 2059
2061 2064
2064 2067
2067 2070
2070 2073
2071 2074
2083 2086
2084 2087
2085 2088
2088 2091
2091 2094
2092 2095
2095 2098
2096 2099
2097 2100
2100 2103
2107 2110
2110 2113
2111 2114
2112 2115
2117 2120
2120 2123
2123 2126
2124 2127
2125 2128
2126 2129
2 6
12 16
13 17
14 18
15 19
27 31
31 35
32 36
33 37
39 43
54 58
55 59
62 66
64 68
68 72
74 78
78 82
85 89
86 90
87 91
88 92
92 96
93 97
94 98
98 102
112 116
115 119
119 123
129 133
135 139
139 143
146 150
147 151
148 152
157 161
166 170
167 171
168 172
175 179
179 183
180 184
181 185
182 186
186 190
188 192
197 201
198 202
208 212
212 216
216 220
217 221
218 222
225 229
226 230
236 240
243 247
244 248
249 253
253 257
254 258
255 259
260 264
264 268
273 277
274 278
275 279
276 280
277 281
282 286
284 288
288 292
292 296
294 298
298 302
302 306
305 309
312 316
313 317
320 324
326 330
330 334
341 345
345 349
368 372
379 383
383 387
389 393
395 399
399 403
400 404
401 405
405 409
408 412
410 414
422 426
426 430
427 431
439 443
440 444
446 450
450 454
456 460
462 466
464 468
466 470
470 474
477 481
483 487
489 493
496 500
500 504
504 508
511 515
515 519
516 520
522 526
523 527
530 534
531 535
532 536
539 543
551 555
570 574
571 575
575 579
576 580
588 592
589 593
593 597
594 598
598 602
607 611
638 642
642 646
643 647
647 651
651 655
657 661
661 665
670 674
671 675
675 679
682 686
686 690
695 699
701 705
702 706
712 716
713 717
714 718
728 732
729 733
730 734
731 735
738 742
742 746
752 756
753 757
760 764
767 771
768 772
769 773
770 774
771 775
772 776
773 777
779 783
783 787
790 794
791 795
792 796
798 802
810 814
814 818
815 819
835 839
836 840
840 844
844 848
848 852
854 858
855 859
856 860
862 866
863 867
864 868
868 872
869 873
870 874
875 879
879 883
880 884
887 891
891 895
895 899
896 900
903 907
918 922
922 926
934 938
940 944
944 948
953 957
967 971
968 972
975 979
982 986
986 990
987 991
991 995
995 999
1002 1006
1006 1010
1007 1011
1013 1017
1014 1018
1024 1028
1028 1032
1029 1033
1035 1039
1037 1041
1039 1043
1046 1050
1052 1056
1053 1057
1076 1080
1077 1081
1086 1090
1090 1094
1092 1096
1099 1103
1103 1107
1107 1111
1116 1120
1120 1124
1121 1125
1125 1129
1134 1138
1135 1139
1136 1140
1137 1141
1138 1142
1144 1148
1146 1150
1153 1157
1154 1158
1155 1159
1156 1160
1157 1161
1158 1162
1164 1168
1166 1170
1170 1174
1177 1181
1181 1185
1185 1189
1186 1190
1187 1191
1193 1197
1194 1198
1195 1199
1196 1200
1200 1204
1204 1208
1206 1210
1210 1214
1211 1215
1228 1232
1229 1233
1233 1237
1234 1238
1235 1239
1239 1243
1243 1247
1247 1251
1254 1258
1257 1261
1264 1268
1265 1269
1271 1275
1275 1279
1286 1290
1295 1299
1302 1306
1306 1310
1307 1311
1308 1312
1312 1316
1321 1325
1322 1326
1323 1327
1327 1331
1331 1335
1333 1337
1335 1339
1345 1349
1346 1350
1350 1354
1359 1363
1366 1370
1370 1374
1379 1383
1383 1387
1387 1391
1390 1394
1394 1398
1401 1405
1408 1412
1410 1414
1414 1418
1420 1424
1436 1440
1451 1455
1457 1461
1458 1462
1462 1466
1466 1470
1470 1474
1471 1475
1478 1482
1484 1488
1486 1490
1501 1505
1504 1508
1508 1512
1511 1515
1518 1522
1519 1523
1526 1530
1532 1536
1539 1543
1543 1547
1554 1558
1555 1559
1562 1566
1563 1567
1567 1571
1574 1578
1575 1579
1576 1580
1580 1584
1589 1593
1593 1597
1599 1603
1600 1604
1604 1608
1608 1612
1612 1616
1614 1618
1621 1625
1627 1631
1631 1635
1648 1652
1654 1658
1658 1662
1662 1666
1663 1667
1669 1673
1682 1686
1687 1691
1694 1698
1698 1702
1699 1703
1700 1704
1704 1708
1705 1709
1706 1710
1710 1714
1714 1718
1718 1722
1722 1726
1726 1730
1740 1744
1744 1748
1745 1749
1746 1750
1747 1751
1748 1752
1749 1753
1750 1754
1751 1755
1752 1756
1761 1765
1765 1769
1766 1770
1775 1779
1776 1780
1783 1787
1784 1788
1785 1789
1786 1790
1798 1802
1810 1814
1822 1826
1823 1827
1827 1831
1829 1833
1831 1835
1833 1837
1837 1841
1839 1843
1848 1852
1852 1856
1859 1863
1865 1869
1866 1870
1870 1874
1871 1875
1872 1876
1879 1883
1883 1887
1887 1891
1891 1895
1895 1899
1896 1900
1897 1901
1898 1902
1902 1906
1913 1917
1922 1926
1923 1927
1927 1931
1934 1938
1935 1939
1936 1940
1937 1941
1938 1942
1939 1943
1940 1944
1941 1945
1950 1954
1954 1958
1958 1962
1964 1968
1968 1972
1969 1973
1970 1974
1980 1984
1981 1985
1982 1986
1999 2003
2012 2016
2013 2017
2019 2023
2031 2035
2033 2037
2042 2046
2046 2050
2050 2054
2070 2074
2071 2075
2075 2079
2079 2083
2083 2087
2084 2088
2091 2095
2095 2099
2096 2100
2100 2104
2103 2107
2110 2114
2111 2115
2123 2127
2124 2128
2125 2129
12 17
13 18
14 19
31 36
32 37
43 48
54 59
85 90
86 91
87 92
92 97
93 98
107 112
112 117
114 119
146 151
147 152
152 157
161 166
166 171
167 172
179 184
180 185
181 186
187 192
197 202
216 221
217 222
225 230
233 238
243 248
248 253
253 258
254 259
259 264
268 273
273 278
274 279
275 280
276 281
281 286
288 293
291 296
293 298
302 307
312 317
345 350
355 360
363 368
399 404
400 405
405 410
409 414
414 419
426 431
431 436
439 444
465 470
515 520
522 527
530 535
531 536
536 541
543 548
557 562
562 567
570 575
575 580
580 585
588 593
593 598
602 607
607 612
642 647
670 675
701 706
712 717
713 718
723 728
728 733
729 734
730 735
735 740
737 742
752 757
760 765
767 772
768 773
769 774
770 775
771 776
772 777
790 795
791 796
805 810
814 819
819 824
827 832
835 840
854 859
855 860
862 867
863 868
868 873
869 874
874 879
879 884
895 900
900 905
910 915
926 931
948 953
957 962
962 967
967 972
986 991
999 1004
1001 1006
1006 1011
1013 1018
1021 1026
1028 1033
1038 1043
1052 1057
1063 1068
1068 1073
1076 1081
1081 1086
1113 1118
1120 1125
1134 1139
1135 1140
1136 1141
1137 1142
1153 1158
1154 1159
1155 1160
1156 1161
1157 1162
1185 1190
1186 1191
1193 1198
1194 1199
1195 1200
1210 1215
1220 1225
1228 1233
1233 1238
1234 1239
1254 1259
1264 1269
1279 1284
1290 1295
1306 1311
1307 1312
1316 1321
1321 1326
1322 1327
1334 1339
1345 1350
1354 1359
1363 1368
1374 1379
1387 1392
1424 1429
1431 1436
1440 1445
1457 1462
1470 1475
1496 1501
1501 1506
1508 1513
1510 1515
1518 1523
1519 1524
1536 1541
1538 1543
1549 1554
1554 1559
1555 1560
1562 1567
1574 1579
1575 1580
1599 1604
1635 1640
1643 1648
1662 1667
1682 1687
1686 1691
1691 1696
1698 1703
1699 1704
1704 1709
1705 1710
1732 1737
1737 1742
1739 1744
1744 1749
1745 1750
1746 1751
1747 1752
1748 1753
1749 1754
1750 1755
1751 1756
1756 1761
1765 1770
1775 1780
1783 1788
1784 1789
1785 1790
1793 1798
1802 1807
1817 1822
1822 1827
1827 1832
1830 1835
1832 1837
1843 1848
1865 1870
1870 1875
1871 1876
1895 1900
1896 1901
1897 1902
1908 1913
1917 1922
1922 1927
1934 1939
1935 1940
1936 1941
1937 1942
1938 1943
1939 1944
1940 1945
1945 1950
1968 1973
1969 1974
1980 1985
1981 1986
1988 1993
2012 2017
2037 2042
2046 2051
2049 2054
2056 2061
2070 2075
2083 2088
2095 2100
2100 2105
2102 2107
2110 2115
2123 2128
2124 2129
6 12
12 18
13 19
31 37
48 54
62 68
68 74
85 91
86 92
92 98
98 104
129 135
133 139
146 152
155 161
166 172
179 185
180 186
186 192
188 194
202 208
216 222
243 249
253 259
273 279
274 280
275 281
282 288
288 294
292 298
320 326
330 336
368 374
383 389
389 395
399 405
408 414
444 450
450 456
456 462
462 468
464 470
477 483
483 489
496 502
502 508
530 536
551 557
614 620
617 623
623 629
626 632
629 635
651 657
661 667
686 692
695 701
701 707
712 718
728 734
729 735
746 752
752 758
767 773
768 774
769 775
770 776
771 777
777 783
790 796
842 848
848 854
854 860
862 868
868 874
934 940
940 946
1035 1041
1037 1043
1046 1052
1057 1063
1084 1090
1090 1096
1107 1113
1125 1131
1134 1140
1135 1141
1136 1142
1144 1150
1153 1159
1154 1160
1155 1161
1156 1162
1164 1170
1185 1191
1193 1199
1194 1200
1204 1210
1233 1239
1271 1277
1284 1290
1306 1312
1321 1327
1331 1337
1333 1339
1339 1345
1408 1414
1414 1420
1418 1424
1434 1440
1445 1451
1451 1457
1464 1470
1478 1484
1484 1490
1490 1496
1518 1524
1526 1532
1543 1549
1554 1560
1574 1580
1580 1586
1593 1599
1612 1618
1621 1627
1648 1654
1667 1673
1673 1679
1676 1682
1698 1704
1704 1710
1726 1732
1744 1750
1745 1751
1746 1752
1747 1753
1748 1754
1749 1755
1750 1756
1759 1765
1775 1781
1783 1789
1784 1790
1827 1833
1829 1835
1831 1837
1837 1843
1846 1852
1859 1865
1870 1876
1895 1901
1896 1902
1902 1908
1934 1940
1935 1941
1936 1942
1937 1943
1938 1944
1939 1945
1958 1964
1968 1974
1974 1980
1980 1986
1993 1999
2003 2009
2006 2012
2019 2025
2025 2031
2031 2037
2046 2052
2064 2070
2117 2123
2123 2129
2124 2130
12 19
59 66
78 85
85 92
112 119
126 133
139 146
179 186
187 194
233 240
253 260
273 280
274 281
281 288
291 298
302 309
345 352
376 383
405 412
439 446
470 477
489 496
515 522
536 543
593 600
607 614
635 642
675 682
728 735
735 742
742 749
760 767
767 774
768 775
769 776
770 777
783 790
798 805
835 842
868 875
884 891
900 907
915 922
979 986
999 1006
1006 1013
1021 1028
1028 1035
1081 1088
1096 1103
1113 1120
1134 1141
1135 1142
1153 1160
1154 1161
1155 1162
1174 1181
1193 1200
1210 1217
1254 1261
1264 1271
1279 1286
1299 1306
1345 1352
1363 1370
1387 1394
1398 1405
1424 1431
1457 1464
1501 1508
1508 1515
1536 1543
1567 1574
1586 1593
1599 1606
1662 1669
1682 1689
1691 1698
1737 1744
1744 1751
1745 1752
1746 1753
1747 1754
1748 1755
1749 1756
1765 1772
1783 1790
1807 1814
1830 1837
1852 1859
1895 1902
1922 1929
1934 1941
1935 1942
1936 1943
1937 1944
1938 1945
1999 2006
2012 2019
2100 2107
2110 2117
2123 2130
12 20
31 39
74 82
129 137
135 143
179 187
186 194
197 205
208 216
225 233
243 251
273 281
288 296
312 320
330 338
355 363
368 376
414 422
431 439
462 470
496 504
500 508
522 530
543 551
562 570
580 588
701 709
712 720
720 728
752 760
767 775
768 776
769 777
790 798
819 827
827 835
840 848
854 862
879 887
907 915
926 934
940 948
967 975
991 999
1013 1021
1035 1043
1068 1076
1099 1107
1134 1142
1153 1161
1154 1162
1177 1185
1185 1193
1217 1225
1220 1228
1243 1251
1271 1279
1306 1314
1331 1339
1462 1470
1470 1478
1518 1526
1554 1562
1640 1648
1654 1662
1714 1722
1744 1752
1745 1753
1746 1754
1747 1755
1748 1756
1775 1783
1814 1822
1827 1835
1829 1837
1879 1887
1887 1895
1934 1942
1935 1943
1936 1944
1937 1945
1950 1958
1980 1988
1988 1996
2046 2054
2075 2083
2083 2091
39 48
59 68
126 135
152 161
166 175
179 188
216 225
253 262
264 273
273 282
405 414
593 602
614 623
623 632
626 635
642 651
661 670
686 695
767 776
768 777
805 814
835 844
868 877
922 931
944 953
953 962
1081 1090
1120 1129
1125 1134
1144 1153
1153 1162
1193 1202
1279 1288
1290 1299
1312 1321
1345 1354
1354 1363
1370 1379
1387 1396
1405 1414
1431 1440
1457 1466
1599 1608
1612 1621
1631 1640
1662 1671
1673 1682
1682 1691
1744 1753
1745 1754
1746 1755
1747 1756
1756 1765
1798 1807
1843 1852
1870 1879
1908 1917
1922 1931
1934 1943
1935 1944
1936 1945
1968 1977
2003 2012
2028 2037
2037 2046
2061 2070
2070 2079
2123 2132
12 22
92 102
129 139
133 143
233 243
243 253
273 283
288 298
302 312
320 330
345 355
389 399
426 436
742 752
767 777
814 824
957 967
1063 1073
1134 1144
1200 1210
1210 1220
1233 1243
1254 1264
1306 1316
1321 1331
1414 1424
1508 1518
1608 1618
1621 1631
1704 1714
1744 1754
1745 1755
1746 1756
1765 1775
1783 1793
1807 1817
1827 1837
1934 1944
1935 1945
1958 1968
1999 2009
2046 2056
2100 2110
2110 2120
74 85
112 123
126 137
135 146
146 157
179 190
197 208
253 264
273 284
330 341
439 450
500 511
551 562
675 686
701 712
712 723
824 835
868 879
975 986
995 1006
1035 1046
1052 1063
1096 1107
1120 1131
1153 1164
1174 1185
1193 1204
1217 1228
1279 1290
1387 1398
1440 1451
1532 1543
1543 1554
1662 1673
1744 1755
1745 1756
1902 1913
1934 1945
1988 1999
12 24
92 104
107 119
383 395
414 426
477 489
496 508
623 635
670 682
767 779
879 891
895 907
922 934
1239 1251
1327 1339
1478 1490
1484 1496
1562 1574
1631 1643
1732 1744
1744 1756
1802 1814
1922 1934
1968 1980
2025 2037
2083 2095
2095 2107
126 139
133 146
166 179
179 192
230 243
273 286
355 368
426 439
530 543
557 570
575 588
607 620
814 827
835 848
940 953
1063 1076
1107 1120
1370 1383
1457 1470
1580 1593
1608 1621
1852 1865
1999 2012
2070 2083
2110 2123
54 68
129 143
152 166
288 302
456 470
593 607
728 742
854 868
953 967
1120 1134
1233 1247
1345 1359
1501 1515
1518 1532
1648 1662
1662 1676
1704 1718
12 27
39 54
92 107
146 161
179 194
225 240
273 288
330 345
345 360
368 383
399 414
496 511
515 530
642 657
686 701
752 767
895 910
900 915
991 1006
1013 1028
1028 1043
1081 1096
1170 1185
1210 1225
1239 1254
1306 1321
1478 1493
1783 1798
1802 1817
1807 1822
1822 1837
1902 1917
2046 2061
2095 2110
107 123
383 399
607 623
626 642
670 686
712 728
767 783
798 814
819 835
879 895
1134 1150
1290 1306
1398 1414
1424 1440
1682 1698
1798 1814
1827 1843
1879 1895
1934 1950
1980 1996
68 85
126 143
129 146
405 422
439 456
1090 1107
1153 1170
1193 1210
1440 1457
1501 1518
1526 1543
1631 1648
1662 1679
1870 1887
179 197
225 243
312 330
345 363
570 588
575 593
1028 1046
1210 1228
1233 1251
1321 1339
1327 1345
1345 1363
1387 1405
1478 1496
1704 1722
1726 1744
1950 1968
2019 2037
2046 2064
12 31
107 126
197 216
477 496
496 515
551 570
623 642
642 661
835 854
967 986
1134 1153
1574 1593
1580 1599
1798 1817
1980 1999
54 74
123 143
126 146
146 166
253 273
895 915
986 1006
1076 1096
1279 1299
1554 1574
1662 1682
1802 1822
1902 1922
405 426
456 477
530 551
614 635
814 835
1233 1254
1744 1765
1822 1843
900 922
1006 1028
1532 1554
1599 1621
1722 1744
31 54
123 146
345 368
399 422
570 593
767 790
1210 1233
1478 1501
288 312
728 752
790 814
1028 1052
1052 1076
1321 1345
1798 1822
1934 1958
1988 2012
2046 2070
670 695
1345 1370
1518 1543
1574 1599
1870 1895
2012 2037
489 515
1081 1107
1414 1440
1470 1496
1718 1744
216 243
399 426
450 477
701 728
868 895
895 922
940 967
1279 1306
1387 1414
1424 1451
1621 1648
1895 1922
2019 2046
2083 2110
225 253
607 635
614 642
642 670
1271 1299
1526 1554
2095 2123
273 302
1714 1744
1822 1852
54 85
368 399
670 701
1076 1107
1233 1264
1383 1414
1470 1501
1631 1662
1744 1775
1153 1185
1599 1631
1980 2012
146 179
312 345
934 967
1424 1457
2037 2070
92 126
112 146
1934 1968
2012 2046
607 642
1193 1228
1271 1306
1379 1414
107 143
1518 1554
1662 1698
179 216
216 253
1414 1451
439 477
477 515
107 146
273 312
728 767
895 934
1081 1120
1744 1783
1783 1822
1895 1934
399 439
530 570
814 854
1153 1193
1193 1233
1478 1518
1704 1744
2083 2123
1621 1662
1264 1306
1414 1457
1822 1865
1076 1120
1370 1414
790 835
1698 1744
1934 1980
1028 1076
1470 1518
1822 1870
593 642
1599 1648
92 143
2019 2070
31 85
92 146
345 399
1518 1574
216 273
439 496
530 588
1076 1134
2012 2070
456 515
642 701
85 146
1457 1518
530 593
1599 1662
790 854
450 515
868 934
330 399
1345 1414
1193 1264
2012 2083
273 345
895 967
12 85
1233 1306
179 253
439 515
1621 1698
399 477
790 868
1052 1134
1783 1865
1599 1682
2012 2095
642 728
92 179
312 399
767 854
1370 1457
1783 1870
879 967
426 515
439 530
895 986
1321 1414
85 179
179 273
273 368
399 496
2012 2110
868 967
1599 1698
767 868
1980 2083
426 530
1028 1134
879 986
593 701
895 1006
2012 2123
530 642
1345 1457
1783 1895
1193 1306
1980 2095
399 515
868 986
593 712
1574 1698
1345 1470
273 399
879 1006
1006 1134
1193 1321
1980 2110
399 530
593 728
1321 1457
868 1006
1980 2123
1599 1744
1321 1470
1744 1895
1783 1934
12 179
1574 1744
530 701
1345 1518
1934 2110
530 712
1934 2123
1744 1934
1321 1518
530 728
1321 1554
530 767
1321 1574
273 530
12 273
868 1134
1306 1574
868 1153
399 701
399 712
399 728
1193 1554
767 1134
399 767
1193 1574
767 1153
1153 1574
1321 1744
273 701
1306 1744
273 712
273 728
273 767
1193 1698
1153 1698
1193 1744
1153 1744
767 1744
