0 1
1 2
2 3
3 4
4 5
5 6
6 7
7 8
8 9
9 10
10 11
11 12
12 13
13 14
14 15
15 16
16 17
17 18
18 19
19 20
20 21
21 22
22 23
23 24
24 25
25 26
26 27
27 28
28 29
29 30
30 31
31 32
32 33
33 34
34 35
35 36
36 37
37 38
38 39
39 40
40 41
41 42
42 43
43 44
44 45
45 46
46 47
47 48
48 49
49 50
50 51
51 52
52 53
53 54
54 55
55 56
56 57
57 58
58 59
59 60
60 61
61 62
62 63
63 64
64 65
65 66
66 67
67 68
68 69
69 70
70 71
71 72
72 73
73 74
74 75
75 76
76 77
77 78
78 79
79 80
80 81
81 82
82 83
83 84
84 85
85 86
86 87
87 88
88 89
89 90
90 91
91 92
92 93
93 94
94 95
95 96
96 97
97 98
98 99
99 100
100 101
101 102
102 103
103 104
104 105
105 106
106 107
107 108
108 109
109 110
110 111
111 112
112 113
113 114
114 115
115 116
116 117
117 118
118 119
119 120
120 121
121 122
122 123
123 124
124 125
125 126
126 127
127 128
128 129
129 130
130 131
131 132
132 133
133 134
134 135
135 136
136 137
137 138
138 139
139 140
140 141
141 142
142 143
143 144
144 145
145 146
146 147
147 148
148 149
149 150
150 151
151 152
152 153
153 154
154 155
155 156
156 157
157 158
158 159
159 160
160 161
161 162
162 163
163 164
164 165
165 166
166 167
167 168
168 169
169 170
170 171
171 172
172 173
173 174
174 175
175 176
176 177
177 178
178 179
179 180
180 181
181 182
182 183
183 184
184 185
185 186
186 187
187 188
188 189
189 190
190 191
191 192
192 193
193 194
194 195
195 196
196 197
197 198
198 199
199 200
200 201
201 202
202 203
203 204
204 205
205 206
206 207
207 208
208 209
209 210
210 211
211 212
212 213
213 214
214 215
215 216
216 217
217 218
218 219
219 220
220 221
221 222
222 223
223 224
224 225
225 226
226 227
227 228
228 229
229 230
230 231
231 232
232 233
233 234
234 235
0 2
2 4
4 6
6 8
7 9
9 11
10 12
12 14
13 15
14 16
15 17
16 18
17 19
20 22
22 24
24 26
25 27
27 29
28 30
29 31
31 33
32 34
33 35
34 36
35 37
37 39
39 41
40 42
41 43
43 45
46 48
48 50
49 51
51 53
52 54
54 56
55 57
56 58
59 61
60 62
62 64
64 66
66 68
68 70
69 71
72 74
74 76
75 77
78 80
80 82
82 84
83 85
85 87
86 88
87 89
88 90
89 91
90 92
92 94
93 95
94 96
95 97
98 100
100 102
102 104
104 106
105 107
107 109
108 110
110 112
112 114
115 117
117 119
119 121
121 123
123 125
126 128
129 131
131 133
133 135
135 137
137 139
139 141
141 143
143 145
144 146
146 148
147 149
148 150
149 151
150 152
152 154
155 157
157 159
159 161
161 163
162 164
164 166
166 168
167 169
168 170
169 171
172 174
173 175
175 177
176 178
177 179
179 181
180 182
181 183
182 184
183 185
184 186
186 188
188 190
190 192
192 194
194 196
195 197
197 199
198 200
199 201
200 202
202 204
205 207
206 208
208 210
209 211
210 212
212 214
214 216
216 218
217 219
218 220
219 221
220 222
222 224
223 225
225 227
226 228
227 229
228 230
230 232
231 233
233 235
6 9
9 12
12 15
13 16
14 17
15 18
16 19
24 27
27 30
28 31
31 34
32 35
33 36
34 37
39 42
40 43
43 46
48 51
51 54
54 57
55 58
56 59
59 62
68 71
74 77
82 85
85 88
86 89
87 90
88 91
89 92
92 95
93 96
94 97
95 98
104 107
107 110
112 115
123 126
126 129
143 146
146 149
147 150
148 151
149 152
152 155
161 164
166 169
167 170
168 171
169 172
172 175
175 178
176 179
179 182
180 183
181 184
182 185
183 186
194 197
197 200
198 201
199 202
202 205
205 208
208 211
209 212
216 219
217 220
218 221
219 222
222 225
225 228
226 229
227 230
230 233
2 6
12 16
13 17
14 18
15 19
27 31
31 35
32 36
33 37
39 43
54 58
55 59
62 66
64 68
68 72
74 78
78 82
85 89
86 90
87 91
88 92
92 96
93 97
94 98
98 102
112 116
115 119
119 123
129 133
135 139
139 143
146 150
147 151
148 152
157 161
166 170
167 171
168 172
175 179
179 183
180 184
181 185
182 186
186 190
188 192
197 201
198 202
208 212
212 216
216 220
217 221
218 222
225 229
226 230
12 17
13 18
14 19
31 36
32 37
43 48
54 59
85 90
86 91
87 92
92 97
93 98
107 112
112 117
114 119
146 151
147 152
152 157
161 166
166 171
167 172
179 184
180 185
181 186
187 192
197 202
216 221
217 222
225 230
6 12
12 18
13 19
31 37
48 54
62 68
68 74
85 91
86 92
92 98
98 104
129 135
133 139
146 152
155 161
166 172
179 185
180 186
186 192
188 194
202 208
216 222
12 19
59 66
78 85
85 92
112 119
126 133
139 146
179 186
187 194
12 20
31 39
74 82
129 137
135 143
179 187
186 194
197 205
208 216
225 233
39 48
59 68
126 135
152 161
166 175
179 188
216 225
12 22
92 102
129 139
133 143
74 85
112 123
126 137
135 146
146 157
179 190
197 208
12 24
92 104
107 119
126 139
133 146
166 179
179 192
54 68
129 143
152 166
12 27
39 54
92 107
146 161
179 194
107 123
68 85
126 143
129 146
179 197
12 31
107 126
197 216
54 74
123 143
126 146
146 166
31 54
123 146
54 85
146 179
92 126
112 146
107 143
179 216
107 146
92 143
31 85
92 146
85 146
12 85
92 179
85 179
12 179
