0, 1
1, 2
2, 3
3, 4
4, 5
5, 6
6, 7
7, 8
8, 9
9, 10
10, 11
11, 12
12, 13
13, 14
14, 15
15, 16
16, 17
17, 18
18, 19
19, 20
20, 21
21, 22
22, 23
23, 24
24, 25
25, 26
26, 27
27, 28
28, 29
29, 30
30, 31
31, 32
32, 33
33, 34
34, 35
35, 36
36, 37
37, 38
38, 39
39, 40
40, 41
41, 42
42, 43
43, 44
44, 45
45, 46
46, 47
47, 48
48, 49
49, 50
50, 51
51, 52
52, 53
53, 54
54, 55
55, 56
56, 57
57, 58
58, 59
59, 60
60, 61
61, 62
62, 63
63, 64
64, 65
65, 66
66, 67
67, 68
68, 69
69, 70
70, 71
71, 72
72, 73
73, 74
74, 75
75, 76
76, 77
77, 78
78, 79
79, 80
80, 81
81, 82
82, 83
83, 84
84, 85
85, 86
86, 87
87, 88
88, 89
89, 90
90, 91
91, 92
92, 93
93, 94
94, 95
95, 96
96, 97
97, 98
98, 99
99, 100
100, 101
101, 102
102, 103
103, 104
104, 105
105, 106
106, 107
107, 108
108, 109
109, 110
110, 111
111, 112
112, 113
113, 114
114, 115
115, 116
116, 117
117, 118
118, 119
119, 120
120, 121
121, 122
122, 123
123, 124
124, 125
125, 126
126, 127
127, 128
128, 129
129, 130
130, 131
131, 132
132, 133
133, 134
134, 135
135, 136
136, 137
137, 138
138, 139
139, 140
140, 141
141, 142
142, 143
143, 144
144, 145
145, 146
146, 147
147, 148
148, 149
149, 150
150, 151
151, 152
152, 153
153, 154
154, 155
155, 156
156, 157
157, 158
158, 159
159, 160
160, 161
161, 162
162, 163
163, 164
164, 165
165, 166
166, 167
167, 168
168, 169
169, 170
170, 171
171, 172
172, 173
173, 174
174, 175
175, 176
176, 177
177, 178
178, 179
179, 180
180, 181
181, 182
182, 183
183, 184
184, 185
185, 186
186, 187
187, 188
188, 189
189, 190
190, 191
191, 192
192, 193
193, 194
194, 195
195, 196
196, 197
197, 198
198, 199
199, 200
200, 201
201, 202
202, 203
203, 204
204, 205
205, 206
206, 207
207, 208
208, 209
209, 210
210, 211
211, 212
212, 213
213, 214
214, 215
215, 216
216, 217
217, 218
218, 219
219, 220
220, 221
221, 222
222, 223
223, 224
224, 225
225, 226
226, 227
227, 228
228, 229
229, 230
230, 231
231, 232
232, 233
233, 234
234, 235
235, 236
236, 237
237, 238
238, 239
239, 240
240, 241
241, 242
242, 243
243, 244
244, 245
245, 246
246, 247
247, 248
248, 249
249, 250
250, 251
251, 252
252, 253
253, 254
254, 255
255, 256
256, 257
257, 258
258, 259
259, 260
260, 261
261, 262
262, 263
263, 264
264, 265
265, 266
266, 267
267, 268
268, 269
269, 270
270, 271
271, 272
272, 273
273, 274
274, 275
275, 276
276, 277
277, 278
278, 279
279, 280
280, 281
281, 282
282, 283
283, 284
284, 285
285, 286
286, 287
287, 288
288, 289
289, 290
290, 291
291, 292
292, 293
293, 294
294, 295
295, 296
296, 297
297, 298
298, 299
299, 300
300, 301
301, 302
302, 303
303, 304
304, 305
305, 306
306, 307
307, 308
308, 309
309, 310
310, 311
311, 312
312, 313
313, 314
314, 315
315, 316
316, 317
317, 318
318, 319
319, 320
320, 321
321, 322
322, 323
323, 324
324, 325
325, 326
326, 327
327, 328
328, 329
329, 330
330, 331
331, 332
332, 333
333, 334
334, 335
335, 336
336, 337
337, 338
338, 339
339, 340
340, 341
341, 342
342, 343
343, 344
344, 345
345, 346
346, 347
347, 348
348, 349
349, 350
350, 351
351, 352
352, 353
353, 354
354, 355
355, 356
356, 357
357, 358
358, 359
359, 360
360, 361
361, 362
362, 363
363, 364
364, 365
365, 366
366, 367
367, 368
368, 369
369, 370
370, 371
371, 372
372, 373
373, 374
374, 375
375, 376
376, 377
377, 378
378, 379
379, 380
380, 381
381, 382
382, 383
383, 384
384, 385
385, 386
386, 387
387, 388
388, 389
389, 390
390, 391
391, 392
392, 393
393, 394
394, 395
395, 396
396, 397
397, 398
398, 399
399, 400
400, 401
401, 402
402, 403
403, 404
404, 405
405, 406
406, 407
407, 408
408, 409
409, 410
410, 411
411, 412
412, 413
413, 414
414, 415
415, 416
416, 417
417, 418
418, 419
419, 420
420, 421
421, 422
422, 423
423, 424
424, 425
425, 426
426, 427
427, 428
428, 429
429, 430
430, 431
431, 432
432, 433
433, 434
434, 435
435, 436
436, 437
437, 438
438, 439
439, 440
440, 441
441, 442
442, 443
443, 444
444, 445
445, 446
446, 447
447, 448
448, 449
449, 450
450, 451
451, 452
452, 453
453, 454
454, 455
455, 456
456, 457
457, 458
458, 459
459, 460
460, 461
461, 462
462, 463
463, 464
464, 465
465, 466
466, 467
467, 468
468, 469
469, 470
470, 471
471, 472
472, 473
473, 474
474, 475
475, 476
476, 477
477, 478
478, 479
479, 480
480, 481
481, 482
482, 483
483, 484
484, 485
485, 486
486, 487
487, 488
488, 489
489, 490
490, 491
491, 492
492, 493
493, 494
494, 495
495, 496
496, 497
497, 498
498, 499
499, 500
500, 501
501, 502
502, 503
503, 504
504, 505
505, 506
506, 507
507, 508
508, 509
509, 510
510, 511
511, 512
512, 513
513, 514
514, 515
515, 516
516, 517
517, 518
518, 519
519, 520
520, 521
521, 522
522, 523
523, 524
524, 525
525, 526
526, 527
527, 528
528, 529
529, 530
530, 531
531, 532
532, 533
533, 534
534, 535
535, 536
536, 537
537, 538
538, 539
539, 540
540, 541
541, 542
542, 543
543, 544
544, 545
545, 546
546, 547
547, 548
548, 549
549, 550
550, 551
551, 552
552, 553
553, 554
554, 555
555, 556
556, 557
557, 558
558, 559
559, 560
560, 561
561, 562
562, 563
563, 564
564, 565
565, 566
566, 567
567, 568
568, 569
569, 570
570, 571
571, 572
572, 573
573, 574
574, 575
575, 576
576, 577
577, 578
578, 579
579, 580
580, 581
581, 582
582, 583
583, 584
584, 585
585, 586
586, 587
587, 588
588, 589
589, 590
590, 591
591, 592
592, 593
593, 594
594, 595
595, 596
596, 597
597, 598
598, 599
599, 600
600, 601
601, 602
602, 603
603, 604
604, 605
605, 606
606, 607
607, 608
608, 609
609, 610
610, 611
611, 612
612, 613
613, 614
614, 615
615, 616
616, 617
617, 618
618, 619
619, 620
620, 621
621, 622
622, 623
623, 624
624, 625
625, 626
626, 627
627, 628
628, 629
629, 630
630, 631
631, 632
632, 633
633, 634
634, 635
635, 636
636, 637
637, 638
638, 639
639, 640
640, 641
641, 642
642, 643
643, 644
644, 645
645, 646
646, 647
647, 648
648, 649
649, 650
650, 651
651, 652
652, 653
653, 654
654, 655
655, 656
656, 657
657, 658
658, 659
659, 660
660, 661
661, 662
662, 663
663, 664
664, 665
665, 666
666, 667
667, 668
668, 669
669, 670
670, 671
671, 672
672, 673
673, 674
674, 675
675, 676
676, 677
677, 678
678, 679
679, 680
680, 681
681, 682
682, 683
683, 684
684, 685
685, 686
686, 687
687, 688
688, 689
689, 690
690, 691
691, 692
692, 693
693, 694
694, 695
695, 696
696, 697
697, 698
698, 699
699, 700
700, 701
701, 702
702, 703
703, 704
704, 705
705, 706
706, 707
707, 708
708, 709
709, 710
710, 711
711, 712
712, 713
713, 714
714, 715
715, 716
716, 717
717, 718
718, 719
719, 720
720, 721
721, 722
722, 723
723, 724
724, 725
725, 726
726, 727
727, 728
728, 729
729, 730
730, 731
731, 732
732, 733
733, 734
734, 735
735, 736
736, 737
737, 738
738, 739
739, 740
740, 741
741, 742
742, 743
743, 744
744, 745
745, 746
746, 747
747, 748
748, 749
749, 750
750, 751
751, 752
752, 753
753, 754
754, 755
755, 756
756, 757
757, 758
758, 759
759, 760
760, 761
761, 762
762, 763
763, 764
764, 765
765, 766
766, 767
767, 768
768, 769
769, 770
770, 771
771, 772
772, 773
773, 774
774, 775
775, 776
776, 777
777, 778
778, 779
779, 780
780, 781
781, 782
782, 783
783, 784
784, 785
785, 786
786, 787
787, 788
788, 789
789, 790
790, 791
791, 792
792, 793
793, 794
794, 795
795, 796
796, 797
797, 798
798, 799
799, 800
800, 801
801, 802
802, 803
803, 804
804, 805
805, 806
806, 807
807, 808
808, 809
809, 810
810, 811
811, 812
812, 813
813, 814
814, 815
815, 816
816, 817
817, 818
818, 819
819, 820
820, 821
821, 822
822, 823
823, 824
824, 825
825, 826
826, 827
827, 828
828, 829
829, 830
830, 831
831, 832
832, 833
833, 834
834, 835
835, 836
836, 837
837, 838
838, 839
839, 840
840, 841
841, 842
842, 843
843, 844
844, 845
845, 846
846, 847
847, 848
848, 849
849, 850
850, 851
851, 852
852, 853
853, 854
854, 855
855, 856
856, 857
857, 858
858, 859
859, 860
860, 861
861, 862
862, 863
863, 864
864, 865
865, 866
866, 867
867, 868
868, 869
869, 870
870, 871
871, 872
872, 873
873, 874
874, 875
875, 876
876, 877
877, 878
878, 879
879, 880
880, 881
881, 882
882, 883
883, 884
884, 885
885, 886
886, 887
887, 888
888, 889
889, 890
890, 891
891, 892
892, 893
893, 894
894, 895
895, 896
896, 897
897, 898
898, 899
899, 900
900, 901
901, 902
902, 903
903, 904
904, 905
905, 906
906, 907
907, 908
908, 909
909, 910
910, 911
911, 912
912, 913
913, 914
914, 915
915, 916
916, 917
917, 918
918, 919
919, 920
920, 921
921, 922
922, 923
923, 924
924, 925
925, 926
926, 927
927, 928
928, 929
929, 930
930, 931
931, 932
932, 933
933, 934
934, 935
935, 936
936, 937
937, 938
938, 939
939, 940
940, 941
941, 942
942, 943
943, 944
944, 945
945, 946
946, 947
947, 948
948, 949
949, 950
950, 951
951, 952
952, 953
953, 954
954, 955
955, 956
956, 957
957, 958
958, 959
959, 960
960, 961
961, 962
962, 963
963, 964
964, 965
965, 966
966, 967
967, 968
968, 969
969, 970
970, 971
971, 972
972, 973
973, 974
974, 975
975, 976
976, 977
977, 978
978, 979
979, 980
980, 981
981, 982
982, 983
983, 984
984, 985
985, 986
986, 987
987, 988
988, 989
989, 990
990, 991
991, 992
992, 993
993, 994
994, 995
995, 996
996, 997
997, 998
998, 999
999, 1000
1000, 1001
1001, 1002
1002, 1003
1003, 1004
1004, 1005
1005, 1006
1006, 1007
1007, 1008
1008, 1009
1009, 1010
1010, 1011
1011, 1012
1012, 1013
1013, 1014
1014, 1015
1015, 1016
1016, 1017
1017, 1018
1018, 1019
1019, 1020
1020, 1021
1021, 1022
1022, 1023
1023, 1024
1024, 1025
1025, 1026
1026, 1027
1027, 1028
1028, 1029
1029, 1030
1030, 1031
1031, 1032
1032, 1033
1033, 1034
1034, 1035
1035, 1036
1036, 1037
1037, 1038
1038, 1039
1039, 1040
1040, 1041
1041, 1042
1042, 1043
1043, 1044
1044, 1045
1045, 1046
1046, 1047
1047, 1048
1048, 1049
1049, 1050
1050, 1051
1051, 1052
1052, 1053
1053, 1054
1054, 1055
1055, 1056
1056, 1057
1057, 1058
1058, 1059
1059, 1060
1060, 1061
1061, 1062
1062, 1063
1063, 1064
1064, 1065
1065, 1066
1066, 1067
1067, 1068
1068, 1069
1069, 1070
1070, 1071
1071, 1072
1072, 1073
1073, 1074
1074, 1075
1075, 1076
1076, 1077
1077, 1078
1078, 1079
1079, 1080
1080, 1081
1081, 1082
1082, 1083
1083, 1084
1084, 1085
1085, 1086
1086, 1087
1087, 1088
1088, 1089
1089, 1090
1090, 1091
1091, 1092
1092, 1093
1093, 1094
1094, 1095
1095, 1096
1096, 1097
1097, 1098
1098, 1099
1099, 1100
1100, 1101
1101, 1102
1102, 1103
1103, 1104
1104, 1105
1105, 1106
1106, 1107
1107, 1108
1108, 1109
1109, 1110
1110, 1111
1111, 1112
1112, 1113
1113, 1114
1114, 1115
1115, 1116
1116, 1117
1117, 1118
1118, 1119
1119, 1120
1120, 1121
1121, 1122
1122, 1123
1123, 1124
1124, 1125
1125, 1126
1126, 1127
1127, 1128
1128, 1129
1129, 1130
1130, 1131
1131, 1132
1132, 1133
1133, 1134
1134, 1135
1135, 1136
1136, 1137
1137, 1138
1138, 1139
1139, 1140
1140, 1141
1141, 1142
1142, 1143
1143, 1144
1144, 1145
1145, 1146
1146, 1147
1147, 1148
1148, 1149
1149, 1150
1150, 1151
1151, 1152
1152, 1153
1153, 1154
1154, 1155
1155, 1156
1156, 1157
1157, 1158
1158, 1159
1159, 1160
1160, 1161
1161, 1162
1162, 1163
1163, 1164
1164, 1165
1165, 1166
1166, 1167
1167, 1168
1168, 1169
1169, 1170
1170, 1171
1171, 1172
1172, 1173
1173, 1174
1174, 1175
1175, 1176
1176, 1177
1177, 1178
1178, 1179
1179, 1180
1180, 1181
1181, 1182
1182, 1183
1183, 1184
1184, 1185
1185, 1186
1186, 1187
1187, 1188
1188, 1189
1189, 1190
1190, 1191
1191, 1192
1192, 1193
1193, 1194
1194, 1195
1195, 1196
1196, 1197
1197, 1198
1198, 1199
1199, 1200
1200, 1201
1201, 1202
1202, 1203
1203, 1204
1204, 1205
1205, 1206
1206, 1207
1207, 1208
1208, 1209
1209, 1210
1210, 1211
1211, 1212
1212, 1213
1213, 1214
1214, 1215
1215, 1216
1216, 1217
1217, 1218
1218, 1219
1219, 1220
1220, 1221
1221, 1222
1222, 1223
1223, 1224
1224, 1225
1225, 1226
1226, 1227
1227, 1228
1228, 1229
1229, 1230
1230, 1231
1231, 1232
1232, 1233
1233, 1234
1234, 1235
1235, 1236
1236, 1237
1237, 1238
1238, 1239
1239, 1240
1240, 1241
1241, 1242
1242, 1243
1243, 1244
1244, 1245
1245, 1246
1246, 1247
1247, 1248
1248, 1249
1249, 1250
1250, 1251
1251, 1252
1252, 1253
1253, 1254
1254, 1255
1255, 1256
1256, 1257
1257, 1258
1258, 1259
1259, 1260
1260, 1261
1261, 1262
1262, 1263
1263, 1264
1264, 1265
1265, 1266
1266, 1267
1267, 1268
1268, 1269
1269, 1270
1270, 1271
1271, 1272
1272, 1273
1273, 1274
1274, 1275
1275, 1276
1276, 1277
1277, 1278
1278, 1279
1279, 1280
1280, 1281
1281, 1282
1282, 1283
1283, 1284
1284, 1285
1285, 1286
1286, 1287
1287, 1288
1288, 1289
1289, 1290
1290, 1291
1291, 1292
1292, 1293
1293, 1294
1294, 1295
1295, 1296
1296, 1297
1297, 1298
1298, 1299
1299, 1300
1300, 1301
1301, 1302
1302, 1303
1303, 1304
1304, 1305
1305, 1306
1306, 1307
1307, 1308
1308, 1309
1309, 1310
1310, 1311
1311, 1312
1312, 1313
1313, 1314
1314, 1315
1315, 1316
1316, 1317
1317, 1318
1318, 1319
1319, 1320
1320, 1321
1321, 1322
1322, 1323
1323, 1324
1324, 1325
1325, 1326
1326, 1327
1327, 1328
1328, 1329
1329, 1330
1330, 1331
1331, 1332
1332, 1333
1333, 1334
1334, 1335
1335, 1336
1336, 1337
1337, 1338
1338, 1339
1339, 1340
1340, 1341
1341, 1342
1342, 1343
1343, 1344
1344, 1345
1345, 1346
1346, 1347
1347, 1348
1348, 1349
1349, 1350
1350, 1351
1351, 1352
1352, 1353
1353, 1354
1354, 1355
1355, 1356
1356, 1357
1357, 1358
1358, 1359
1359, 1360
1360, 1361
1361, 1362
1362, 1363
1363, 1364
1364, 1365
1365, 1366
1366, 1367
1367, 1368
1368, 1369
1369, 1370
1370, 1371
1371, 1372
1372, 1373
1373, 1374
1374, 1375
1375, 1376
1376, 1377
1377, 1378
1378, 1379
1379, 1380
1380, 1381
1381, 1382
1382, 1383
1383, 1384
1384, 1385
1385, 1386
1386, 1387
1387, 1388
1388, 1389
1389, 1390
1390, 1391
1391, 1392
1392, 1393
1393, 1394
1394, 1395
1395, 1396
1396, 1397
1397, 1398
1398, 1399
1399, 1400
1400, 1401
1401, 1402
1402, 1403
1403, 1404
1404, 1405
1405, 1406
1406, 1407
1407, 1408
1408, 1409
1409, 1410
1410, 1411
1411, 1412
1412, 1413
1413, 1414
1414, 1415
1415, 1416
1416, 1417
1417, 1418
1418, 1419
1419, 1420
1420, 1421
1421, 1422
1422, 1423
1423, 1424
1424, 1425
1425, 1426
1426, 1427
1427, 1428
1428, 1429
1429, 1430
1430, 1431
1431, 1432
1432, 1433
1433, 1434
1434, 1435
1435, 1436
1436, 1437
1437, 1438
1438, 1439
1439, 1440
1440, 1441
1441, 1442
1442, 1443
1443, 1444
1444, 1445
1445, 1446
1446, 1447
1447, 1448
1448, 1449
1449, 1450
1450, 1451
1451, 1452
1452, 1453
1453, 1454
1454, 1455
1455, 1456
1456, 1457
1457, 1458
1458, 1459
1459, 1460
1460, 1461
1461, 1462
1462, 1463
1463, 1464
1464, 1465
1465, 1466
1466, 1467
1467, 1468
1468, 1469
1469, 1470
1470, 1471
1471, 1472
1472, 1473
1473, 1474
1474, 1475
1475, 1476
1476, 1477
1477, 1478
1478, 1479
1479, 1480
1480, 1481
1481, 1482
1482, 1483
1483, 1484
1484, 1485
1485, 1486
1486, 1487
1487, 1488
1488, 1489
1489, 1490
1490, 1491
1491, 1492
1492, 1493
1493, 1494
1494, 1495
1495, 1496
1496, 1497
1497, 1498
1498, 1499
1499, 1500
1500, 1501
1501, 1502
1502, 1503
1503, 1504
1504, 1505
1505, 1506
1506, 1507
1507, 1508
1508, 1509
1509, 1510
1510, 1511
1511, 1512
1512, 1513
1513, 1514
1514, 1515
1515, 1516
1516, 1517
1517, 1518
1518, 1519
1519, 1520
1520, 1521
1521, 1522
1522, 1523
1523, 1524
1524, 1525
1525, 1526
1526, 1527
1527, 1528
1528, 1529
1529, 1530
1530, 1531
1531, 1532
1532, 1533
1533, 1534
1534, 1535
1535, 1536
1536, 1537
1537, 1538
1538, 1539
1539, 1540
1540, 1541
1541, 1542
1542, 1543
1543, 1544
1544, 1545
1545, 1546
1546, 1547
1547, 1548
1548, 1549
1549, 1550
1550, 1551
1551, 1552
1552, 1553
1553, 1554
1554, 1555
1555, 1556
1556, 1557
1557, 1558
1558, 1559
1559, 1560
1560, 1561
1561, 1562
1562, 1563
1563, 1564
1564, 1565
1565, 1566
1566, 1567
1567, 1568
1568, 1569
1569, 1570
1570, 1571
1571, 1572
1572, 1573
1573, 1574
1574, 1575
1575, 1576
1576, 1577
1577, 1578
1578, 1579
1579, 1580
1580, 1581
1581, 1582
1582, 1583
1583, 1584
1584, 1585
1585, 1586
1586, 1587
1587, 1588
1588, 1589
1589, 1590
1590, 1591
1591, 1592
1592, 1593
1593, 1594
1594, 1595
1595, 1596
1596, 1597
1597, 1598
1598, 1599
1599, 1600
1600, 1601
1601, 1602
1602, 1603
1603, 1604
1604, 1605
1605, 1606
1606, 1607
1607, 1608
1608, 1609
1609, 1610
1610, 1611
1611, 1612
1612, 1613
1613, 1614
1614, 1615
1615, 1616
1616, 1617
1617, 1618
1618, 1619
1619, 1620
1620, 1621
1621, 1622
1622, 1623
1623, 1624
1624, 1625
1625, 1626
1626, 1627
1627, 1628
1628, 1629
1629, 1630
1630, 1631
1631, 1632
1632, 1633
1633, 1634
1634, 1635
1635, 1636
1636, 1637
1637, 1638
1638, 1639
1639, 1640
1640, 1641
1641, 1642
1642, 1643
1643, 1644
1644, 1645
1645, 1646
1646, 1647
1647, 1648
1648, 1649
1649, 1650
1650, 1651
1651, 1652
1652, 1653
1653, 1654
1654, 1655
1655, 1656
1656, 1657
1657, 1658
1658, 1659
1659, 1660
1660, 1661
1661, 1662
1662, 1663
1663, 1664
1664, 1665
1665, 1666
1666, 1667
1667, 1668
1668, 1669
1669, 1670
1670, 1671
1671, 1672
1672, 1673
1673, 1674
1674, 1675
1675, 1676
1676, 1677
1677, 1678
1678, 1679
1679, 1680
1680, 1681
1681, 1682
1682, 1683
1683, 1684
1684, 1685
1685, 1686
1686, 1687
1687, 1688
1688, 1689
1689, 1690
1690, 1691
1691, 1692
1692, 1693
1693, 1694
1694, 1695
1695, 1696
1696, 1697
1697, 1698
1698, 1699
1699, 1700
1700, 1701
1701, 1702
1702, 1703
1703, 1704
1704, 1705
1705, 1706
1706, 1707
1707, 1708
1708, 1709
1709, 1710
1710, 1711
1711, 1712
1712, 1713
1713, 1714
1714, 1715
1715, 1716
1716, 1717
1717, 1718
1718, 1719
1719, 1720
1720, 1721
1721, 1722
1722, 1723
1723, 1724
1724, 1725
1725, 1726
1726, 1727
1727, 1728
1728, 1729
1729, 1730
1730, 1731
1731, 1732
1732, 1733
1733, 1734
1734, 1735
1735, 1736
1736, 1737
1737, 1738
1738, 1739
1739, 1740
1740, 1741
1741, 1742
1742, 1743
1743, 1744
1744, 1745
1745, 1746
1746, 1747
1747, 1748
1748, 1749
1749, 1750
1750, 1751
1751, 1752
1752, 1753
1753, 1754
1754, 1755
1755, 1756
1756, 1757
1757, 1758
1758, 1759
1759, 1760
1760, 1761
1761, 1762
1762, 1763
1763, 1764
1764, 1765
1765, 1766
1766, 1767
1767, 1768
1768, 1769
1769, 1770
1770, 1771
1771, 1772
1772, 1773
1773, 1774
1774, 1775
1775, 1776
1776, 1777
1777, 1778
1778, 1779
1779, 1780
1780, 1781
1781, 1782
1782, 1783
1783, 1784
1784, 1785
1785, 1786
1786, 1787
1787, 1788
1788, 1789
1789, 1790
1790, 1791
1791, 1792
1792, 1793
1793, 1794
1794, 1795
1795, 1796
1796, 1797
1797, 1798
1798, 1799
1799, 1800
1800, 1801
1801, 1802
1802, 1803
1803, 1804
1804, 1805
1805, 1806
1806, 1807
1807, 1808
1808, 1809
1809, 1810
1810, 1811
1811, 1812
1812, 1813
1813, 1814
1814, 1815
1815, 1816
1816, 1817
1817, 1818
1818, 1819
1819, 1820
1820, 1821
1821, 1822
1822, 1823
1823, 1824
1824, 1825
1825, 1826
1826, 1827
1827, 1828
1828, 1829
1829, 1830
1830, 1831
1831, 1832
1832, 1833
1833, 1834
1834, 1835
1835, 1836
1836, 1837
1837, 1838
1838, 1839
1839, 1840
1840, 1841
1841, 1842
1842, 1843
1843, 1844
1844, 1845
1845, 1846
1846, 1847
1847, 1848
1848, 1849
1849, 1850
1850, 1851
1851, 1852
1852, 1853
1853, 1854
1854, 1855
1855, 1856
1856, 1857
1857, 1858
1858, 1859
1859, 1860
1860, 1861
1861, 1862
1862, 1863
1863, 1864
1864, 1865
1865, 1866
1866, 1867
1867, 1868
1868, 1869
1869, 1870
1870, 1871
1871, 1872
1872, 1873
1873, 1874
1874, 1875
1875, 1876
1876, 1877
1877, 1878
1878, 1879
1879, 1880
1880, 1881
1881, 1882
1882, 1883
1883, 1884
1884, 1885
1885, 1886
1886, 1887
1887, 1888
1888, 1889
1889, 1890
1890, 1891
1891, 1892
1892, 1893
1893, 1894
1894, 1895
1895, 1896
1896, 1897
1897, 1898
1898, 1899
1899, 1900
1900, 1901
1901, 1902
1902, 1903
1903, 1904
1904, 1905
1905, 1906
1906, 1907
1907, 1908
1908, 1909
1909, 1910
1910, 1911
1911, 1912
1912, 1913
1913, 1914
1914, 1915
1915, 1916
1916, 1917
1917, 1918
1918, 1919
1919, 1920
1920, 1921
1921, 1922
1922, 1923
1923, 1924
1924, 1925
1925, 1926
1926, 1927
1927, 1928
1928, 1929
1929, 1930
1930, 1931
1931, 1932
1932, 1933
1933, 1934
1934, 1935
1935, 1936
1936, 1937
1937, 1938
1938, 1939
1939, 1940
1940, 1941
1941, 1942
1942, 1943
1943, 1944
1944, 1945
1945, 1946
1946, 1947
1947, 1948
1948, 1949
1949, 1950
1950, 1951
1951, 1952
1952, 1953
1953, 1954
1954, 1955
1955, 1956
1956, 1957
1957, 1958
1958, 1959
1959, 1960
1960, 1961
1961, 1962
1962, 1963
1963, 1964
1964, 1965
1965, 1966
1966, 1967
1967, 1968
1968, 1969
1969, 1970
1970, 1971
1971, 1972
1972, 1973
1973, 1974
1974, 1975
1975, 1976
1976, 1977
1977, 1978
1978, 1979
1979, 1980
1980, 1981
1981, 1982
1982, 1983
1983, 1984
1984, 1985
1985, 1986
1986, 1987
1987, 1988
1988, 1989
1989, 1990
1990, 1991
1991, 1992
1992, 1993
1993, 1994
1994, 1995
1995, 1996
1996, 1997
1997, 1998
1998, 1999
1999, 2000
2000, 2001
2001, 2002
2002, 2003
2003, 2004
2004, 2005
2005, 2006
2006, 2007
2007, 2008
2008, 2009
2009, 2010
2010, 2011
2011, 2012
2012, 2013
2013, 2014
2014, 2015
2015, 2016
2016, 2017
2017, 2018
2018, 2019
2019, 2020
2020, 2021
2021, 2022
2022, 2023
2023, 2024
2024, 2025
2025, 2026
2026, 2027
2027, 2028
2028, 2029
2029, 2030
2030, 2031
2031, 2032
2032, 2033
2033, 2034
2034, 2035
2035, 2036
2036, 2037
2037, 2038
2038, 2039
2039, 2040
2040, 2041
2041, 2042
2042, 2043
2043, 2044
2044, 2045
2045, 2046
2046, 2047
2047, 2048
2048, 2049
2049, 2050
2050, 2051
2051, 2052
2052, 2053
2053, 2054
2054, 2055
2055, 2056
2056, 2057
2057, 2058
2058, 2059
2059, 2060
2060, 2061
2061, 2062
2062, 2063
2063, 2064
2064, 2065
2065, 2066
2066, 2067
2067, 2068
2068, 2069
2069, 2070
2070, 2071
2071, 2072
2072, 2073
2073, 2074
2074, 2075
2075, 2076
2076, 2077
2077, 2078
2078, 2079
2079, 2080
2080, 2081
2081, 2082
2082, 2083
2083, 2084
2084, 2085
2085, 2086
2086, 2087
2087, 2088
2088, 2089
2089, 2090
2090, 2091
2091, 2092
2092, 2093
2093, 2094
2094, 2095
2095, 2096
2096, 2097
2097, 2098
2098, 2099
2099, 2100
2100, 2101
2101, 2102
2102, 2103
2103, 2104
2104, 2105
2105, 2106
2106, 2107
2107, 2108
2108, 2109
2109, 2110
2110, 2111
2111, 2112
2112, 2113
2113, 2114
2114, 2115
2115, 2116
2116, 2117
2117, 2118
2118, 2119
2119, 2120
2120, 2121
2121, 2122
2122, 2123
2123, 2124
2124, 2125
2125, 2126
2126, 2127
2127, 2128
2128, 2129
2129, 2130
2130, 2131
2131, 2132
2132, 2133
2133, 2134
2134, 2135
2135, 2136
2136, 2137
2137, 2138
2138, 2139
2139, 2140
2140, 2141
2141, 2142
2142, 2143
2143, 2144
2144, 2145
2145, 2146
2146, 2147
2147, 2148
2148, 2149
2149, 2150
2150, 2151
2151, 2152
2152, 2153
2153, 2154
2154, 2155
2155, 2156
2156, 2157
2157, 2158
2158, 2159
2159, 2160
2160, 2161
2161, 2162
2162, 2163
2163, 2164
2164, 2165
2165, 2166
2166, 2167
2167, 2168
2168, 2169
2169, 2170
2170, 2171
2171, 2172
2172, 2173
2173, 2174
2174, 2175
2175, 2176
2176, 2177
2177, 2178
2178, 2179
2179, 2180
2180, 2181
2181, 2182
2182, 2183
2183, 2184
2184, 2185
2185, 2186
2186, 2187
2187, 2188
2188, 2189
2189, 2190
2190, 2191
2191, 2192
2192, 2193
2193, 2194
2194, 2195
2195, 2196
2196, 2197
2197, 2198
2198, 2199
2199, 2200
2200, 2201
2201, 2202
2202, 2203
2203, 2204
2204, 2205
2205, 2206
2206, 2207
2207, 2208
2208, 2209
2209, 2210
2210, 2211
2211, 2212
2212, 2213
2213, 2214
2214, 2215
2215, 2216
2216, 2217
2217, 2218
2218, 2219
2219, 2220
2220, 2221
2221, 2222
2222, 2223
2223, 2224
2224, 2225
2225, 2226
2226, 2227
2227, 2228
2228, 2229
2229, 2230
2230, 2231
2231, 2232
2232, 2233
2233, 2234
2234, 2235
2235, 2236
2236, 2237
2237, 2238
2238, 2239
2239, 2240
2240, 2241
2241, 2242
2242, 2243
2243, 2244
2244, 2245
2245, 2246
2246, 2247
2247, 2248
2248, 2249
2249, 2250
2250, 2251
2251, 2252
2252, 2253
2253, 2254
2254, 2255
2255, 2256
2256, 2257
2257, 2258
2258, 2259
2259, 2260
2260, 2261
2261, 2262
2262, 2263
2263, 2264
2264, 2265
2265, 2266
2266, 2267
2267, 2268
2268, 2269
2269, 2270
2270, 2271
2271, 2272
2272, 2273
2273, 2274
2274, 2275
2275, 2276
2276, 2277
2277, 2278
2278, 2279
2279, 2280
2280, 2281
2281, 2282
2282, 2283
2283, 2284
2284, 2285
2285, 2286
2286, 2287
2287, 2288
2288, 2289
2289, 2290
2290, 2291
2291, 2292
2292, 2293
2293, 2294
2294, 2295
2295, 2296
2296, 2297
2297, 2298
2298, 2299
2299, 2300
2300, 2301
2301, 2302
2302, 2303
2303, 2304
2304, 2305
2305, 2306
2306, 2307
2307, 2308
2308, 2309
2309, 2310
2310, 2311
2311, 2312
2312, 2313
2313, 2314
2314, 2315
2315, 2316
2316, 2317
2317, 2318
2318, 2319
2319, 2320
2320, 2321
2321, 2322
2322, 2323
2323, 2324
2324, 2325
2325, 2326
2326, 2327
2327, 2328
2328, 2329
2329, 2330
2330, 2331
2331, 2332
2332, 2333
2333, 2334
2334, 2335
2335, 2336
2336, 2337
2337, 2338
2338, 2339
2339, 2340
2340, 2341
2341, 2342
2342, 2343
2343, 2344
2344, 2345
2345, 2346
2346, 2347
2347, 2348
2348, 2349
2349, 2350
2350, 2351
2351, 2352
2352, 2353
2353, 2354
2354, 2355
2355, 2356
2356, 2357
2357, 2358
2358, 2359
2359, 2360
2360, 2361
2361, 2362
2362, 2363
2363, 2364
2364, 2365
2365, 2366
2366, 2367
2367, 2368
2368, 2369
2369, 2370
2370, 2371
2371, 2372
2372, 2373
2373, 2374
2374, 2375
2375, 2376
2376, 2377
2377, 2378
2378, 2379
2379, 2380
2380, 2381
2381, 2382
2382, 2383
2383, 2384
2384, 2385
2385, 2386
2386, 2387
2387, 2388
2388, 2389
2389, 2390
2390, 2391
2391, 2392
2392, 2393
2393, 2394
2394, 2395
2395, 2396
2396, 2397
2397, 2398
2398, 2399
2399, 2400
2400, 2401
2401, 2402
2402, 2403
2403, 2404
2404, 2405
2405, 2406
2406, 2407
2407, 2408
2408, 2409
2409, 2410
2410, 2411
2411, 2412
2412, 2413
2413, 2414
2414, 2415
2415, 2416
2416, 2417
2417, 2418
2418, 2419
2419, 2420
2420, 2421
2421, 2422
2422, 2423
2423, 2424
2424, 2425
2425, 2426
2426, 2427
2427, 2428
2428, 2429
2429, 2430
2430, 2431
2431, 2432
2432, 2433
2433, 2434
2434, 2435
2435, 2436
2436, 2437
2437, 2438
2438, 2439
2439, 2440
2440, 2441
2441, 2442
2442, 2443
2443, 2444
2444, 2445
2445, 2446
2446, 2447
2447, 2448
2448, 2449
2449, 2450
2450, 2451
2451, 2452
2452, 2453
2453, 2454
2454, 2455
2455, 2456
2456, 2457
2457, 2458
2458, 2459
2459, 2460
2460, 2461
2461, 2462
2462, 2463
2463, 2464
2464, 2465
2465, 2466
2466, 2467
2467, 2468
2468, 2469
2469, 2470
2470, 2471
2471, 2472
2472, 2473
2473, 2474
2474, 2475
2475, 2476
2476, 2477
2477, 2478
2478, 2479
2479, 2480
2480, 2481
2481, 2482
2482, 2483
2483, 2484
2484, 2485
2485, 2486
2486, 2487
2487, 2488
2488, 2489
2489, 2490
2490, 2491
2491, 2492
2492, 2493
2493, 2494
2494, 2495
2495, 2496
2496, 2497
2497, 2498
2498, 2499
2499, 2500
2500, 2501
2501, 2502
2502, 2503
2503, 2504
2504, 2505
2505, 2506
2506, 2507
2507, 2508
2508, 2509
2509, 2510
2510, 2511
2511, 2512
2512, 2513
2513, 2514
2514, 2515
2515, 2516
2516, 2517
2517, 2518
2518, 2519
2519, 2520
2520, 2521
2521, 2522
2522, 2523
2523, 2524
2524, 2525
2525, 2526
2526, 2527
2527, 2528
2528, 2529
2529, 2530
2530, 2531
2531, 2532
2532, 2533
2533, 2534
2534, 2535
2535, 2536
2536, 2537
2537, 2538
2538, 2539
2539, 2540
2540, 2541
2541, 2542
2542, 2543
2543, 2544
2544, 2545
2545, 2546
2546, 2547
2547, 2548
2548, 2549
2549, 2550
2550, 2551
2551, 2552
2552, 2553
2553, 2554
2554, 2555
2555, 2556
2556, 2557
2557, 2558
2558, 2559
2559, 2560
2560, 2561
2561, 2562
2562, 2563
2563, 2564
2564, 2565
2565, 2566
2566, 2567
2567, 2568
2568, 2569
2569, 2570
2570, 2571
2571, 2572
2572, 2573
2573, 2574
2574, 2575
2575, 2576
2576, 2577
2577, 2578
2578, 2579
2579, 2580
2580, 2581
2581, 2582
2582, 2583
2583, 2584
2584, 2585
2585, 2586
2586, 2587
2587, 2588
2588, 2589
2589, 2590
2590, 2591
2591, 2592
2592, 2593
2593, 2594
2594, 2595
2595, 2596
2596, 2597
2597, 2598
2598, 2599
2599, 2600
2600, 2601
2601, 2602
2602, 2603
2603, 2604
2604, 2605
2605, 2606
2606, 2607
2607, 2608
2608, 2609
2609, 2610
2610, 2611
2611, 2612
2612, 2613
2613, 2614
2614, 2615
2615, 2616
2616, 2617
2617, 2618
2618, 2619
2619, 2620
2620, 2621
2621, 2622
2622, 2623
2623, 2624
2624, 2625
2625, 2626
2626, 2627
2627, 2628
2628, 2629
2629, 2630
2630, 2631
2631, 2632
2632, 2633
2633, 2634
2634, 2635
2635, 2636
2636, 2637
2637, 2638
2638, 2639
2639, 2640
2640, 2641
2641, 2642
2642, 2643
2643, 2644
2644, 2645
2645, 2646
2646, 2647
2647, 2648
2648, 2649
2649, 2650
2650, 2651
2651, 2652
2652, 2653
2653, 2654
2654, 2655
2655, 2656
2656, 2657
2657, 2658
2658, 2659
2659, 2660
2660, 2661
2661, 2662
2662, 2663
2663, 2664
2664, 2665
2665, 2666
2666, 2667
2667, 2668
2668, 2669
2669, 2670
2670, 2671
2671, 2672
2672, 2673
2673, 2674
2674, 2675
2675, 2676
2676, 2677
2677, 2678
2678, 2679
2679, 2680
2680, 2681
2681, 2682
2682, 2683
2683, 2684
2684, 2685
2685, 2686
2686, 2687
2687, 2688
2688, 2689
2689, 2690
2690, 2691
2691, 2692
2692, 2693
2693, 2694
2694, 2695
2695, 2696
2696, 2697
2697, 2698
2698, 2699
2699, 2700
2700, 2701
2701, 2702
2702, 2703
2703, 2704
2704, 2705
2705, 2706
2706, 2707
2707, 2708
2708, 2709
2709, 2710
2710, 2711
2711, 2712
2712, 2713
2713, 2714
2714, 2715
2715, 2716
2716, 2717
2717, 2718
2718, 2719
2719, 2720
2720, 2721
2721, 2722
2722, 2723
2723, 2724
2724, 2725
2725, 2726
2726, 2727
2727, 2728
2728, 2729
2729, 2730
2730, 2731
2731, 2732
2732, 2733
2733, 2734
2734, 2735
2735, 2736
2736, 2737
2737, 2738
2738, 2739
2739, 2740
2740, 2741
2741, 2742
2742, 2743
2743, 2744
2744, 2745
2745, 2746
2746, 2747
2747, 2748
2748, 2749
2749, 2750
2750, 2751
2751, 2752
2752, 2753
2753, 2754
2754, 2755
2755, 2756
2756, 2757
2757, 2758
2758, 2759
2759, 2760
2760, 2761
2761, 2762
2762, 2763
2763, 2764
2764, 2765
2765, 2766
2766, 2767
2767, 2768
2768, 2769
2769, 2770
2770, 2771
2771, 2772
2772, 2773
2773, 2774
2774, 2775
2775, 2776
2776, 2777
2777, 2778
2778, 2779
2779, 2780
2780, 2781
2781, 2782
2782, 2783
2783, 2784
2784, 2785
2785, 2786
2786, 2787
2787, 2788
2788, 2789
2789, 2790
2790, 2791
2791, 2792
2792, 2793
2793, 2794
2794, 2795
2795, 2796
2796, 2797
2797, 2798
2798, 2799
2799, 2800
2800, 2801
2801, 2802
2802, 2803
2803, 2804
2804, 2805
2805, 2806
2806, 2807
2807, 2808
2808, 2809
2809, 2810
2810, 2811
2811, 2812
2812, 2813
2813, 2814
2814, 2815
2815, 2816
2816, 2817
2817, 2818
2818, 2819
2819, 2820
2820, 2821
2821, 2822
2822, 2823
2823, 2824
2824, 2825
2825, 2826
2826, 2827
2827, 2828
2828, 2829
2829, 2830
2830, 2831
2831, 2832
2832, 2833
2833, 2834
2834, 2835
2835, 2836
2836, 2837
2837, 2838
2838, 2839
2839, 2840
2840, 2841
2841, 2842
2842, 2843
2843, 2844
2844, 2845
2845, 2846
2846, 2847
2847, 2848
2848, 2849
2849, 2850
2850, 2851
2851, 2852
2852, 2853
2853, 2854
2854, 2855
2855, 2856
2856, 2857
2857, 2858
2858, 2859
2859, 2860
2860, 2861
2861, 2862
2862, 2863
2863, 2864
2864, 2865
2865, 2866
2866, 2867
2867, 2868
2868, 2869
2869, 2870
2870, 2871
2871, 2872
2872, 2873
2873, 2874
2874, 2875
2875, 2876
2876, 2877
2877, 2878
2878, 2879
2879, 2880
2880, 2881
2881, 2882
2882, 2883
2883, 2884
2884, 2885
2885, 2886
2886, 2887
2887, 2888
2888, 2889
2889, 2890
2890, 2891
2891, 2892
2892, 2893
2893, 2894
2894, 2895
2895, 2896
2896, 2897
2897, 2898
2898, 2899
2899, 2900
2900, 2901
2901, 2902
2902, 2903
2903, 2904
2904, 2905
2905, 2906
2906, 2907
2907, 2908
2908, 2909
2909, 2910
2910, 2911
2911, 2912
2912, 2913
2913, 2914
2914, 2915
2915, 2916
2916, 2917
2917, 2918
2918, 2919
2919, 2920
2920, 2921
2921, 2922
2922, 2923
2923, 2924
2924, 2925
2925, 2926
2926, 2927
2927, 2928
2928, 2929
2929, 2930
2930, 2931
2931, 2932
2932, 2933
2933, 2934
2934, 2935
2935, 2936
2936, 2937
2937, 2938
2938, 2939
2939, 2940
2940, 2941
2941, 2942
2942, 2943
2943, 2944
2944, 2945
2945, 2946
2946, 2947
2947, 2948
2948, 2949
2949, 2950
2950, 2951
2951, 2952
2952, 2953
2953, 2954
2954, 2955
2955, 2956
2956, 2957
2957, 2958
2958, 2959
2959, 2960
2960, 2961
2961, 2962
2962, 2963
2963, 2964
2964, 2965
2965, 2966
2966, 2967
2967, 2968
2968, 2969
2969, 2970
2970, 2971
2971, 2972
2972, 2973
2973, 2974
2974, 2975
2975, 2976
2976, 2977
2977, 2978
2978, 2979
2979, 2980
2980, 2981
2981, 2982
2982, 2983
2983, 2984
2984, 2985
2985, 2986
2986, 2987
2987, 2988
2988, 2989
2989, 2990
2990, 2991
2991, 2992
2992, 2993
2993, 2994
2994, 2995
2995, 2996
2996, 2997
2997, 2998
2998, 2999
2999, 3000
3000, 3001
3001, 3002
3002, 3003
3003, 3004
3004, 3005
3005, 3006
3006, 3007
3007, 3008
3008, 3009
3009, 3010
3010, 3011
3011, 3012
3012, 3013
3013, 3014
3014, 3015
3015, 3016
3016, 3017
3017, 3018
3018, 3019
3019, 3020
3020, 3021
3021, 3022
3022, 3023
3023, 3024
3024, 3025
3025, 3026
3026, 3027
3027, 3028
3028, 3029
3029, 3030
3030, 3031
3031, 3032
3032, 3033
3033, 3034
3034, 3035
3035, 3036
3036, 3037
3037, 3038
3038, 3039
3039, 3040
3040, 3041
3041, 3042
3042, 3043
3043, 3044
3044, 3045
3045, 3046
3046, 3047
3047, 3048
3048, 3049
3049, 3050
3050, 3051
3051, 3052
3052, 3053
3053, 3054
3054, 3055
3055, 3056
3056, 3057
3057, 3058
3058, 3059
3059, 3060
3060, 3061
3061, 3062
3062, 3063
3063, 3064
3064, 3065
3065, 3066
3066, 3067
3067, 3068
3068, 3069
3069, 3070
3070, 3071
3071, 3072
3072, 3073
3073, 3074
3074, 3075
3075, 3076
3076, 3077
3077, 3078
3078, 3079
3079, 3080
3080, 3081
3081, 3082
3082, 3083
3083, 3084
3084, 3085
3085, 3086
3086, 3087
3087, 3088
3088, 3089
3089, 3090
3090, 3091
3091, 3092
3092, 3093
3093, 3094
3094, 3095
3095, 3096
3096, 3097
3097, 3098
3098, 3099
3099, 3100
3100, 3101
3101, 3102
3102, 3103
3103, 3104
3104, 3105
3105, 3106
3106, 3107
3107, 3108
3108, 3109
3109, 3110
3110, 3111
3111, 3112
3112, 3113
3113, 3114
3114, 3115
3115, 3116
3116, 3117
3117, 3118
3118, 3119
3119, 3120
3120, 3121
3121, 3122
3122, 3123
3123, 3124
3124, 3125
3125, 3126
3126, 3127
3127, 3128
3128, 3129
3129, 3130
3130, 3131
3131, 3132
3132, 3133
3133, 3134
3134, 3135
3135, 3136
3136, 3137
3137, 3138
3138, 3139
3139, 3140
3140, 3141
3141, 3142
3142, 3143
3143, 3144
3144, 3145
3145, 3146
3146, 3147
3147, 3148
3148, 3149
3149, 3150
3150, 3151
3151, 3152
3152, 3153
3153, 3154
3154, 3155
3155, 3156
3156, 3157
3157, 3158
3158, 3159
3159, 3160
3160, 3161
3161, 3162
3162, 3163
3163, 3164
3164, 3165
3165, 3166
3166, 3167
3167, 3168
3168, 3169
3169, 3170
3170, 3171
3171, 3172
3172, 3173
3173, 3174
3174, 3175
3175, 3176
3176, 3177
3177, 3178
3178, 3179
3179, 3180
3180, 3181
3181, 3182
3182, 3183
3183, 3184
3184, 3185
3185, 3186
3186, 3187
3187, 3188
3188, 3189
3189, 3190
3190, 3191
3191, 3192
3192, 3193
3193, 3194
3194, 3195
3195, 3196
3196, 3197
3197, 3198
3198, 3199
3199, 3200
3200, 3201
3201, 3202
3202, 3203
3203, 3204
3204, 3205
3205, 3206
3206, 3207
3207, 3208
3208, 3209
3209, 3210
3210, 3211
3211, 3212
3212, 3213
3213, 3214
3214, 3215
3215, 3216
3216, 3217
3217, 3218
3218, 3219
3219, 3220
3220, 3221
3221, 3222
3222, 3223
3223, 3224
3224, 3225
3225, 3226
3226, 3227
3227, 3228
3228, 3229
3229, 3230
3230, 3231
3231, 3232
3232, 3233
3233, 3234
3234, 3235
3235, 3236
3236, 3237
3237, 3238
3238, 3239
3239, 3240
3240, 3241
3241, 3242
3242, 3243
3243, 3244
3244, 3245
3245, 3246
3246, 3247
3247, 3248
3248, 3249
3249, 3250
3250, 3251
3251, 3252
3252, 3253
3253, 3254
3254, 3255
3255, 3256
3256, 3257
3257, 3258
3258, 3259
3259, 3260
3260, 3261
3261, 3262
3262, 3263
3263, 3264
3264, 3265
3265, 3266
3266, 3267
3267, 3268
3268, 3269
3269, 3270
3270, 3271
3271, 3272
3272, 3273
3273, 3274
3274, 3275
3275, 3276
3276, 3277
3277, 3278
3278, 3279
3279, 3280
3280, 3281
3281, 3282
3282, 3283
3283, 3284
3284, 3285
3285, 3286
3286, 3287
3287, 3288
3288, 3289
3289, 3290
3290, 3291
3291, 3292
3292, 3293
3293, 3294
3294, 3295
3295, 3296
3296, 3297
3297, 3298
3298, 3299
3299, 3300
3300, 3301
3301, 3302
3302, 3303
3303, 3304
3304, 3305
3305, 3306
3306, 3307
3307, 3308
3308, 3309
3309, 3310
3310, 3311
3311, 3312
3312, 3313
3313, 3314
3314, 3315
3315, 3316
3316, 3317
3317, 3318
3318, 3319
3319, 3320
3320, 3321
3321, 3322
3322, 3323
3323, 3324
3324, 3325
3325, 3326
3326, 3327
3327, 3328
3328, 3329
3329, 3330
3330, 3331
3331, 3332
3332, 3333
3333, 3334
3334, 3335
3335, 3336
3336, 3337
3337, 3338
3338, 3339
3339, 3340
3340, 3341
3341, 3342
3342, 3343
3343, 3344
3344, 3345
3345, 3346
3346, 3347
3347, 3348
3348, 3349
3349, 3350
3350, 3351
3351, 3352
3352, 3353
3353, 3354
3354, 3355
3355, 3356
3356, 3357
3357, 3358
3358, 3359
3359, 3360
0, 2
2, 4
4, 6
6, 8
7, 9
9, 11
10, 12
12, 14
13, 15
14, 16
15, 17
16, 18
17, 19
20, 22
22, 24
24, 26
25, 27
27, 29
28, 30
29, 31
31, 33
32, 34
33, 35
34, 36
35, 37
37, 39
39, 41
40, 42
41, 43
43, 45
46, 48
48, 50
49, 51
51, 53
52, 54
54, 56
55, 57
56, 58
59, 61
60, 62
62, 64
64, 66
66, 68
68, 70
69, 71
72, 74
74, 76
75, 77
78, 80
80, 82
82, 84
83, 85
85, 87
86, 88
87, 89
88, 90
89, 91
90, 92
92, 94
93, 95
94, 96
95, 97
98, 100
100, 102
102, 104
104, 106
105, 107
107, 109
108, 110
110, 112
112, 114
115, 117
117, 119
119, 121
121, 123
123, 125
126, 128
129, 131
131, 133
133, 135
135, 137
137, 139
139, 141
141, 143
143, 145
144, 146
146, 148
147, 149
148, 150
149, 151
150, 152
152, 154
155, 157
157, 159
159, 161
161, 163
162, 164
164, 166
166, 168
167, 169
168, 170
169, 171
172, 174
173, 175
175, 177
176, 178
177, 179
179, 181
180, 182
181, 183
182, 184
183, 185
184, 186
186, 188
188, 190
190, 192
192, 194
194, 196
195, 197
197, 199
198, 200
199, 201
200, 202
202, 204
205, 207
206, 208
208, 210
209, 211
210, 212
212, 214
214, 216
216, 218
217, 219
218, 220
219, 221
220, 222
222, 224
223, 225
225, 227
226, 228
227, 229
228, 230
230, 232
231, 233
233, 235
234, 236
236, 238
238, 240
240, 242
241, 243
243, 245
244, 246
245, 247
246, 248
249, 251
251, 253
253, 255
254, 256
255, 257
256, 258
257, 259
260, 262
262, 264
264, 266
265, 267
266, 268
268, 270
271, 273
273, 275
274, 276
275, 277
276, 278
277, 279
278, 280
279, 281
282, 284
284, 286
286, 288
288, 290
289, 291
292, 294
294, 296
296, 298
298, 300
300, 302
302, 304
303, 305
305, 307
307, 309
309, 311
310, 312
312, 314
313, 315
314, 316
317, 319
318, 320
320, 322
321, 323
322, 324
324, 326
326, 328
327, 329
328, 330
330, 332
331, 333
332, 334
334, 336
336, 338
338, 340
339, 341
341, 343
342, 344
343, 345
345, 347
346, 348
347, 349
350, 352
352, 354
353, 355
355, 357
356, 358
358, 360
360, 362
361, 363
363, 365
364, 366
366, 368
368, 370
369, 371
370, 372
372, 374
374, 376
376, 378
377, 379
379, 381
381, 383
383, 385
384, 386
385, 387
387, 389
389, 391
390, 392
393, 395
395, 397
396, 398
397, 399
399, 401
400, 402
401, 403
402, 404
403, 405
405, 407
406, 408
408, 410
410, 412
412, 414
414, 416
415, 417
417, 419
419, 421
420, 422
422, 424
423, 425
424, 426
426, 428
427, 429
428, 430
431, 433
432, 434
434, 436
436, 438
437, 439
439, 441
440, 442
441, 443
444, 446
446, 448
448, 450
450, 452
451, 453
452, 454
454, 456
456, 458
457, 459
458, 460
460, 462
462, 464
464, 466
466, 468
468, 470
470, 472
471, 473
474, 476
475, 477
477, 479
478, 480
479, 481
481, 483
483, 485
484, 486
487, 489
489, 491
490, 492
491, 493
493, 495
494, 496
496, 498
497, 499
498, 500
500, 502
502, 504
504, 506
506, 508
508, 510
509, 511
511, 513
512, 514
513, 515
515, 517
516, 518
517, 519
518, 520
520, 522
522, 524
523, 525
524, 526
527, 529
528, 530
530, 532
531, 533
532, 534
533, 535
536, 538
539, 541
541, 543
543, 545
544, 546
546, 548
548, 550
549, 551
551, 553
552, 554
553, 555
555, 557
557, 559
558, 560
560, 562
562, 564
563, 565
565, 567
567, 569
568, 570
570, 572
571, 573
572, 574
573, 575
575, 577
576, 578
577, 579
578, 580
580, 582
581, 583
583, 585
585, 587
586, 588
588, 590
589, 591
590, 592
591, 593
593, 595
594, 596
595, 597
596, 598
598, 600
600, 602
602, 604
603, 605
605, 607
607, 609
608, 610
609, 611
612, 614
614, 616
615, 617
617, 619
620, 622
623, 625
624, 626
626, 628
629, 631
632, 634
635, 637
636, 638
638, 640
640, 642
642, 644
643, 645
644, 646
645, 647
647, 649
649, 651
651, 653
652, 654
655, 657
657, 659
658, 660
659, 661
661, 663
662, 664
663, 665
665, 667
667, 669
668, 670
670, 672
671, 673
672, 674
673, 675
675, 677
676, 678
679, 681
680, 682
682, 684
683, 685
684, 686
686, 688
687, 689
688, 690
690, 692
692, 694
693, 695
695, 697
696, 698
697, 699
699, 701
701, 703
702, 704
703, 705
704, 706
707, 709
709, 711
710, 712
712, 714
713, 715
714, 716
715, 717
718, 720
720, 722
723, 725
726, 728
728, 730
729, 731
730, 732
731, 733
732, 734
735, 737
738, 740
740, 742
742, 744
743, 745
744, 746
746, 748
747, 749
749, 751
750, 752
752, 754
753, 755
754, 756
755, 757
758, 760
760, 762
761, 763
762, 764
765, 767
767, 769
768, 770
769, 771
770, 772
771, 773
772, 774
773, 775
774, 776
775, 777
777, 779
779, 781
781, 783
783, 785
784, 786
787, 789
788, 790
790, 792
791, 793
792, 794
793, 795
794, 796
796, 798
798, 800
799, 801
800, 802
802, 804
803, 805
805, 807
806, 808
808, 810
810, 812
812, 814
814, 816
815, 817
816, 818
817, 819
819, 821
820, 822
822, 824
824, 826
825, 827
827, 829
828, 830
830, 832
832, 834
833, 835
835, 837
836, 838
837, 839
838, 840
840, 842
842, 844
844, 846
846, 848
848, 850
849, 851
852, 854
854, 856
855, 857
856, 858
857, 859
858, 860
860, 862
862, 864
863, 865
864, 866
865, 867
866, 868
868, 870
869, 871
870, 872
871, 873
872, 874
875, 877
877, 879
879, 881
880, 882
881, 883
884, 886
887, 889
889, 891
891, 893
892, 894
893, 895
895, 897
896, 898
897, 899
900, 902
903, 905
905, 907
907, 909
910, 912
913, 915
915, 917
916, 918
918, 920
920, 922
922, 924
923, 925
924, 926
926, 928
927, 929
929, 931
931, 933
932, 934
934, 936
935, 937
936, 938
938, 940
940, 942
941, 943
942, 944
944, 946
946, 948
948, 950
951, 953
953, 955
954, 956
955, 957
957, 959
958, 960
960, 962
962, 964
963, 965
965, 967
967, 969
968, 970
969, 971
972, 974
973, 975
975, 977
976, 978
977, 979
979, 981
980, 982
982, 984
984, 986
986, 988
987, 989
988, 990
989, 991
991, 993
992, 994
995, 997
997, 999
999, 1001
1002, 1004
1004, 1006
1006, 1008
1007, 1009
1008, 1010
1009, 1011
1011, 1013
1013, 1015
1014, 1016
1015, 1017
1016, 1018
1018, 1020
1019, 1021
1021, 1023
1022, 1024
1024, 1026
1026, 1028
1028, 1030
1029, 1031
1030, 1032
1031, 1033
1033, 1035
1035, 1037
1037, 1039
1039, 1041
1041, 1043
1043, 1045
1044, 1046
1046, 1048
1047, 1049
1048, 1050
1050, 1052
1052, 1054
1053, 1055
1054, 1056
1055, 1057
1057, 1059
1058, 1060
1060, 1062
1061, 1063
1063, 1065
1064, 1066
1066, 1068
1068, 1070
1071, 1073
1073, 1075
1074, 1076
1076, 1078
1077, 1079
1078, 1080
1079, 1081
1081, 1083
1082, 1084
1084, 1086
1086, 1088
1088, 1090
1090, 1092
1092, 1094
1094, 1096
1096, 1098
1099, 1101
1101, 1103
1103, 1105
1105, 1107
1107, 1109
1108, 1110
1111, 1113
1113, 1115
1114, 1116
1116, 1118
1118, 1120
1120, 1122
1121, 1123
1122, 1124
1125, 1127
1127, 1129
1129, 1131
1131, 1133
1132, 1134
1134, 1136
1135, 1137
1136, 1138
1137, 1139
1138, 1140
1139, 1141
1142, 1144
1144, 1146
1146, 1148
1148, 1150
1150, 1152
1151, 1153
1153, 1155
1154, 1156
1155, 1157
1156, 1158
1157, 1159
1158, 1160
1159, 1161
1160, 1162
1162, 1164
1164, 1166
1166, 1168
1168, 1170
1170, 1172
1171, 1173
1174, 1176
1175, 1177
1177, 1179
1179, 1181
1181, 1183
1183, 1185
1185, 1187
1186, 1188
1187, 1189
1188, 1190
1189, 1191
1191, 1193
1193, 1195
1194, 1196
1195, 1197
1196, 1198
1197, 1199
1198, 1200
1200, 1202
1202, 1204
1204, 1206
1206, 1208
1208, 1210
1210, 1212
1211, 1213
1212, 1214
1213, 1215
1215, 1217
1217, 1219
1220, 1222
1223, 1225
1225, 1227
1226, 1228
1228, 1230
1229, 1231
1230, 1232
1231, 1233
1233, 1235
1234, 1236
1235, 1237
1236, 1238
1239, 1241
1241, 1243
1243, 1245
1245, 1247
1247, 1249
1249, 1251
1251, 1253
1252, 1254
1254, 1256
1255, 1257
1257, 1259
1259, 1261
1261, 1263
1262, 1264
1264, 1266
1265, 1267
1266, 1268
1267, 1269
1269, 1271
1271, 1273
1272, 1274
1273, 1275
1275, 1277
1277, 1279
1279, 1281
1280, 1282
1282, 1284
1284, 1286
1286, 1288
1288, 1290
1290, 1292
1293, 1295
1295, 1297
1297, 1299
1299, 1301
1302, 1304
1304, 1306
1306, 1308
1307, 1309
1308, 1310
1309, 1311
1310, 1312
1312, 1314
1314, 1316
1316, 1318
1319, 1321
1321, 1323
1322, 1324
1323, 1325
1324, 1326
1325, 1327
1327, 1329
1329, 1331
1331, 1333
1333, 1335
1335, 1337
1337, 1339
1339, 1341
1340, 1342
1342, 1344
1343, 1345
1345, 1347
1346, 1348
1347, 1349
1350, 1352
1352, 1354
1354, 1356
1357, 1359
1359, 1361
1361, 1363
1363, 1365
1364, 1366
1366, 1368
1368, 1370
1370, 1372
1371, 1373
1372, 1374
1374, 1376
1375, 1377
1377, 1379
1379, 1381
1380, 1382
1381, 1383
1383, 1385
1384, 1386
1385, 1387
1387, 1389
1388, 1390
1390, 1392
1392, 1394
1394, 1396
1396, 1398
1398, 1400
1401, 1403
1403, 1405
1405, 1407
1408, 1410
1410, 1412
1412, 1414
1414, 1416
1415, 1417
1416, 1418
1418, 1420
1420, 1422
1422, 1424
1424, 1426
1425, 1427
1427, 1429
1429, 1431
1431, 1433
1434, 1436
1436, 1438
1438, 1440
1440, 1442
1441, 1443
1443, 1445
1445, 1447
1446, 1448
1448, 1450
1449, 1451
1451, 1453
1452, 1454
1455, 1457
1457, 1459
1458, 1460
1459, 1461
1462, 1464
1464, 1466
1466, 1468
1468, 1470
1470, 1472
1471, 1473
1472, 1474
1475, 1477
1476, 1478
1478, 1480
1479, 1481
1482, 1484
1484, 1486
1486, 1488
1488, 1490
1490, 1492
1493, 1495
1494, 1496
1496, 1498
1497, 1499
1499, 1501
1501, 1503
1502, 1504
1504, 1506
1506, 1508
1508, 1510
1511, 1513
1513, 1515
1515, 1517
1516, 1518
1518, 1520
1519, 1521
1520, 1522
1521, 1523
1524, 1526
1526, 1528
1527, 1529
1528, 1530
1530, 1532
1532, 1534
1533, 1535
1534, 1536
1536, 1538
1539, 1541
1541, 1543
1543, 1545
1544, 1546
1545, 1547
1547, 1549
1549, 1551
1550, 1552
1552, 1554
1554, 1556
1555, 1557
1556, 1558
1557, 1559
1560, 1562
1562, 1564
1563, 1565
1564, 1566
1565, 1567
1567, 1569
1568, 1570
1571, 1573
1572, 1574
1574, 1576
1575, 1577
1576, 1578
1577, 1579
1578, 1580
1580, 1582
1581, 1583
1582, 1584
1584, 1586
1586, 1588
1587, 1589
1589, 1591
1591, 1593
1593, 1595
1594, 1596
1595, 1597
1597, 1599
1599, 1601
1600, 1602
1601, 1603
1602, 1604
1604, 1606
1606, 1608
1608, 1610
1609, 1611
1612, 1614
1614, 1616
1616, 1618
1618, 1620
1619, 1621
1621, 1623
1622, 1624
1623, 1625
1625, 1627
1627, 1629
1628, 1630
1629, 1631
1631, 1633
1632, 1634
1633, 1635
1635, 1637
1638, 1640
1640, 1642
1641, 1643
1643, 1645
1644, 1646
1646, 1648
1648, 1650
1649, 1651
1650, 1652
1652, 1654
1654, 1656
1655, 1657
1656, 1658
1658, 1660
1660, 1662
1662, 1664
1663, 1665
1664, 1666
1667, 1669
1669, 1671
1671, 1673
1673, 1675
1676, 1678
1679, 1681
1680, 1682
1682, 1684
1683, 1685
1684, 1686
1687, 1689
1689, 1691
1691, 1693
1692, 1694
1694, 1696
1696, 1698
1698, 1700
1699, 1701
1700, 1702
1701, 1703
1702, 1704
1704, 1706
1705, 1707
1706, 1708
1707, 1709
1710, 1712
1712, 1714
1714, 1716
1715, 1717
1716, 1718
1718, 1720
1719, 1721
1720, 1722
1722, 1724
1723, 1725
1724, 1726
1726, 1728
1727, 1729
1730, 1732
1732, 1734
1733, 1735
1735, 1737
1737, 1739
1740, 1742
1742, 1744
1744, 1746
1745, 1747
1746, 1748
1747, 1749
1748, 1750
1749, 1751
1750, 1752
1751, 1753
1752, 1754
1753, 1755
1754, 1756
1756, 1758
1757, 1759
1759, 1761
1761, 1763
1763, 1765
1765, 1767
1766, 1768
1767, 1769
1770, 1772
1772, 1774
1773, 1775
1775, 1777
1776, 1778
1777, 1779
1778, 1780
1781, 1783
1783, 1785
1784, 1786
1785, 1787
1786, 1788
1787, 1789
1788, 1790
1790, 1792
1791, 1793
1793, 1795
1794, 1796
1796, 1798
1798, 1800
1799, 1801
1800, 1802
1802, 1804
1805, 1807
1807, 1809
1810, 1812
1812, 1814
1814, 1816
1815, 1817
1817, 1819
1818, 1820
1820, 1822
1822, 1824
1823, 1825
1824, 1826
1827, 1829
1829, 1831
1831, 1833
1833, 1835
1835, 1837
1837, 1839
1839, 1841
1841, 1843
1843, 1845
1844, 1846
1846, 1848
1848, 1850
1850, 1852
1852, 1854
1853, 1855
1856, 1858
1857, 1859
1859, 1861
1860, 1862
1863, 1865
1865, 1867
1866, 1868
1867, 1869
1868, 1870
1870, 1872
1871, 1873
1872, 1874
1873, 1875
1876, 1878
1877, 1879
1879, 1881
1880, 1882
1881, 1883
1883, 1885
1885, 1887
1887, 1889
1888, 1890
1889, 1891
1891, 1893
1893, 1895
1895, 1897
1896, 1898
1897, 1899
1898, 1900
1899, 1901
1900, 1902
1902, 1904
1903, 1905
1904, 1906
1906, 1908
1908, 1910
1911, 1913
1913, 1915
1915, 1917
1917, 1919
1918, 1920
1920, 1922
1922, 1924
1923, 1925
1924, 1926
1925, 1927
1927, 1929
1929, 1931
1931, 1933
1932, 1934
1934, 1936
1935, 1937
1936, 1938
1937, 1939
1938, 1940
1939, 1941
1940, 1942
1941, 1943
1942, 1944
1943, 1945
1945, 1947
1948, 1950
1950, 1952
1951, 1953
1952, 1954
1954, 1956
1956, 1958
1958, 1960
1959, 1961
1960, 1962
1962, 1964
1964, 1966
1965, 1967
1966, 1968
1968, 1970
1969, 1971
1970, 1972
1971, 1973
1974, 1976
1977, 1979
1978, 1980
1980, 1982
1981, 1983
1982, 1984
1983, 1985
1984, 1986
1986, 1988
1988, 1990
1989, 1991
1991, 1993
1993, 1995
1996, 1998
1997, 1999
1999, 2001
2000, 2002
2003, 2005
2006, 2008
2009, 2011
2010, 2012
2012, 2014
2013, 2015
2014, 2016
2015, 2017
2017, 2019
2019, 2021
2020, 2022
2023, 2025
2025, 2027
2026, 2028
2028, 2030
2031, 2033
2033, 2035
2035, 2037
2037, 2039
2038, 2040
2040, 2042
2042, 2044
2044, 2046
2046, 2048
2047, 2049
2050, 2052
2052, 2054
2054, 2056
2056, 2058
2059, 2061
2061, 2063
2062, 2064
2064, 2066
2065, 2067
2067, 2069
2068, 2070
2070, 2072
2071, 2073
2072, 2074
2075, 2077
2077, 2079
2079, 2081
2081, 2083
2083, 2085
2084, 2086
2085, 2087
2086, 2088
2088, 2090
2089, 2091
2091, 2093
2092, 2094
2093, 2095
2095, 2097
2096, 2098
2097, 2099
2098, 2100
2100, 2102
2103, 2105
2105, 2107
2107, 2109
2108, 2110
2110, 2112
2111, 2113
2112, 2114
2113, 2115
2115, 2117
2117, 2119
2120, 2122
2121, 2123
2123, 2125
2124, 2126
2125, 2127
2126, 2128
2127, 2129
2130, 2132
2132, 2134
2133, 2135
2134, 2136
2137, 2139
2139, 2141
2140, 2142
2141, 2143
2143, 2145
2145, 2147
2148, 2150
2150, 2152
2153, 2155
2155, 2157
2157, 2159
2158, 2160
2159, 2161
2160, 2162
2161, 2163
2162, 2164
2164, 2166
2166, 2168
2167, 2169
2168, 2170
2170, 2172
2171, 2173
2172, 2174
2174, 2176
2176, 2178
2179, 2181
2181, 2183
2182, 2184
2184, 2186
2185, 2187
2186, 2188
2189, 2191
2191, 2193
2192, 2194
2194, 2196
2195, 2197
2196, 2198
2197, 2199
2198, 2200
2199, 2201
2200, 2202
2202, 2204
2203, 2205
2204, 2206
2206, 2208
2207, 2209
2210, 2212
2211, 2213
2213, 2215
2214, 2216
2215, 2217
2217, 2219
2218, 2220
2221, 2223
2223, 2225
2225, 2227
2227, 2229
2228, 2230
2229, 2231
2230, 2232
2232, 2234
2233, 2235
2234, 2236
2236, 2238
2237, 2239
2239, 2241
2240, 2242
2242, 2244
2244, 2246
2245, 2247
2248, 2250
2250, 2252
2251, 2253
2253, 2255
2254, 2256
2256, 2258
2258, 2260
2259, 2261
2261, 2263
2263, 2265
2265, 2267
2267, 2269
2269, 2271
2271, 2273
2272, 2274
2273, 2275
2276, 2278
2278, 2280
2280, 2282
2281, 2283
2282, 2284
2283, 2285
2284, 2286
2286, 2288
2288, 2290
2290, 2292
2291, 2293
2293, 2295
2294, 2296
2295, 2297
2297, 2299
2300, 2302
2302, 2304
2303, 2305
2304, 2306
2306, 2308
2307, 2309
2310, 2312
2312, 2314
2314, 2316
2316, 2318
2318, 2320
2319, 2321
2320, 2322
2322, 2324
2324, 2326
2325, 2327
2326, 2328
2327, 2329
2328, 2330
2329, 2331
2332, 2334
2334, 2336
2336, 2338
2338, 2340
2340, 2342
2342, 2344
2345, 2347
2347, 2349
2348, 2350
2351, 2353
2353, 2355
2355, 2357
2356, 2358
2358, 2360
2359, 2361
2362, 2364
2365, 2367
2368, 2370
2371, 2373
2373, 2375
2375, 2377
2378, 2380
2380, 2382
2381, 2383
2383, 2385
2385, 2387
2386, 2388
2387, 2389
2388, 2390
2389, 2391
2390, 2392
2391, 2393
2392, 2394
2394, 2396
2395, 2397
2397, 2399
2398, 2400
2400, 2402
2402, 2404
2405, 2407
2407, 2409
2409, 2411
2410, 2412
2411, 2413
2412, 2414
2413, 2415
2415, 2417
2416, 2418
2417, 2419
2418, 2420
2419, 2421
2421, 2423
2422, 2424
2423, 2425
2424, 2426
2425, 2427
2426, 2428
2427, 2429
2428, 2430
2431, 2433
2433, 2435
2434, 2436
2435, 2437
2436, 2438
2438, 2440
2439, 2441
2441, 2443
2442, 2444
2444, 2446
2445, 2447
2446, 2448
2447, 2449
2448, 2450
2450, 2452
2452, 2454
2454, 2456
2455, 2457
2456, 2458
2457, 2459
2458, 2460
2460, 2462
2463, 2465
2465, 2467
2467, 2469
2468, 2470
2469, 2471
2470, 2472
2472, 2474
2473, 2475
2474, 2476
2475, 2477
2476, 2478
2478, 2480
2479, 2481
2480, 2482
2481, 2483
2482, 2484
2484, 2486
2485, 2487
2486, 2488
2487, 2489
2489, 2491
2491, 2493
2492, 2494
2493, 2495
2495, 2497
2498, 2500
2500, 2502
2501, 2503
2503, 2505
2505, 2507
2508, 2510
2510, 2512
2512, 2514
2514, 2516
2516, 2518
2518, 2520
2519, 2521
2520, 2522
2522, 2524
2524, 2526
2526, 2528
2527, 2529
2528, 2530
2529, 2531
2531, 2533
2532, 2534
2534, 2536
2535, 2537
2536, 2538
2538, 2540
2539, 2541
2540, 2542
2541, 2543
2543, 2545
2545, 2547
2547, 2549
2549, 2551
2551, 2553
2552, 2554
2554, 2556
2556, 2558
2557, 2559
2559, 2561
2561, 2563
2564, 2566
2566, 2568
2569, 2571
2571, 2573
2572, 2574
2574, 2576
2576, 2578
2578, 2580
2579, 2581
2580, 2582
2581, 2583
2582, 2584
2583, 2585
2585, 2587
2587, 2589
2588, 2590
2589, 2591
2591, 2593
2592, 2594
2593, 2595
2594, 2596
2596, 2598
2597, 2599
2598, 2600
2600, 2602
2602, 2604
2604, 2606
2605, 2607
2606, 2608
2608, 2610
2609, 2611
2611, 2613
2613, 2615
2614, 2616
2615, 2617
2616, 2618
2618, 2620
2620, 2622
2621, 2623
2622, 2624
2624, 2626
2626, 2628
2627, 2629
2628, 2630
2629, 2631
2631, 2633
2633, 2635
2635, 2637
2636, 2638
2638, 2640
2641, 2643
2643, 2645
2644, 2646
2646, 2648
2648, 2650
2649, 2651
2651, 2653
2653, 2655
2654, 2656
2655, 2657
2656, 2658
2657, 2659
2658, 2660
2660, 2662
2662, 2664
2664, 2666
2666, 2668
2669, 2671
2671, 2673
2673, 2675
2674, 2676
2675, 2677
2678, 2680
2680, 2682
2682, 2684
2683, 2685
2684, 2686
2685, 2687
2686, 2688
2689, 2691
2692, 2694
2694, 2696
2697, 2699
2699, 2701
2700, 2702
2701, 2703
2704, 2706
2706, 2708
2709, 2711
2711, 2713
2712, 2714
2713, 2715
2715, 2717
2716, 2718
2717, 2719
2719, 2721
2720, 2722
2721, 2723
2723, 2725
2724, 2726
2725, 2727
2726, 2728
2728, 2730
2730, 2732
2733, 2735
2736, 2738
2737, 2739
2739, 2741
2742, 2744
2744, 2746
2746, 2748
2748, 2750
2750, 2752
2752, 2754
2754, 2756
2756, 2758
2757, 2759
2759, 2761
2761, 2763
2762, 2764
2764, 2766
2766, 2768
2768, 2770
2770, 2772
2772, 2774
2773, 2775
2774, 2776
2776, 2778
2778, 2780
2780, 2782
2781, 2783
2783, 2785
2784, 2786
2785, 2787
2786, 2788
2788, 2790
2789, 2791
2790, 2792
2791, 2793
2793, 2795
2794, 2796
2795, 2797
2796, 2798
2798, 2800
2799, 2801
2800, 2802
2801, 2803
2804, 2806
2806, 2808
2807, 2809
2808, 2810
2810, 2812
2812, 2814
2815, 2817
2817, 2819
2818, 2820
2821, 2823
2823, 2825
2825, 2827
2827, 2829
2828, 2830
2831, 2833
2833, 2835
2836, 2838
2837, 2839
2839, 2841
2840, 2842
2841, 2843
2843, 2845
2844, 2846
2845, 2847
2847, 2849
2849, 2851
2851, 2853
2853, 2855
2856, 2858
2858, 2860
2859, 2861
2860, 2862
2861, 2863
2862, 2864
2864, 2866
2866, 2868
2867, 2869
2868, 2870
2870, 2872
2871, 2873
2874, 2876
2875, 2877
2877, 2879
2879, 2881
2880, 2882
2882, 2884
2883, 2885
2884, 2886
2886, 2888
2888, 2890
2889, 2891
2890, 2892
2891, 2893
2892, 2894
2893, 2895
2894, 2896
2895, 2897
2897, 2899
2898, 2900
2901, 2903
2903, 2905
2904, 2906
2906, 2908
2908, 2910
2910, 2912
2912, 2914
2913, 2915
2914, 2916
2916, 2918
2918, 2920
2919, 2921
2920, 2922
2922, 2924
2924, 2926
2926, 2928
2928, 2930
2931, 2933
2933, 2935
2934, 2936
2936, 2938
2938, 2940
2939, 2941
2942, 2944
2944, 2946
2947, 2949
2948, 2950
2950, 2952
2951, 2953
2952, 2954
2954, 2956
2956, 2958
2957, 2959
2958, 2960
2961, 2963
2962, 2964
2964, 2966
2966, 2968
2968, 2970
2969, 2971
2970, 2972
2971, 2973
2974, 2976
2977, 2979
2978, 2980
2980, 2982
2981, 2983
2982, 2984
2984, 2986
2985, 2987
2986, 2988
2989, 2991
2991, 2993
2992, 2994
2994, 2996
2995, 2997
2996, 2998
2998, 3000
2999, 3001
3001, 3003
3002, 3004
3003, 3005
3004, 3006
3006, 3008
3007, 3009
3010, 3012
3011, 3013
3013, 3015
3014, 3016
3015, 3017
3016, 3018
3018, 3020
3020, 3022
3023, 3025
3026, 3028
3028, 3030
3029, 3031
3031, 3033
3032, 3034
3033, 3035
3034, 3036
3035, 3037
3037, 3039
3038, 3040
3040, 3042
3041, 3043
3044, 3046
3046, 3048
3048, 3050
3049, 3051
3050, 3052
3052, 3054
3054, 3056
3055, 3057
3057, 3059
3058, 3060
3060, 3062
3062, 3064
3064, 3066
3065, 3067
3067, 3069
3069, 3071
3070, 3072
3071, 3073
3073, 3075
3076, 3078
3077, 3079
3079, 3081
3080, 3082
3081, 3083
3083, 3085
3086, 3088
3088, 3090
3089, 3091
3092, 3094
3094, 3096
3097, 3099
3099, 3101
3101, 3103
3102, 3104
3104, 3106
3107, 3109
3110, 3112
3112, 3114
3113, 3115
3114, 3116
3115, 3117
3116, 3118
3117, 3119
3119, 3121
3121, 3123
3122, 3124
3124, 3126
3126, 3128
3128, 3130
3130, 3132
3132, 3134
3135, 3137
3137, 3139
3138, 3140
3139, 3141
3142, 3144
3144, 3146
3147, 3149
3148, 3150
3150, 3152
3151, 3153
3153, 3155
3154, 3156
3155, 3157
3156, 3158
3157, 3159
3160, 3162
3162, 3164
3163, 3165
3164, 3166
3165, 3167
3167, 3169
3169, 3171
3171, 3173
3174, 3176
3176, 3178
3178, 3180
3179, 3181
3180, 3182
3182, 3184
3183, 3185
3184, 3186
3186, 3188
3188, 3190
3189, 3191
3190, 3192
3192, 3194
3193, 3195
3194, 3196
3195, 3197
3196, 3198
3197, 3199
3198, 3200
3199, 3201
3200, 3202
3202, 3204
3203, 3205
3204, 3206
3206, 3208
3207, 3209
3209, 3211
3210, 3212
3212, 3214
3213, 3215
3214, 3216
3216, 3218
3218, 3220
3220, 3222
3222, 3224
3224, 3226
3226, 3228
3228, 3230
3230, 3232
3231, 3233
3232, 3234
3234, 3236
3236, 3238
3238, 3240
3239, 3241
3240, 3242
3241, 3243
3243, 3245
3244, 3246
3246, 3248
3247, 3249
3248, 3250
3249, 3251
3251, 3253
3252, 3254
3254, 3256
3255, 3257
3256, 3258
3257, 3259
3258, 3260
3259, 3261
3260, 3262
3261, 3263
3262, 3264
3264, 3266
3266, 3268
3268, 3270
3269, 3271
3270, 3272
3271, 3273
3272, 3274
3274, 3276
3275, 3277
3276, 3278
3277, 3279
3278, 3280
3280, 3282
3282, 3284
3283, 3285
3285, 3287
3286, 3288
3289, 3291
3291, 3293
3294, 3296
3295, 3297
3297, 3299
3298, 3300
3299, 3301
3300, 3302
3301, 3303
3303, 3305
3304, 3306
3305, 3307
3306, 3308
3307, 3309
3309, 3311
3311, 3313
3312, 3314
3313, 3315
3316, 3318
3318, 3320
3319, 3321
3320, 3322
3321, 3323
3322, 3324
3323, 3325
3325, 3327
3326, 3328
3327, 3329
3329, 3331
3331, 3333
3333, 3335
3334, 3336
3335, 3337
3337, 3339
3338, 3340
3340, 3342
3341, 3343
3343, 3345
3345, 3347
3347, 3349
3348, 3350
3350, 3352
3352, 3354
3354, 3356
3355, 3357
3356, 3358
3358, 3360
6, 9
9, 12
12, 15
13, 16
14, 17
15, 18
16, 19
24, 27
27, 30
28, 31
31, 34
32, 35
33, 36
34, 37
39, 42
40, 43
43, 46
48, 51
51, 54
54, 57
55, 58
56, 59
59, 62
68, 71
74, 77
82, 85
85, 88
86, 89
87, 90
88, 91
89, 92
92, 95
93, 96
94, 97
95, 98
104, 107
107, 110
112, 115
123, 126
126, 129
143, 146
146, 149
147, 150
148, 151
149, 152
152, 155
161, 164
166, 169
167, 170
168, 171
169, 172
172, 175
175, 178
176, 179
179, 182
180, 183
181, 184
182, 185
183, 186
194, 197
197, 200
198, 201
199, 202
202, 205
205, 208
208, 211
209, 212
216, 219
217, 220
218, 221
219, 222
222, 225
225, 228
226, 229
227, 230
230, 233
233, 236
240, 243
243, 246
244, 247
245, 248
253, 256
254, 257
255, 258
256, 259
264, 267
265, 268
268, 271
273, 276
274, 277
275, 278
276, 279
277, 280
278, 281
288, 291
302, 305
309, 312
312, 315
313, 316
314, 317
317, 320
320, 323
321, 324
326, 329
327, 330
330, 333
331, 334
338, 341
341, 344
342, 345
345, 348
346, 349
352, 355
355, 358
360, 363
363, 366
368, 371
369, 372
376, 379
383, 386
384, 387
389, 392
395, 398
396, 399
399, 402
400, 403
401, 404
402, 405
405, 408
414, 417
419, 422
422, 425
423, 426
426, 429
427, 430
428, 431
431, 434
436, 439
439, 442
440, 443
450, 453
451, 454
456, 459
457, 460
462, 465
470, 473
471, 474
474, 477
477, 480
478, 481
483, 486
489, 492
490, 493
493, 496
496, 499
497, 500
508, 511
511, 514
512, 515
515, 518
516, 519
517, 520
522, 525
523, 526
524, 527
527, 530
530, 533
531, 534
532, 535
533, 536
536, 539
543, 546
548, 551
551, 554
552, 555
557, 560
562, 565
567, 570
570, 573
571, 574
572, 575
575, 578
576, 579
577, 580
580, 583
585, 588
588, 591
589, 592
590, 593
593, 596
594, 597
595, 598
602, 605
607, 610
608, 611
614, 617
617, 620
620, 623
623, 626
626, 629
629, 632
632, 635
635, 638
642, 645
643, 646
644, 647
651, 654
657, 660
658, 661
661, 664
662, 665
667, 670
670, 673
671, 674
672, 675
675, 678
676, 679
679, 682
682, 685
683, 686
686, 689
687, 690
692, 695
695, 698
696, 699
701, 704
702, 705
703, 706
709, 712
712, 715
713, 716
714, 717
720, 723
723, 726
728, 731
729, 732
730, 733
731, 734
732, 735
735, 738
742, 745
743, 746
746, 749
749, 752
752, 755
753, 756
754, 757
760, 763
761, 764
767, 770
768, 771
769, 772
770, 773
771, 774
772, 775
773, 776
774, 777
783, 786
784, 787
787, 790
790, 793
791, 794
792, 795
793, 796
798, 801
799, 802
802, 805
805, 808
814, 817
815, 818
816, 819
819, 822
824, 827
827, 830
832, 835
835, 838
836, 839
837, 840
848, 851
854, 857
855, 858
856, 859
857, 860
862, 865
863, 866
864, 867
865, 868
868, 871
869, 872
870, 873
871, 874
879, 882
880, 883
881, 884
884, 887
891, 894
892, 895
895, 898
896, 899
897, 900
900, 903
907, 910
910, 913
915, 918
922, 925
923, 926
926, 929
931, 934
934, 937
935, 938
940, 943
941, 944
948, 951
953, 956
954, 957
957, 960
962, 965
967, 970
968, 971
969, 972
972, 975
975, 978
976, 979
979, 982
986, 989
987, 990
988, 991
991, 994
999, 1002
1006, 1009
1007, 1010
1008, 1011
1013, 1016
1014, 1017
1015, 1018
1018, 1021
1021, 1024
1028, 1031
1029, 1032
1030, 1033
1035, 1038
1043, 1046
1046, 1049
1047, 1050
1052, 1055
1053, 1056
1054, 1057
1057, 1060
1060, 1063
1063, 1066
1068, 1071
1073, 1076
1076, 1079
1077, 1080
1078, 1081
1081, 1084
1090, 1093
1096, 1099
1107, 1110
1113, 1116
1120, 1123
1121, 1124
1122, 1125
1131, 1134
1134, 1137
1135, 1138
1136, 1139
1137, 1140
1138, 1141
1144, 1147
1150, 1153
1153, 1156
1154, 1157
1155, 1158
1156, 1159
1157, 1160
1158, 1161
1159, 1162
1164, 1167
1170, 1173
1171, 1174
1174, 1177
1185, 1188
1186, 1189
1187, 1190
1188, 1191
1193, 1196
1194, 1197
1195, 1198
1196, 1199
1197, 1200
1210, 1213
1211, 1214
1212, 1215
1217, 1220
1220, 1223
1225, 1228
1228, 1231
1229, 1232
1230, 1233
1233, 1236
1234, 1237
1235, 1238
1251, 1254
1254, 1257
1261, 1264
1264, 1267
1265, 1268
1266, 1269
1271, 1274
1272, 1275
1279, 1282
1290, 1293
1299, 1302
1306, 1309
1307, 1310
1308, 1311
1309, 1312
1316, 1319
1321, 1324
1322, 1325
1323, 1326
1324, 1327
1331, 1334
1339, 1342
1342, 1345
1345, 1348
1346, 1349
1354, 1357
1363, 1366
1370, 1373
1371, 1374
1374, 1377
1379, 1382
1380, 1383
1383, 1386
1384, 1387
1387, 1390
1398, 1401
1405, 1408
1408, 1411
1414, 1417
1415, 1418
1424, 1427
1431, 1434
1440, 1443
1445, 1448
1448, 1451
1451, 1454
1457, 1460
1458, 1461
1470, 1473
1471, 1474
1472, 1475
1475, 1478
1478, 1481
1484, 1487
1490, 1493
1493, 1496
1496, 1499
1501, 1504
1508, 1511
1515, 1518
1518, 1521
1519, 1522
1520, 1523
1526, 1529
1527, 1530
1532, 1535
1533, 1536
1536, 1539
1543, 1546
1544, 1547
1549, 1552
1554, 1557
1555, 1558
1556, 1559
1562, 1565
1563, 1566
1564, 1567
1567, 1570
1568, 1571
1571, 1574
1574, 1577
1575, 1578
1576, 1579
1577, 1580
1580, 1583
1581, 1584
1586, 1589
1593, 1596
1594, 1597
1599, 1602
1600, 1603
1601, 1604
1608, 1611
1609, 1612
1612, 1615
1618, 1621
1621, 1624
1622, 1625
1627, 1630
1628, 1631
1631, 1634
1632, 1635
1635, 1638
1640, 1643
1643, 1646
1648, 1651
1649, 1652
1654, 1657
1655, 1658
1662, 1665
1663, 1666
1673, 1676
1676, 1679
1679, 1682
1682, 1685
1683, 1686
1691, 1694
1698, 1701
1699, 1702
1700, 1703
1701, 1704
1704, 1707
1705, 1708
1706, 1709
1714, 1717
1715, 1718
1718, 1721
1719, 1722
1722, 1725
1723, 1726
1726, 1729
1732, 1735
1737, 1740
1744, 1747
1745, 1748
1746, 1749
1747, 1750
1748, 1751
1749, 1752
1750, 1753
1751, 1754
1752, 1755
1753, 1756
1756, 1759
1765, 1768
1766, 1769
1772, 1775
1775, 1778
1776, 1779
1777, 1780
1783, 1786
1784, 1787
1785, 1788
1786, 1789
1787, 1790
1790, 1793
1793, 1796
1798, 1801
1799, 1802
1802, 1805
1807, 1810
1814, 1817
1817, 1820
1822, 1825
1823, 1826
1824, 1827
1827, 1830
1837, 1840
1843, 1846
1852, 1855
1853, 1856
1856, 1859
1859, 1862
1865, 1868
1866, 1869
1867, 1870
1870, 1873
1871, 1874
1872, 1875
1873, 1876
1876, 1879
1879, 1882
1880, 1883
1887, 1890
1888, 1891
1895, 1898
1896, 1899
1897, 1900
1898, 1901
1899, 1902
1902, 1905
1903, 1906
1908, 1911
1917, 1920
1922, 1925
1923, 1926
1924, 1927
1931, 1934
1934, 1937
1935, 1938
1936, 1939
1937, 1940
1938, 1941
1939, 1942
1940, 1943
1941, 1944
1942, 1945
1945, 1948
1950, 1953
1951, 1954
1958, 1961
1959, 1962
1964, 1967
1965, 1968
1968, 1971
1969, 1972
1970, 1973
1971, 1974
1974, 1977
1977, 1980
1980, 1983
1981, 1984
1982, 1985
1983, 1986
1988, 1991
1993, 1996
1996, 1999
1999, 2002
2000, 2003
2003, 2006
2006, 2009
2009, 2012
2012, 2015
2013, 2016
2014, 2017
2019, 2022
2025, 2028
2028, 2031
2031, 2034
2037, 2040
2046, 2049
2056, 2059
2061, 2064
2064, 2067
2067, 2070
2070, 2073
2071, 2074
2083, 2086
2084, 2087
2085, 2088
2088, 2091
2091, 2094
2092, 2095
2095, 2098
2096, 2099
2097, 2100
2100, 2103
2107, 2110
2110, 2113
2111, 2114
2112, 2115
2117, 2120
2120, 2123
2123, 2126
2124, 2127
2125, 2128
2126, 2129
2132, 2135
2133, 2136
2139, 2142
2140, 2143
2145, 2148
2150, 2153
2157, 2160
2158, 2161
2159, 2162
2160, 2163
2161, 2164
2166, 2169
2167, 2170
2170, 2173
2171, 2174
2176, 2179
2181, 2184
2184, 2187
2185, 2188
2191, 2194
2194, 2197
2195, 2198
2196, 2199
2197, 2200
2198, 2201
2199, 2202
2202, 2205
2203, 2206
2206, 2209
2207, 2210
2210, 2213
2213, 2216
2214, 2217
2217, 2220
2227, 2230
2228, 2231
2229, 2232
2232, 2235
2233, 2236
2236, 2239
2239, 2242
2244, 2247
2250, 2253
2253, 2256
2258, 2261
2271, 2274
2272, 2275
2280, 2283
2281, 2284
2282, 2285
2283, 2286
2290, 2293
2293, 2296
2294, 2297
2297, 2300
2302, 2305
2303, 2306
2306, 2309
2318, 2321
2319, 2322
2324, 2327
2325, 2328
2326, 2329
2327, 2330
2328, 2331
2342, 2345
2347, 2350
2355, 2358
2358, 2361
2359, 2362
2362, 2365
2365, 2368
2368, 2371
2375, 2378
2380, 2383
2385, 2388
2386, 2389
2387, 2390
2388, 2391
2389, 2392
2390, 2393
2391, 2394
2394, 2397
2397, 2400
2402, 2405
2409, 2412
2410, 2413
2411, 2414
2412, 2415
2415, 2418
2416, 2419
2417, 2420
2418, 2421
2421, 2424
2422, 2425
2423, 2426
2424, 2427
2425, 2428
2426, 2429
2427, 2430
2433, 2436
2434, 2437
2435, 2438
2438, 2441
2441, 2444
2444, 2447
2445, 2448
2446, 2449
2447, 2450
2454, 2457
2455, 2458
2456, 2459
2457, 2460
2460, 2463
2467, 2470
2468, 2471
2469, 2472
2472, 2475
2473, 2476
2474, 2477
2475, 2478
2478, 2481
2479, 2482
2480, 2483
2481, 2484
2484, 2487
2485, 2488
2486, 2489
2491, 2494
2492, 2495
2495, 2498
2500, 2503
2505, 2508
2518, 2521
2519, 2522
2526, 2529
2527, 2530
2528, 2531
2531, 2534
2534, 2537
2535, 2538
2538, 2541
2539, 2542
2540, 2543
2543, 2546
2551, 2554
2556, 2559
2561, 2564
2566, 2569
2571, 2574
2578, 2581
2579, 2582
2580, 2583
2581, 2584
2582, 2585
2587, 2590
2588, 2591
2591, 2594
2592, 2595
2593, 2596
2596, 2599
2597, 2600
2604, 2607
2605, 2608
2608, 2611
2613, 2616
2614, 2617
2615, 2618
2620, 2623
2621, 2624
2626, 2629
2627, 2630
2628, 2631
2635, 2638
2638, 2641
2643, 2646
2648, 2651
2653, 2656
2654, 2657
2655, 2658
2656, 2659
2657, 2660
2666, 2669
2673, 2676
2674, 2677
2682, 2685
2683, 2686
2684, 2687
2685, 2688
2686, 2689
2689, 2692
2694, 2697
2699, 2702
2700, 2703
2706, 2709
2711, 2714
2712, 2715
2715, 2718
2716, 2719
2719, 2722
2720, 2723
2723, 2726
2724, 2727
2725, 2728
2730, 2733
2733, 2736
2736, 2739
2739, 2742
2744, 2747
2756, 2759
2761, 2764
2772, 2775
2773, 2776
2780, 2783
2783, 2786
2784, 2787
2785, 2788
2788, 2791
2789, 2792
2790, 2793
2793, 2796
2794, 2797
2795, 2798
2798, 2801
2799, 2802
2800, 2803
2806, 2809
2807, 2810
2812, 2815
2817, 2820
2827, 2830
2833, 2836
2836, 2839
2839, 2842
2840, 2843
2843, 2846
2844, 2847
2853, 2856
2858, 2861
2859, 2862
2860, 2863
2861, 2864
2866, 2869
2867, 2870
2870, 2873
2871, 2874
2874, 2877
2879, 2882
2882, 2885
2883, 2886
2888, 2891
2889, 2892
2890, 2893
2891, 2894
2892, 2895
2893, 2896
2894, 2897
2897, 2900
2903, 2906
2906, 2909
2912, 2915
2913, 2916
2918, 2921
2919, 2922
2928, 2931
2933, 2936
2938, 2941
2944, 2947
2947, 2950
2950, 2953
2951, 2954
2956, 2959
2957, 2960
2958, 2961
2961, 2964
2968, 2971
2969, 2972
2970, 2973
2971, 2974
2974, 2977
2977, 2980
2980, 2983
2981, 2984
2984, 2987
2985, 2988
2991, 2994
2994, 2997
2995, 2998
2998, 3001
3001, 3004
3002, 3005
3003, 3006
3006, 3009
3007, 3010
3010, 3013
3013, 3016
3014, 3017
3015, 3018
3020, 3023
3023, 3026
3028, 3031
3031, 3034
3032, 3035
3033, 3036
3034, 3037
3037, 3040
3040, 3043
3048, 3051
3049, 3052
3054, 3057
3057, 3060
3064, 3067
3069, 3072
3070, 3073
3073, 3076
3076, 3079
3079, 3082
3080, 3083
3083, 3086
3088, 3091
3094, 3097
3101, 3104
3104, 3107
3107, 3110
3112, 3115
3113, 3116
3114, 3117
3115, 3118
3116, 3119
3121, 3124
3132, 3135
3137, 3140
3138, 3141
3144, 3147
3147, 3150
3150, 3153
3153, 3156
3154, 3157
3155, 3158
3156, 3159
3162, 3165
3163, 3166
3164, 3167
3171, 3174
3178, 3181
3179, 3182
3182, 3185
3183, 3186
3188, 3191
3189, 3192
3192, 3195
3193, 3196
3194, 3197
3195, 3198
3196, 3199
3197, 3200
3198, 3201
3199, 3202
3202, 3205
3203, 3206
3206, 3209
3209, 3212
3212, 3215
3213, 3216
3216, 3219
3224, 3227
3230, 3233
3231, 3234
3238, 3241
3239, 3242
3240, 3243
3243, 3246
3246, 3249
3247, 3250
3248, 3251
3251, 3254
3254, 3257
3255, 3258
3256, 3259
3257, 3260
3258, 3261
3259, 3262
3260, 3263
3261, 3264
3268, 3271
3269, 3272
3270, 3273
3271, 3274
3274, 3277
3275, 3278
3276, 3279
3277, 3280
3282, 3285
3285, 3288
3291, 3294
3294, 3297
3297, 3300
3298, 3301
3299, 3302
3300, 3303
3303, 3306
3304, 3307
3305, 3308
3306, 3309
3311, 3314
3312, 3315
3318, 3321
3319, 3322
3320, 3323
3321, 3324
3322, 3325
3325, 3328
3326, 3329
3333, 3336
3334, 3337
3337, 3340
3340, 3343
3347, 3350
3354, 3357
3355, 3358
2, 6
12, 16
13, 17
14, 18
15, 19
27, 31
31, 35
32, 36
33, 37
39, 43
54, 58
55, 59
62, 66
64, 68
68, 72
74, 78
78, 82
85, 89
86, 90
87, 91
88, 92
92, 96
93, 97
94, 98
98, 102
112, 116
115, 119
119, 123
129, 133
135, 139
139, 143
146, 150
147, 151
148, 152
157, 161
166, 170
167, 171
168, 172
175, 179
179, 183
180, 184
181, 185
182, 186
186, 190
188, 192
197, 201
198, 202
208, 212
212, 216
216, 220
217, 221
218, 222
225, 229
226, 230
236, 240
243, 247
244, 248
249, 253
253, 257
254, 258
255, 259
260, 264
264, 268
273, 277
274, 278
275, 279
276, 280
277, 281
282, 286
284, 288
288, 292
292, 296
294, 298
298, 302
302, 306
305, 309
312, 316
313, 317
320, 324
326, 330
330, 334
341, 345
345, 349
368, 372
379, 383
383, 387
389, 393
395, 399
399, 403
400, 404
401, 405
405, 409
408, 412
410, 414
422, 426
426, 430
427, 431
439, 443
440, 444
446, 450
450, 454
456, 460
462, 466
464, 468
466, 470
470, 474
477, 481
483, 487
489, 493
496, 500
500, 504
504, 508
511, 515
515, 519
516, 520
522, 526
523, 527
530, 534
531, 535
532, 536
539, 543
551, 555
570, 574
571, 575
575, 579
576, 580
588, 592
589, 593
593, 597
594, 598
598, 602
607, 611
638, 642
642, 646
643, 647
647, 651
651, 655
657, 661
661, 665
670, 674
671, 675
675, 679
682, 686
686, 690
695, 699
701, 705
702, 706
712, 716
713, 717
714, 718
728, 732
729, 733
730, 734
731, 735
738, 742
742, 746
752, 756
753, 757
760, 764
767, 771
768, 772
769, 773
770, 774
771, 775
772, 776
773, 777
779, 783
783, 787
790, 794
791, 795
792, 796
798, 802
810, 814
814, 818
815, 819
835, 839
836, 840
840, 844
844, 848
848, 852
854, 858
855, 859
856, 860
862, 866
863, 867
864, 868
868, 872
869, 873
870, 874
875, 879
879, 883
880, 884
887, 891
891, 895
895, 899
896, 900
903, 907
918, 922
922, 926
934, 938
940, 944
944, 948
953, 957
967, 971
968, 972
975, 979
982, 986
986, 990
987, 991
991, 995
995, 999
1002, 1006
1006, 1010
1007, 1011
1013, 1017
1014, 1018
1024, 1028
1028, 1032
1029, 1033
1035, 1039
1037, 1041
1039, 1043
1046, 1050
1052, 1056
1053, 1057
1076, 1080
1077, 1081
1086, 1090
1090, 1094
1092, 1096
1099, 1103
1103, 1107
1107, 1111
1116, 1120
1120, 1124
1121, 1125
1125, 1129
1134, 1138
1135, 1139
1136, 1140
1137, 1141
1138, 1142
1144, 1148
1146, 1150
1153, 1157
1154, 1158
1155, 1159
1156, 1160
1157, 1161
1158, 1162
1164, 1168
1166, 1170
1170, 1174
1177, 1181
1181, 1185
1185, 1189
1186, 1190
1187, 1191
1193, 1197
1194, 1198
1195, 1199
1196, 1200
1200, 1204
1204, 1208
1206, 1210
1210, 1214
1211, 1215
1228, 1232
1229, 1233
1233, 1237
1234, 1238
1235, 1239
1239, 1243
1243, 1247
1247, 1251
1254, 1258
1257, 1261
1264, 1268
1265, 1269
1271, 1275
1275, 1279
1286, 1290
1295, 1299
1302, 1306
1306, 1310
1307, 1311
1308, 1312
1312, 1316
1321, 1325
1322, 1326
1323, 1327
1327, 1331
1331, 1335
1333, 1337
1335, 1339
1345, 1349
1346, 1350
1350, 1354
1359, 1363
1366, 1370
1370, 1374
1379, 1383
1383, 1387
1387, 1391
1390, 1394
1394, 1398
1401, 1405
1408, 1412
1410, 1414
1414, 1418
1420, 1424
1436, 1440
1451, 1455
1457, 1461
1458, 1462
1462, 1466
1466, 1470
1470, 1474
1471, 1475
1478, 1482
1484, 1488
1486, 1490
1501, 1505
1504, 1508
1508, 1512
1511, 1515
1518, 1522
1519, 1523
1526, 1530
1532, 1536
1539, 1543
1543, 1547
1554, 1558
1555, 1559
1562, 1566
1563, 1567
1567, 1571
1574, 1578
1575, 1579
1576, 1580
1580, 1584
1589, 1593
1593, 1597
1599, 1603
1600, 1604
1604, 1608
1608, 1612
1612, 1616
1614, 1618
1621, 1625
1627, 1631
1631, 1635
1648, 1652
1654, 1658
1658, 1662
1662, 1666
1663, 1667
1669, 1673
1682, 1686
1687, 1691
1694, 1698
1698, 1702
1699, 1703
1700, 1704
1704, 1708
1705, 1709
1706, 1710
1710, 1714
1714, 1718
1718, 1722
1722, 1726
1726, 1730
1740, 1744
1744, 1748
1745, 1749
1746, 1750
1747, 1751
1748, 1752
1749, 1753
1750, 1754
1751, 1755
1752, 1756
1761, 1765
1765, 1769
1766, 1770
1775, 1779
1776, 1780
1783, 1787
1784, 1788
1785, 1789
1786, 1790
1798, 1802
1810, 1814
1822, 1826
1823, 1827
1827, 1831
1829, 1833
1831, 1835
1833, 1837
1837, 1841
1839, 1843
1848, 1852
1852, 1856
1859, 1863
1865, 1869
1866, 1870
1870, 1874
1871, 1875
1872, 1876
1879, 1883
1883, 1887
1887, 1891
1891, 1895
1895, 1899
1896, 1900
1897, 1901
1898, 1902
1902, 1906
1913, 1917
1922, 1926
1923, 1927
1927, 1931
1934, 1938
1935, 1939
1936, 1940
1937, 1941
1938, 1942
1939, 1943
1940, 1944
1941, 1945
1950, 1954
1954, 1958
1958, 1962
1964, 1968
1968, 1972
1969, 1973
1970, 1974
1980, 1984
1981, 1985
1982, 1986
1999, 2003
2012, 2016
2013, 2017
2019, 2023
2031, 2035
2033, 2037
2042, 2046
2046, 2050
2050, 2054
2070, 2074
2071, 2075
2075, 2079
2079, 2083
2083, 2087
2084, 2088
2091, 2095
2095, 2099
2096, 2100
2100, 2104
2103, 2107
2110, 2114
2111, 2115
2123, 2127
2124, 2128
2125, 2129
2132, 2136
2139, 2143
2153, 2157
2157, 2161
2158, 2162
2159, 2163
2160, 2164
2166, 2170
2170, 2174
2184, 2188
2194, 2198
2195, 2199
2196, 2200
2197, 2201
2198, 2202
2202, 2206
2206, 2210
2213, 2217
2217, 2221
2221, 2225
2223, 2227
2227, 2231
2228, 2232
2232, 2236
2244, 2248
2258, 2262
2261, 2265
2267, 2271
2271, 2275
2272, 2276
2276, 2280
2280, 2284
2281, 2285
2282, 2286
2286, 2290
2293, 2297
2302, 2306
2306, 2310
2310, 2314
2314, 2318
2318, 2322
2324, 2328
2325, 2329
2326, 2330
2327, 2331
2332, 2336
2338, 2342
2347, 2351
2351, 2355
2358, 2362
2371, 2375
2385, 2389
2386, 2390
2387, 2391
2388, 2392
2389, 2393
2390, 2394
2405, 2409
2409, 2413
2410, 2414
2411, 2415
2415, 2419
2416, 2420
2417, 2421
2421, 2425
2422, 2426
2423, 2427
2424, 2428
2425, 2429
2426, 2430
2433, 2437
2434, 2438
2444, 2448
2445, 2449
2446, 2450
2450, 2454
2454, 2458
2455, 2459
2456, 2460
2463, 2467
2467, 2471
2468, 2472
2472, 2476
2473, 2477
2474, 2478
2478, 2482
2479, 2483
2480, 2484
2484, 2488
2485, 2489
2491, 2495
2508, 2512
2512, 2516
2514, 2518
2518, 2522
2522, 2526
2526, 2530
2527, 2531
2534, 2538
2538, 2542
2539, 2543
2543, 2547
2545, 2549
2547, 2551
2574, 2578
2578, 2582
2579, 2583
2580, 2584
2581, 2585
2587, 2591
2591, 2595
2592, 2596
2596, 2600
2600, 2604
2604, 2608
2613, 2617
2614, 2618
2620, 2624
2626, 2630
2627, 2631
2631, 2635
2653, 2657
2654, 2658
2655, 2659
2656, 2660
2660, 2664
2669, 2673
2673, 2677
2674, 2678
2678, 2682
2682, 2686
2683, 2687
2684, 2688
2685, 2689
2699, 2703
2711, 2715
2715, 2719
2719, 2723
2723, 2727
2724, 2728
2744, 2748
2746, 2750
2752, 2756
2766, 2770
2768, 2772
2772, 2776
2776, 2780
2783, 2787
2784, 2788
2788, 2792
2789, 2793
2793, 2797
2794, 2798
2798, 2802
2799, 2803
2806, 2810
2817, 2821
2821, 2825
2823, 2827
2827, 2831
2839, 2843
2843, 2847
2847, 2851
2849, 2853
2858, 2862
2859, 2863
2860, 2864
2866, 2870
2870, 2874
2882, 2886
2888, 2892
2889, 2893
2890, 2894
2891, 2895
2892, 2896
2893, 2897
2897, 2901
2906, 2910
2908, 2912
2912, 2916
2918, 2922
2922, 2926
2938, 2942
2950, 2954
2956, 2960
2957, 2961
2964, 2968
2968, 2972
2969, 2973
2970, 2974
2980, 2984
2984, 2988
2994, 2998
3001, 3005
3002, 3006
3006, 3010
3013, 3017
3014, 3018
3031, 3035
3032, 3036
3033, 3037
3040, 3044
3044, 3048
3048, 3052
3057, 3061
3060, 3064
3069, 3073
3079, 3083
3088, 3092
3097, 3101
3112, 3116
3113, 3117
3114, 3118
3115, 3119
3124, 3128
3128, 3132
3137, 3141
3138, 3142
3153, 3157
3154, 3158
3155, 3159
3162, 3166
3163, 3167
3167, 3171
3174, 3178
3178, 3182
3182, 3186
3188, 3192
3192, 3196
3193, 3197
3194, 3198
3195, 3199
3196, 3200
3197, 3201
3198, 3202
3202, 3206
3212, 3216
3216, 3220
3218, 3222
3220, 3224
3224, 3228
3226, 3230
3230, 3234
3234, 3238
3238, 3242
3239, 3243
3246, 3250
3247, 3251
3254, 3258
3255, 3259
3256, 3260
3257, 3261
3258, 3262
3259, 3263
3260, 3264
3264, 3268
3268, 3272
3269, 3273
3270, 3274
3274, 3278
3275, 3279
3276, 3280
3285, 3289
3297, 3301
3298, 3302
3299, 3303
3303, 3307
3304, 3308
3305, 3309
3311, 3315
3318, 3322
3319, 3323
3320, 3324
3321, 3325
3325, 3329
3329, 3333
3333, 3337
3340, 3344
3343, 3347
3350, 3354
3354, 3358
12, 17
13, 18
14, 19
31, 36
32, 37
43, 48
54, 59
85, 90
86, 91
87, 92
92, 97
93, 98
107, 112
112, 117
114, 119
146, 151
147, 152
152, 157
161, 166
166, 171
167, 172
179, 184
180, 185
181, 186
187, 192
197, 202
216, 221
217, 222
225, 230
233, 238
243, 248
248, 253
253, 258
254, 259
259, 264
268, 273
273, 278
274, 279
275, 280
276, 281
281, 286
288, 293
291, 296
293, 298
302, 307
312, 317
345, 350
355, 360
363, 368
399, 404
400, 405
405, 410
409, 414
414, 419
426, 431
431, 436
439, 444
465, 470
515, 520
522, 527
530, 535
531, 536
536, 541
543, 548
557, 562
562, 567
570, 575
575, 580
580, 585
588, 593
593, 598
602, 607
607, 612
642, 647
670, 675
701, 706
712, 717
713, 718
723, 728
728, 733
729, 734
730, 735
735, 740
737, 742
752, 757
760, 765
767, 772
768, 773
769, 774
770, 775
771, 776
772, 777
790, 795
791, 796
805, 810
814, 819
819, 824
827, 832
835, 840
854, 859
855, 860
862, 867
863, 868
868, 873
869, 874
874, 879
879, 884
895, 900
900, 905
910, 915
926, 931
948, 953
957, 962
962, 967
967, 972
986, 991
999, 1004
1001, 1006
1006, 1011
1013, 1018
1021, 1026
1028, 1033
1038, 1043
1052, 1057
1063, 1068
1068, 1073
1076, 1081
1081, 1086
1113, 1118
1120, 1125
1134, 1139
1135, 1140
1136, 1141
1137, 1142
1153, 1158
1154, 1159
1155, 1160
1156, 1161
1157, 1162
1185, 1190
1186, 1191
1193, 1198
1194, 1199
1195, 1200
1210, 1215
1220, 1225
1228, 1233
1233, 1238
1234, 1239
1254, 1259
1264, 1269
1279, 1284
1290, 1295
1306, 1311
1307, 1312
1316, 1321
1321, 1326
1322, 1327
1334, 1339
1345, 1350
1354, 1359
1363, 1368
1374, 1379
1387, 1392
1424, 1429
1431, 1436
1440, 1445
1457, 1462
1470, 1475
1496, 1501
1501, 1506
1508, 1513
1510, 1515
1518, 1523
1519, 1524
1536, 1541
1538, 1543
1549, 1554
1554, 1559
1555, 1560
1562, 1567
1574, 1579
1575, 1580
1599, 1604
1635, 1640
1643, 1648
1662, 1667
1682, 1687
1686, 1691
1691, 1696
1698, 1703
1699, 1704
1704, 1709
1705, 1710
1732, 1737
1737, 1742
1739, 1744
1744, 1749
1745, 1750
1746, 1751
1747, 1752
1748, 1753
1749, 1754
1750, 1755
1751, 1756
1756, 1761
1765, 1770
1775, 1780
1783, 1788
1784, 1789
1785, 1790
1793, 1798
1802, 1807
1817, 1822
1822, 1827
1827, 1832
1830, 1835
1832, 1837
1843, 1848
1865, 1870
1870, 1875
1871, 1876
1895, 1900
1896, 1901
1897, 1902
1908, 1913
1917, 1922
1922, 1927
1934, 1939
1935, 1940
1936, 1941
1937, 1942
1938, 1943
1939, 1944
1940, 1945
1945, 1950
1968, 1973
1969, 1974
1980, 1985
1981, 1986
1988, 1993
2012, 2017
2037, 2042
2046, 2051
2049, 2054
2056, 2061
2070, 2075
2083, 2088
2095, 2100
2100, 2105
2102, 2107
2110, 2115
2123, 2128
2124, 2129
2132, 2137
2145, 2150
2150, 2155
2152, 2157
2157, 2162
2158, 2163
2159, 2164
2176, 2181
2184, 2189
2194, 2199
2195, 2200
2196, 2201
2197, 2202
2217, 2222
2220, 2225
2222, 2227
2227, 2232
2239, 2244
2253, 2258
2258, 2263
2271, 2276
2280, 2285
2281, 2286
2297, 2302
2324, 2329
2325, 2330
2326, 2331
2331, 2336
2342, 2347
2350, 2355
2368, 2373
2375, 2380
2380, 2385
2385, 2390
2386, 2391
2387, 2392
2388, 2393
2389, 2394
2397, 2402
2409, 2414
2410, 2415
2415, 2420
2416, 2421
2421, 2426
2422, 2427
2423, 2428
2424, 2429
2425, 2430
2426, 2431
2433, 2438
2444, 2449
2445, 2450
2454, 2459
2455, 2460
2467, 2472
2472, 2477
2473, 2478
2478, 2483
2479, 2484
2484, 2489
2495, 2500
2500, 2505
2526, 2531
2538, 2543
2551, 2556
2556, 2561
2561, 2566
2566, 2571
2578, 2583
2579, 2584
2580, 2585
2591, 2596
2608, 2613
2613, 2618
2626, 2631
2638, 2643
2643, 2648
2648, 2653
2653, 2658
2654, 2659
2655, 2660
2673, 2678
2682, 2687
2683, 2688
2684, 2689
2689, 2694
2694, 2699
2699, 2704
2706, 2711
2723, 2728
2739, 2744
2756, 2761
2761, 2766
2772, 2777
2783, 2788
2788, 2793
2793, 2798
2798, 2803
2812, 2817
2817, 2822
2820, 2825
2843, 2848
2848, 2853
2853, 2858
2858, 2863
2859, 2864
2874, 2879
2888, 2893
2889, 2894
2890, 2895
2891, 2896
2892, 2897
2918, 2923
2928, 2933
2933, 2938
2956, 2961
2968, 2973
2969, 2974
2984, 2989
3001, 3006
3013, 3018
3023, 3028
3031, 3036
3032, 3037
3057, 3062
3064, 3069
3083, 3088
3094, 3099
3096, 3101
3107, 3112
3112, 3117
3113, 3118
3114, 3119
3121, 3126
3132, 3137
3137, 3142
3153, 3158
3154, 3159
3155, 3160
3162, 3167
3192, 3197
3193, 3198
3194, 3199
3195, 3200
3196, 3201
3197, 3202
3216, 3221
3219, 3224
3238, 3243
3246, 3251
3254, 3259
3255, 3260
3256, 3261
3257, 3262
3258, 3263
3259, 3264
3268, 3273
3269, 3274
3274, 3279
3275, 3280
3297, 3302
3298, 3303
3303, 3308
3304, 3309
3311, 3316
3318, 3323
3319, 3324
3320, 3325
3340, 3345
6, 12
12, 18
13, 19
31, 37
48, 54
62, 68
68, 74
85, 91
86, 92
92, 98
98, 104
129, 135
133, 139
146, 152
155, 161
166, 172
179, 185
180, 186
186, 192
188, 194
202, 208
216, 222
243, 249
253, 259
273, 279
274, 280
275, 281
282, 288
288, 294
292, 298
320, 326
330, 336
368, 374
383, 389
389, 395
399, 405
408, 414
444, 450
450, 456
456, 462
462, 468
464, 470
477, 483
483, 489
496, 502
502, 508
530, 536
551, 557
614, 620
617, 623
623, 629
626, 632
629, 635
651, 657
661, 667
686, 692
695, 701
701, 707
712, 718
728, 734
729, 735
746, 752
752, 758
767, 773
768, 774
769, 775
770, 776
771, 777
777, 783
790, 796
842, 848
848, 854
854, 860
862, 868
868, 874
934, 940
940, 946
1035, 1041
1037, 1043
1046, 1052
1057, 1063
1084, 1090
1090, 1096
1107, 1113
1125, 1131
1134, 1140
1135, 1141
1136, 1142
1144, 1150
1153, 1159
1154, 1160
1155, 1161
1156, 1162
1164, 1170
1185, 1191
1193, 1199
1194, 1200
1204, 1210
1233, 1239
1271, 1277
1284, 1290
1306, 1312
1321, 1327
1331, 1337
1333, 1339
1339, 1345
1408, 1414
1414, 1420
1418, 1424
1434, 1440
1445, 1451
1451, 1457
1464, 1470
1478, 1484
1484, 1490
1490, 1496
1518, 1524
1526, 1532
1543, 1549
1554, 1560
1574, 1580
1580, 1586
1593, 1599
1612, 1618
1621, 1627
1648, 1654
1667, 1673
1673, 1679
1676, 1682
1698, 1704
1704, 1710
1726, 1732
1744, 1750
1745, 1751
1746, 1752
1747, 1753
1748, 1754
1749, 1755
1750, 1756
1759, 1765
1775, 1781
1783, 1789
1784, 1790
1827, 1833
1829, 1835
1831, 1837
1837, 1843
1846, 1852
1859, 1865
1870, 1876
1895, 1901
1896, 1902
1902, 1908
1934, 1940
1935, 1941
1936, 1942
1937, 1943
1938, 1944
1939, 1945
1958, 1964
1968, 1974
1974, 1980
1980, 1986
1993, 1999
2003, 2009
2006, 2012
2019, 2025
2025, 2031
2031, 2037
2046, 2052
2064, 2070
2117, 2123
2123, 2129
2124, 2130
2139, 2145
2157, 2163
2158, 2164
2170, 2176
2194, 2200
2195, 2201
2196, 2202
2217, 2223
2221, 2227
2244, 2250
2265, 2271
2280, 2286
2318, 2324
2324, 2330
2325, 2331
2336, 2342
2347, 2353
2385, 2391
2386, 2392
2387, 2393
2388, 2394
2409, 2415
2415, 2421
2421, 2427
2422, 2428
2423, 2429
2424, 2430
2425, 2431
2438, 2444
2444, 2450
2454, 2460
2472, 2478
2478, 2484
2512, 2518
2518, 2524
2543, 2549
2545, 2551
2578, 2584
2579, 2585
2620, 2626
2653, 2659
2654, 2660
2660, 2666
2682, 2688
2683, 2689
2730, 2736
2744, 2750
2750, 2756
2766, 2772
2772, 2778
2798, 2804
2806, 2812
2817, 2823
2821, 2827
2827, 2833
2833, 2839
2843, 2849
2847, 2853
2858, 2864
2882, 2888
2888, 2894
2889, 2895
2890, 2896
2891, 2897
2897, 2903
2906, 2912
2912, 2918
2918, 2924
2938, 2944
2944, 2950
2950, 2956
2968, 2974
2974, 2980
3031, 3037
3048, 3054
3073, 3079
3088, 3094
3101, 3107
3112, 3118
3113, 3119
3126, 3132
3147, 3153
3153, 3159
3154, 3160
3182, 3188
3192, 3198
3193, 3199
3194, 3200
3195, 3201
3196, 3202
3206, 3212
3216, 3222
3218, 3224
3224, 3230
3230, 3236
3254, 3260
3255, 3261
3256, 3262
3257, 3263
3258, 3264
3268, 3274
3274, 3280
3285, 3291
3291, 3297
3297, 3303
3303, 3309
3318, 3324
3319, 3325
3325, 3331
12, 19
59, 66
78, 85
85, 92
112, 119
126, 133
139, 146
179, 186
187, 194
233, 240
253, 260
273, 280
274, 281
281, 288
291, 298
302, 309
345, 352
376, 383
405, 412
439, 446
470, 477
489, 496
515, 522
536, 543
593, 600
607, 614
635, 642
675, 682
728, 735
735, 742
742, 749
760, 767
767, 774
768, 775
769, 776
770, 777
783, 790
798, 805
835, 842
868, 875
884, 891
900, 907
915, 922
979, 986
999, 1006
1006, 1013
1021, 1028
1028, 1035
1081, 1088
1096, 1103
1113, 1120
1134, 1141
1135, 1142
1153, 1160
1154, 1161
1155, 1162
1174, 1181
1193, 1200
1210, 1217
1254, 1261
1264, 1271
1279, 1286
1299, 1306
1345, 1352
1363, 1370
1387, 1394
1398, 1405
1424, 1431
1457, 1464
1501, 1508
1508, 1515
1536, 1543
1567, 1574
1586, 1593
1599, 1606
1662, 1669
1682, 1689
1691, 1698
1737, 1744
1744, 1751
1745, 1752
1746, 1753
1747, 1754
1748, 1755
1749, 1756
1765, 1772
1783, 1790
1807, 1814
1830, 1837
1852, 1859
1895, 1902
1922, 1929
1934, 1941
1935, 1942
1936, 1943
1937, 1944
1938, 1945
1999, 2006
2012, 2019
2100, 2107
2110, 2117
2123, 2130
2132, 2139
2150, 2157
2157, 2164
2184, 2191
2194, 2201
2195, 2202
2206, 2213
2220, 2227
2232, 2239
2258, 2265
2324, 2331
2358, 2365
2368, 2375
2385, 2392
2386, 2393
2387, 2394
2402, 2409
2421, 2428
2422, 2429
2423, 2430
2424, 2431
2460, 2467
2484, 2491
2505, 2512
2571, 2578
2578, 2585
2613, 2620
2626, 2633
2653, 2660
2666, 2673
2682, 2689
2699, 2706
2723, 2730
2820, 2827
2888, 2895
2889, 2896
2890, 2897
2961, 2968
2984, 2991
2994, 3001
3006, 3013
3013, 3020
3057, 3064
3069, 3076
3094, 3101
3112, 3119
3121, 3128
3137, 3144
3153, 3160
3162, 3169
3171, 3178
3192, 3199
3193, 3200
3194, 3201
3195, 3202
3202, 3209
3254, 3261
3255, 3262
3256, 3263
3257, 3264
3311, 3318
3318, 3325
3333, 3340
3340, 3347
3347, 3354
12, 20
31, 39
74, 82
129, 137
135, 143
179, 187
186, 194
197, 205
208, 216
225, 233
243, 251
273, 281
288, 296
312, 320
330, 338
355, 363
368, 376
414, 422
431, 439
462, 470
496, 504
500, 508
522, 530
543, 551
562, 570
580, 588
701, 709
712, 720
720, 728
752, 760
767, 775
768, 776
769, 777
790, 798
819, 827
827, 835
840, 848
854, 862
879, 887
907, 915
926, 934
940, 948
967, 975
991, 999
1013, 1021
1035, 1043
1068, 1076
1099, 1107
1134, 1142
1153, 1161
1154, 1162
1177, 1185
1185, 1193
1217, 1225
1220, 1228
1243, 1251
1271, 1279
1306, 1314
1331, 1339
1462, 1470
1470, 1478
1518, 1526
1554, 1562
1640, 1648
1654, 1662
1714, 1722
1744, 1752
1745, 1753
1746, 1754
1747, 1755
1748, 1756
1775, 1783
1814, 1822
1827, 1835
1829, 1837
1879, 1887
1887, 1895
1934, 1942
1935, 1943
1936, 1944
1937, 1945
1950, 1958
1980, 1988
1988, 1996
2046, 2054
2075, 2083
2083, 2091
2176, 2184
2194, 2202
2217, 2225
2280, 2288
2306, 2314
2310, 2318
2324, 2332
2347, 2355
2385, 2393
2386, 2394
2421, 2429
2422, 2430
2423, 2431
2433, 2441
2444, 2452
2518, 2526
2526, 2534
2543, 2551
2596, 2604
2635, 2643
2711, 2719
2715, 2723
2736, 2744
2744, 2752
2772, 2780
2798, 2806
2817, 2825
2843, 2851
2858, 2866
2874, 2882
2888, 2896
2889, 2897
2918, 2926
3020, 3028
3023, 3031
3040, 3048
3104, 3112
3124, 3132
3192, 3200
3193, 3201
3194, 3202
3216, 3224
3230, 3238
3238, 3246
3246, 3254
3254, 3262
3255, 3263
3256, 3264
3274, 3282
3303, 3311
3325, 3333
39, 48
59, 68
126, 135
152, 161
166, 175
179, 188
216, 225
253, 262
264, 273
273, 282
405, 414
593, 602
614, 623
623, 632
626, 635
642, 651
661, 670
686, 695
767, 776
768, 777
805, 814
835, 844
868, 877
922, 931
944, 953
953, 962
1081, 1090
1120, 1129
1125, 1134
1144, 1153
1153, 1162
1193, 1202
1279, 1288
1290, 1299
1312, 1321
1345, 1354
1354, 1363
1370, 1379
1387, 1396
1405, 1414
1431, 1440
1457, 1466
1599, 1608
1612, 1621
1631, 1640
1662, 1671
1673, 1682
1682, 1691
1744, 1753
1745, 1754
1746, 1755
1747, 1756
1756, 1765
1798, 1807
1843, 1852
1870, 1879
1908, 1917
1922, 1931
1934, 1943
1935, 1944
1936, 1945
1968, 1977
2003, 2012
2028, 2037
2037, 2046
2061, 2070
2070, 2079
2123, 2132
2157, 2166
2244, 2253
2258, 2267
2271, 2280
2293, 2302
2385, 2394
2421, 2430
2422, 2431
2491, 2500
2578, 2587
2604, 2613
2626, 2635
2673, 2682
2827, 2836
2888, 2897
2903, 2912
2938, 2947
2968, 2977
3031, 3040
3048, 3057
3079, 3088
3112, 3121
3121, 3130
3128, 3137
3153, 3162
3162, 3171
3192, 3201
3193, 3202
3254, 3263
3255, 3264
3285, 3294
12, 22
92, 102
129, 139
133, 143
233, 243
243, 253
273, 283
288, 298
302, 312
320, 330
345, 355
389, 399
426, 436
742, 752
767, 777
814, 824
957, 967
1063, 1073
1134, 1144
1200, 1210
1210, 1220
1233, 1243
1254, 1264
1306, 1316
1321, 1331
1414, 1424
1508, 1518
1608, 1618
1621, 1631
1704, 1714
1744, 1754
1745, 1755
1746, 1756
1765, 1775
1783, 1793
1807, 1817
1827, 1837
1934, 1944
1935, 1945
1958, 1968
1999, 2009
2046, 2056
2100, 2110
2110, 2120
2184, 2194
2217, 2227
2280, 2290
2324, 2334
2358, 2368
2365, 2375
2421, 2431
2444, 2454
2508, 2518
2556, 2566
2561, 2571
2643, 2653
2689, 2699
2723, 2733
2783, 2793
2788, 2798
2817, 2827
2843, 2853
2918, 2928
2984, 2994
3013, 3023
3069, 3079
3137, 3147
3182, 3192
3192, 3202
3202, 3212
3254, 3264
74, 85
112, 123
126, 137
135, 146
146, 157
179, 190
197, 208
253, 264
273, 284
330, 341
439, 450
500, 511
551, 562
675, 686
701, 712
712, 723
824, 835
868, 879
975, 986
995, 1006
1035, 1046
1052, 1063
1096, 1107
1120, 1131
1153, 1164
1174, 1185
1193, 1204
1217, 1228
1279, 1290
1387, 1398
1440, 1451
1532, 1543
1543, 1554
1662, 1673
1744, 1755
1745, 1756
1902, 1913
1934, 1945
1988, 1999
2139, 2150
2170, 2181
2202, 2213
2336, 2347
2347, 2358
2433, 2444
2538, 2549
2653, 2664
2761, 2772
2772, 2783
2806, 2817
3020, 3031
3101, 3112
3121, 3132
3126, 3137
3274, 3285
12, 24
92, 104
107, 119
383, 395
414, 426
477, 489
496, 508
623, 635
670, 682
767, 779
879, 891
895, 907
922, 934
1239, 1251
1327, 1339
1478, 1490
1484, 1496
1562, 1574
1631, 1643
1732, 1744
1744, 1756
1802, 1814
1922, 1934
1968, 1980
2025, 2037
2083, 2095
2095, 2107
2145, 2157
2194, 2206
2232, 2244
2306, 2318
2324, 2336
2368, 2380
2385, 2397
2397, 2409
2409, 2421
2421, 2433
2500, 2512
2526, 2538
2682, 2694
2699, 2711
2711, 2723
2744, 2756
2827, 2839
2858, 2870
2870, 2882
2938, 2950
2956, 2968
2968, 2980
3001, 3013
3057, 3069
3212, 3224
3285, 3297
126, 139
133, 146
166, 179
179, 192
230, 243
273, 286
355, 368
426, 439
530, 543
557, 570
575, 588
607, 620
814, 827
835, 848
940, 953
1063, 1076
1107, 1120
1370, 1383
1457, 1470
1580, 1593
1608, 1621
1852, 1865
1999, 2012
2070, 2083
2110, 2123
2157, 2170
2258, 2271
2280, 2293
2454, 2467
2505, 2518
2538, 2551
2578, 2591
2591, 2604
2613, 2626
2653, 2666
2660, 2673
2723, 2736
3088, 3101
3124, 3137
54, 68
129, 143
152, 166
288, 302
456, 470
593, 607
728, 742
854, 868
953, 967
1120, 1134
1233, 1247
1345, 1359
1501, 1515
1518, 1532
1648, 1662
1662, 1676
1704, 1718
2170, 2184
2213, 2227
2244, 2258
2324, 2338
2736, 2750
3216, 3230
3254, 3268
3333, 3347
3340, 3354
12, 27
39, 54
92, 107
146, 161
179, 194
225, 240
273, 288
330, 345
345, 360
368, 383
399, 414
496, 511
515, 530
642, 657
686, 701
752, 767
895, 910
900, 915
991, 1006
1013, 1028
1028, 1043
1081, 1096
1170, 1185
1210, 1225
1239, 1254
1306, 1321
1478, 1493
1783, 1798
1802, 1817
1807, 1822
1822, 1837
1902, 1917
2046, 2061
2095, 2110
2365, 2380
2556, 2571
2783, 2798
2843, 2858
2897, 2912
2918, 2933
3013, 3028
3303, 3318
3318, 3333
107, 123
383, 399
607, 623
626, 642
670, 686
712, 728
767, 783
798, 814
819, 835
879, 895
1134, 1150
1290, 1306
1398, 1414
1424, 1440
1682, 1698
1798, 1814
1827, 1843
1879, 1895
1934, 1950
1980, 1996
2123, 2139
2302, 2318
2736, 2752
2756, 2772
2827, 2843
2866, 2882
2968, 2984
3048, 3064
3121, 3137
3137, 3153
3162, 3178
3238, 3254
68, 85
126, 143
129, 146
405, 422
439, 456
1090, 1107
1153, 1170
1193, 1210
1440, 1457
1501, 1518
1526, 1543
1631, 1648
1662, 1679
1870, 1887
2227, 2244
2358, 2375
2368, 2385
2596, 2613
2626, 2643
2682, 2699
2739, 2756
2984, 3001
3031, 3048
179, 197
225, 243
312, 330
345, 363
570, 588
575, 593
1028, 1046
1210, 1228
1233, 1251
1321, 1339
1327, 1345
1345, 1363
1387, 1405
1478, 1496
1704, 1722
1726, 1744
1950, 1968
2019, 2037
2046, 2064
2139, 2157
2253, 2271
2306, 2324
2324, 2342
2362, 2380
2454, 2472
2500, 2518
2538, 2556
2635, 2653
2870, 2888
3013, 3031
3212, 3230
12, 31
107, 126
197, 216
477, 496
496, 515
551, 570
623, 642
642, 661
835, 854
967, 986
1134, 1153
1574, 1593
1580, 1599
1798, 1817
1980, 1999
2194, 2213
54, 74
123, 143
126, 146
146, 166
253, 273
895, 915
986, 1006
1076, 1096
1279, 1299
1554, 1574
1662, 1682
1802, 1822
1902, 1922
2365, 2385
2653, 2673
2699, 2719
2736, 2756
2918, 2938
3162, 3182
3192, 3212
3254, 3274
405, 426
456, 477
530, 551
614, 635
814, 835
1233, 1254
1744, 1765
1822, 1843
2806, 2827
3048, 3069
3333, 3354
900, 922
1006, 1028
1532, 1554
1599, 1621
1722, 1744
2280, 2302
2302, 2324
2358, 2380
2556, 2578
2591, 2613
2626, 2648
2817, 2839
2866, 2888
3079, 3101
31, 54
123, 146
345, 368
399, 422
570, 593
767, 790
1210, 1233
1478, 1501
2324, 2347
2362, 2385
2421, 2444
3274, 3297
288, 312
728, 752
790, 814
1028, 1052
1052, 1076
1321, 1345
1798, 1822
1934, 1958
1988, 2012
2046, 2070
2170, 2194
2385, 2409
2454, 2478
2699, 2723
2858, 2882
2888, 2912
3088, 3112
670, 695
1345, 1370
1518, 1543
1574, 1599
1870, 1895
2012, 2037
2132, 2157
2202, 2227
2293, 2318
3112, 3137
489, 515
1081, 1107
1414, 1440
1470, 1496
1718, 1744
2232, 2258
2817, 2843
3212, 3238
216, 243
399, 426
450, 477
701, 728
868, 895
895, 922
940, 967
1279, 1306
1387, 1414
1424, 1451
1621, 1648
1895, 1922
2019, 2046
2083, 2110
2157, 2184
2244, 2271
2358, 2385
2491, 2518
2551, 2578
2626, 2653
225, 253
607, 635
614, 642
642, 670
1271, 1299
1526, 1554
2095, 2123
2444, 2472
3202, 3230
273, 302
2653, 2682
2798, 2827
2984, 3013
3274, 3303
3325, 3354
1714, 1744
1822, 1852
2385, 2415
2858, 2888
2888, 2918
3162, 3192
54, 85
368, 399
670, 701
1076, 1107
1233, 1264
1383, 1414
1470, 1501
1631, 1662
1744, 1775
2227, 2258
2293, 2324
3048, 3079
1153, 1185
1599, 1631
1980, 2012
2918, 2950
146, 179
312, 345
934, 967
1424, 1457
2037, 2070
2194, 2227
2538, 2571
2723, 2756
2806, 2839
2968, 3001
3079, 3112
92, 126
112, 146
1934, 1968
2012, 2046
2123, 2157
2324, 2358
2444, 2478
2484, 2518
607, 642
1193, 1228
1271, 1306
1379, 1414
2491, 2526
2578, 2613
107, 143
1518, 1554
1662, 1698
2385, 2421
2736, 2772
3202, 3238
3318, 3354
179, 216
216, 253
1414, 1451
2157, 2194
2806, 2843
439, 477
477, 515
2280, 2318
2347, 2385
2918, 2956
3031, 3069
3192, 3230
107, 146
273, 312
728, 767
895, 934
1081, 1120
1744, 1783
1783, 1822
1895, 1934
2232, 2271
3153, 3192
399, 439
530, 570
814, 854
1153, 1193
1193, 1233
1478, 1518
1704, 1744
2083, 2123
2478, 2518
2538, 2578
2613, 2653
1621, 1662
2682, 2723
2798, 2839
3112, 3153
1264, 1306
2484, 2526
1414, 1457
1822, 1865
3069, 3112
3254, 3297
1076, 1120
1370, 1414
2227, 2271
2280, 2324
3274, 3318
790, 835
2798, 2843
2968, 3013
1698, 1744
1934, 1980
3192, 3238
1028, 1076
1470, 1518
1822, 1870
2232, 2280
2478, 2526
2578, 2626
3031, 3079
593, 642
1599, 1648
2723, 2772
3254, 3303
2918, 2968
92, 143
2019, 2070
2421, 2472
2526, 2578
2806, 2858
2227, 2280
31, 85
92, 146
345, 399
2484, 2538
3192, 3246
1518, 1574
216, 273
439, 496
2421, 2478
530, 588
1076, 1134
2012, 2070
456, 515
642, 701
2478, 2538
2723, 2783
2798, 2858
85, 146
1457, 1518
2324, 2385
2888, 2950
3192, 3254
530, 593
1599, 1662
2968, 3031
790, 854
3048, 3112
3254, 3318
450, 515
2723, 2788
868, 934
2888, 2956
330, 399
1345, 1414
2723, 2793
1193, 1264
2012, 2083
273, 345
895, 967
12, 85
1233, 1306
179, 253
2578, 2653
2723, 2798
439, 515
1621, 1698
2194, 2271
399, 477
790, 868
2888, 2968
3112, 3192
3031, 3112
1052, 1134
1783, 1865
1599, 1682
2012, 2095
642, 728
2194, 2280
92, 179
312, 399
767, 854
1370, 1457
1783, 1870
879, 967
426, 515
439, 530
895, 986
1321, 1414
85, 179
179, 273
2484, 2578
273, 368
399, 496
2012, 2110
868, 967
1599, 1698
2478, 2578
767, 868
2682, 2783
1980, 2083
426, 530
1028, 1134
2472, 2578
2682, 2788
879, 986
593, 701
895, 1006
2012, 2123
2682, 2793
530, 642
1345, 1457
1783, 1895
1193, 1306
1980, 2095
399, 515
2682, 2798
868, 986
593, 712
1574, 1698
2454, 2578
1345, 1470
273, 399
879, 1006
1006, 1134
1193, 1321
1980, 2110
2194, 2324
399, 530
2444, 2578
593, 728
2723, 2858
1321, 1457
868, 1006
1980, 2123
2888, 3031
1599, 1744
1321, 1470
1744, 1895
1783, 1934
2421, 2578
2723, 2888
12, 179
1574, 1744
530, 701
1345, 1518
1934, 2110
2682, 2858
1980, 2157
530, 712
1934, 2123
1744, 1934
2194, 2385
1321, 1518
530, 728
2653, 2858
2682, 2888
1934, 2157
2888, 3112
2421, 2653
1321, 1554
2653, 2888
530, 767
1321, 1574
273, 530
1934, 2194
12, 273
868, 1134
1306, 1574
868, 1153
399, 701
2888, 3192
2578, 2888
399, 712
399, 728
1193, 1554
767, 1134
399, 767
1193, 1574
767, 1153
1153, 1574
1321, 1744
273, 701
1306, 1744
273, 712
1934, 2385
273, 728
2421, 2888
1934, 2421
273, 767
1193, 1698
1153, 1698
1193, 1744
1153, 1744
2421, 3192
2421, 3254
767, 1744
1934, 3192
1934, 3254
1744, 3254
