0 1
1 2
2 3
3 4
4 5
5 6
6 7
7 8
8 9
9 10
10 11
11 12
12 13
13 14
14 15
15 16
16 17
17 18
18 19
19 20
20 21
21 22
22 23
23 24
24 25
25 26
26 27
27 28
28 29
29 30
30 31
31 32
32 33
33 34
34 35
35 36
0 2
2 4
4 6
6 8
7 9
9 11
10 12
12 14
13 15
14 16
15 17
16 18
17 19
20 22
22 24
24 26
25 27
27 29
28 30
29 31
31 33
32 34
33 35
34 36
6 9
9 12
12 15
13 16
14 17
15 18
16 19
24 27
27 30
28 31
31 34
32 35
33 36
2 6
12 16
13 17
14 18
15 19
27 31
31 35
32 36
12 17
13 18
14 19
31 36
6 12
12 18
13 19
12 19
12 20
12 22
12 24
12 27
12 31
