0 1
1 2
2 3
3 4
4 5
5 6
6 7
7 8
8 9
9 10
10 11
11 12
12 13
13 14
14 15
15 16
16 17
17 18
18 19
19 20
20 21
21 22
22 23
23 24
24 25
25 26
26 27
27 28
28 29
29 30
30 31
31 32
32 33
33 34
34 35
35 36
36 37
37 38
38 39
39 40
40 41
41 42
42 43
43 44
44 45
45 46
46 47
47 48
48 49
49 50
50 51
51 52
52 53
53 54
54 55
55 56
56 57
57 58
58 59
59 60
60 61
61 62
62 63
63 64
64 65
65 66
66 67
67 68
68 69
69 70
70 71
71 72
72 73
73 74
74 75
75 76
76 77
77 78
78 79
79 80
80 81
81 82
82 83
83 84
84 85
85 86
86 87
87 88
88 89
89 90
90 91
91 92
92 93
93 94
94 95
95 96
96 97
97 98
98 99
99 100
100 101
101 102
102 103
103 104
104 105
105 106
106 107
107 108
108 109
109 110
110 111
111 112
112 113
113 114
114 115
115 116
116 117
117 118
118 119
119 120
120 121
121 122
122 123
123 124
124 125
125 126
126 127
127 128
128 129
129 130
130 131
131 132
132 133
133 134
134 135
135 136
136 137
137 138
138 139
139 140
140 141
141 142
142 143
143 144
144 145
145 146
146 147
147 148
148 149
149 150
150 151
151 152
152 153
153 154
154 155
155 156
156 157
157 158
158 159
159 160
160 161
161 162
162 163
163 164
164 165
165 166
166 167
167 168
168 169
169 170
170 171
171 172
172 173
173 174
174 175
175 176
176 177
177 178
178 179
179 180
180 181
181 182
182 183
183 184
184 185
185 186
186 187
187 188
188 189
189 190
190 191
191 192
192 193
193 194
194 195
195 196
196 197
197 198
198 199
199 200
200 201
201 202
202 203
203 204
204 205
205 206
206 207
207 208
208 209
209 210
210 211
211 212
212 213
213 214
214 215
215 216
216 217
217 218
218 219
219 220
220 221
221 222
222 223
223 224
224 225
225 226
226 227
227 228
228 229
229 230
230 231
231 232
232 233
233 234
234 235
235 236
236 237
237 238
238 239
239 240
240 241
241 242
242 243
243 244
244 245
245 246
246 247
247 248
248 249
249 250
250 251
251 252
252 253
253 254
254 255
255 256
256 257
257 258
258 259
259 260
260 261
261 262
262 263
263 264
264 265
265 266
266 267
267 268
268 269
269 270
270 271
271 272
272 273
273 274
274 275
275 276
276 277
277 278
278 279
279 280
280 281
281 282
282 283
283 284
284 285
285 286
286 287
287 288
288 289
289 290
290 291
291 292
292 293
293 294
294 295
295 296
296 297
297 298
298 299
299 300
300 301
301 302
302 303
303 304
304 305
305 306
306 307
307 308
308 309
309 310
310 311
311 312
312 313
313 314
314 315
315 316
316 317
317 318
318 319
319 320
320 321
321 322
322 323
323 324
324 325
325 326
326 327
327 328
328 329
329 330
330 331
331 332
332 333
333 334
334 335
335 336
336 337
337 338
338 339
339 340
340 341
341 342
342 343
343 344
344 345
345 346
346 347
347 348
348 349
349 350
350 351
351 352
352 353
353 354
354 355
355 356
356 357
357 358
358 359
359 360
360 361
361 362
362 363
363 364
364 365
365 366
366 367
367 368
368 369
369 370
370 371
371 372
372 373
373 374
374 375
375 376
376 377
377 378
378 379
379 380
380 381
381 382
382 383
383 384
384 385
385 386
386 387
387 388
388 389
389 390
390 391
391 392
392 393
393 394
394 395
395 396
396 397
397 398
398 399
399 400
400 401
401 402
402 403
403 404
404 405
405 406
406 407
407 408
408 409
409 410
410 411
411 412
412 413
413 414
414 415
415 416
416 417
417 418
418 419
419 420
420 421
421 422
422 423
423 424
424 425
425 426
426 427
427 428
428 429
429 430
430 431
431 432
432 433
433 434
434 435
435 436
436 437
437 438
438 439
439 440
440 441
441 442
442 443
443 444
444 445
445 446
446 447
447 448
448 449
449 450
450 451
451 452
452 453
453 454
454 455
455 456
456 457
457 458
458 459
459 460
460 461
461 462
462 463
463 464
464 465
465 466
466 467
467 468
0 2
2 4
4 6
6 8
7 9
9 11
10 12
12 14
13 15
14 16
15 17
16 18
17 19
20 22
22 24
24 26
25 27
27 29
28 30
29 31
31 33
32 34
33 35
34 36
35 37
37 39
39 41
40 42
41 43
43 45
46 48
48 50
49 51
51 53
52 54
54 56
55 57
56 58
59 61
60 62
62 64
64 66
66 68
68 70
69 71
72 74
74 76
75 77
78 80
80 82
82 84
83 85
85 87
86 88
87 89
88 90
89 91
90 92
92 94
93 95
94 96
95 97
98 100
100 102
102 104
104 106
105 107
107 109
108 110
110 112
112 114
115 117
117 119
119 121
121 123
123 125
126 128
129 131
131 133
133 135
135 137
137 139
139 141
141 143
143 145
144 146
146 148
147 149
148 150
149 151
150 152
152 154
155 157
157 159
159 161
161 163
162 164
164 166
166 168
167 169
168 170
169 171
172 174
173 175
175 177
176 178
177 179
179 181
180 182
181 183
182 184
183 185
184 186
186 188
188 190
190 192
192 194
194 196
195 197
197 199
198 200
199 201
200 202
202 204
205 207
206 208
208 210
209 211
210 212
212 214
214 216
216 218
217 219
218 220
219 221
220 222
222 224
223 225
225 227
226 228
227 229
228 230
230 232
231 233
233 235
234 236
236 238
238 240
240 242
241 243
243 245
244 246
245 247
246 248
249 251
251 253
253 255
254 256
255 257
256 258
257 259
260 262
262 264
264 266
265 267
266 268
268 270
271 273
273 275
274 276
275 277
276 278
277 279
278 280
279 281
282 284
284 286
286 288
288 290
289 291
292 294
294 296
296 298
298 300
300 302
302 304
303 305
305 307
307 309
309 311
310 312
312 314
313 315
314 316
317 319
318 320
320 322
321 323
322 324
324 326
326 328
327 329
328 330
330 332
331 333
332 334
334 336
336 338
338 340
339 341
341 343
342 344
343 345
345 347
346 348
347 349
350 352
352 354
353 355
355 357
356 358
358 360
360 362
361 363
363 365
364 366
366 368
368 370
369 371
370 372
372 374
374 376
376 378
377 379
379 381
381 383
383 385
384 386
385 387
387 389
389 391
390 392
393 395
395 397
396 398
397 399
399 401
400 402
401 403
402 404
403 405
405 407
406 408
408 410
410 412
412 414
414 416
415 417
417 419
419 421
420 422
422 424
423 425
424 426
426 428
427 429
428 430
431 433
432 434
434 436
436 438
437 439
439 441
440 442
441 443
444 446
446 448
448 450
450 452
451 453
452 454
454 456
456 458
457 459
458 460
460 462
462 464
464 466
466 468
6 9
9 12
12 15
13 16
14 17
15 18
16 19
24 27
27 30
28 31
31 34
32 35
33 36
34 37
39 42
40 43
43 46
48 51
51 54
54 57
55 58
56 59
59 62
68 71
74 77
82 85
85 88
86 89
87 90
88 91
89 92
92 95
93 96
94 97
95 98
104 107
107 110
112 115
123 126
126 129
143 146
146 149
147 150
148 151
149 152
152 155
161 164
166 169
167 170
168 171
169 172
172 175
175 178
176 179
179 182
180 183
181 184
182 185
183 186
194 197
197 200
198 201
199 202
202 205
205 208
208 211
209 212
216 219
217 220
218 221
219 222
222 225
225 228
226 229
227 230
230 233
233 236
240 243
243 246
244 247
245 248
253 256
254 257
255 258
256 259
264 267
265 268
268 271
273 276
274 277
275 278
276 279
277 280
278 281
288 291
302 305
309 312
312 315
313 316
314 317
317 320
320 323
321 324
326 329
327 330
330 333
331 334
338 341
341 344
342 345
345 348
346 349
352 355
355 358
360 363
363 366
368 371
369 372
376 379
383 386
384 387
389 392
395 398
396 399
399 402
400 403
401 404
402 405
405 408
414 417
419 422
422 425
423 426
426 429
427 430
428 431
431 434
436 439
439 442
440 443
450 453
451 454
456 459
457 460
462 465
2 6
12 16
13 17
14 18
15 19
27 31
31 35
32 36
33 37
39 43
54 58
55 59
62 66
64 68
68 72
74 78
78 82
85 89
86 90
87 91
88 92
92 96
93 97
94 98
98 102
112 116
115 119
119 123
129 133
135 139
139 143
146 150
147 151
148 152
157 161
166 170
167 171
168 172
175 179
179 183
180 184
181 185
182 186
186 190
188 192
197 201
198 202
208 212
212 216
216 220
217 221
218 222
225 229
226 230
236 240
243 247
244 248
249 253
253 257
254 258
255 259
260 264
264 268
273 277
274 278
275 279
276 280
277 281
282 286
284 288
288 292
292 296
294 298
298 302
302 306
305 309
312 316
313 317
320 324
326 330
330 334
341 345
345 349
368 372
379 383
383 387
389 393
395 399
399 403
400 404
401 405
405 409
408 412
410 414
422 426
426 430
427 431
439 443
440 444
446 450
450 454
456 460
462 466
464 468
12 17
13 18
14 19
31 36
32 37
43 48
54 59
85 90
86 91
87 92
92 97
93 98
107 112
112 117
114 119
146 151
147 152
152 157
161 166
166 171
167 172
179 184
180 185
181 186
187 192
197 202
216 221
217 222
225 230
233 238
243 248
248 253
253 258
254 259
259 264
268 273
273 278
274 279
275 280
276 281
281 286
288 293
291 296
293 298
302 307
312 317
345 350
355 360
363 368
399 404
400 405
405 410
409 414
414 419
426 431
431 436
439 444
6 12
12 18
13 19
31 37
48 54
62 68
68 74
85 91
86 92
92 98
98 104
129 135
133 139
146 152
155 161
166 172
179 185
180 186
186 192
188 194
202 208
216 222
243 249
253 259
273 279
274 280
275 281
282 288
288 294
292 298
320 326
330 336
368 374
383 389
389 395
399 405
408 414
444 450
450 456
456 462
462 468
12 19
59 66
78 85
85 92
112 119
126 133
139 146
179 186
187 194
233 240
253 260
273 280
274 281
281 288
291 298
302 309
345 352
376 383
405 412
439 446
12 20
31 39
74 82
129 137
135 143
179 187
186 194
197 205
208 216
225 233
243 251
273 281
288 296
312 320
330 338
355 363
368 376
414 422
431 439
39 48
59 68
126 135
152 161
166 175
179 188
216 225
253 262
264 273
273 282
405 414
12 22
92 102
129 139
133 143
233 243
243 253
273 283
288 298
302 312
320 330
345 355
389 399
426 436
74 85
112 123
126 137
135 146
146 157
179 190
197 208
253 264
273 284
330 341
439 450
12 24
92 104
107 119
383 395
414 426
126 139
133 146
166 179
179 192
230 243
273 286
355 368
426 439
54 68
129 143
152 166
288 302
12 27
39 54
92 107
146 161
179 194
225 240
273 288
330 345
345 360
368 383
399 414
107 123
383 399
68 85
126 143
129 146
405 422
439 456
179 197
225 243
312 330
345 363
12 31
107 126
197 216
54 74
123 143
126 146
146 166
253 273
405 426
31 54
123 146
345 368
399 422
288 312
216 243
399 426
225 253
273 302
54 85
368 399
146 179
312 345
92 126
112 146
107 143
179 216
216 253
107 146
273 312
399 439
92 143
31 85
92 146
345 399
216 273
85 146
330 399
273 345
12 85
179 253
92 179
312 399
85 179
179 273
273 368
273 399
12 179
12 273
