1.0
1.9999999999999996
2.170086486626033
2.5615528128088307
2.6286512817427528
2.813606502648327
3.077311030900418
3.1107318541556235
3.481227375899513
3.5166788613482307
3.5920460568969608
3.799649854936441
3.8200603489687452
3.8628932224577435
3.927111995585386
3.9326008424167123
4.050886742779665
4.061208368065701
4.611516979117305
4.63973190260308
4.687274838460308
4.7448408488951905
4.747788826198875
5.1692029434257485
5.186194665282937
5.213345393241621
5.245543273318125
5.246870504144106
5.288960394915678
5.290774910721001
5.293729212999422
5.293850463704082
5.352036063669853
5.354680558882168
5.35898289558318
5.359155249010335
5.365373267744829
5.365642278564536
5.366078872905735
5.3660963023471915
5.87140329076134
5.888752730753103
5.914733755425317
6.348196057778599
6.359605262217361
6.376103909002123
6.4019255011998055
6.402641610980792
6.403689103618804
6.431801379939229
6.432616445254926
6.433810242640487
6.483822717908696
6.485352450722283
6.4875932966325855
6.595814133796761
6.599294221597691
6.604365997880747
6.664062387488564
6.6656462850450175
6.6679242406098265
6.671477593476846
6.671568698442545
6.671699619156085
6.675600246739993
6.67570548657223
6.67585716913284
6.676094728657391
6.676100829128078
6.676109595370789
6.8064856999606125
6.810043504575856
6.815123595400477
6.822955262074668
6.823146100220344
6.8234175708412765
6.823721499154399
6.82372857758522
6.831885696120365
6.832091625932711
6.832385047212311
6.832714340043163
6.832721998483369
6.847034131123524
6.847420957568041
6.84797394822804
6.860594133765849
6.86091718860358
6.861377219401371
6.862084673338566
6.862101712206639
6.86212589548915
6.87618182248099
6.876556409240225
6.877090731303511
6.877914500098505
6.877934283400737
6.877962337324525
6.878768331641364
6.878787692839887
6.8788151475387345
6.878845832460225
6.878846534799882
6.880294106259466
6.880332862515813
6.880388173190617
6.881719772647267
6.881753926981657
6.88180253797247
6.881877247150012
6.881879036024394
6.881881571927074
6.907742753915771
6.908565309171804
6.909750215773267
6.911603564195225
6.911648048632487
6.91171103235035
6.911781382478857
6.911782976507704
6.9137609609947575
6.913810246013751
6.913880170226532
6.9139584786336
6.913960254365669
6.9139627605501115
6.913965549092803
6.913965612105505
6.914065973365058
6.914068426821109
6.914071903981525
6.914075792954277
6.914080004817997
6.914086514833952
6.914086669870573
6.914098909493678
6.914099235289076
6.919182089566748
6.919411651148615
6.919753066562216
6.932976404573997
6.933487330853183
6.934234185960001
6.935428710217158
6.935457592858304
6.9354984612433865
6.946526042576172
6.946845612528309
6.947302420122398
6.948008886175218
6.948025557594093
6.948049102487229
6.948075355893444
6.948075943874257
6.9481067213084975
6.948107434503229
6.948980130232192
6.949002908436841
6.949035266573607
6.9490359914321225
6.951258287273909
6.951330952548332
6.951435778395701
6.95155582415334
6.951558549126657
6.951562388900942
6.951562474440076
6.954840680736528
6.954942343126715
6.9550883820418585
6.95762764093794
6.957694515035744
6.957789523887418
6.962975227026197
6.9631299007066945
6.96335135795238
6.963694721318748
6.963702802378958
6.9637142057854575
7.042099121782952
7.045526381950812
7.050483917486382
7.058255797326562
7.058434881212428
7.0586862269051025
7.058965485230325
7.058971528686513
7.067267690480551
7.067464542753062
7.067741159441269
7.068049053655977
7.068055705819355
7.068065008784388
7.068065208627495
7.083463841500938
7.0838704462217414
7.084444809349728
7.0853175559708985
7.085337177253555
7.0853646536388
7.08629785008494
7.086319744534291
7.086350473346453
7.246353782501372
7.250532610413707
7.256357181493038
7.265022030456487
7.265205145855067
7.2654588560268065
7.265738393704383
7.265744071371016
7.274460641118181
7.274650011764302
7.2749126504392585
7.275301250661597
7.275309421026658
7.275320735527501
7.275723928240962
7.275732740522297
7.275744967463221
7.286190806913208
7.286429326687102
7.286760812884837
7.287252729536766
7.287263058069894
7.287277353508686
7.287746151415308
7.287755988754793
7.287769603693889
7.2877845968365085
7.2877848994033885
7.287802141021408
7.287802499474165
7.28860154187329
7.288619901668273
7.288645429200818
7.288645944426107
7.2904425861546605
7.2904917307860995
7.290560756237774
7.290638164208726
7.290639740396071
7.315146282941868
7.315875354974968
7.316902781514414
7.318458153554898
7.318490936558972
7.318536262561825
7.320199042585761
7.320235451190517
7.320285882570759
7.3231056981719584
7.323171863975077
7.323263835623998
7.329206404324847
7.329364994405999
7.329587012509875
7.3494147589165495
7.350131063095034
7.351153341833074
7.428889175601421
7.431013258462073
7.433964347343845
7.438336801424366
7.438424928798415
7.438545947386352
7.443099176438661
7.443194127721062
7.443324704306256
7.443515579490545
7.443519392355501
7.443524625464812
7.5939031828507995
7.5973430204800065
7.602046520682064
7.608858057424412
7.608987690657687
7.609164123411897
7.615556521718164
7.61567779212676
7.615842781209889
7.616022689001975
7.616025990356837
7.626183532639599
7.626389942171812
7.626671510797145
7.6269796263239185
7.626985274363704
7.645032731201955
7.645425330689008
7.64596218480551
7.664882834434113
7.665276844248004
7.665814093951114
7.666589946901356
7.666604483264101
7.666624215025413
7.667412089195584
7.667427337116267
