1.0
1.414213562373095
2.170086486626033
2.685543932670795
2.7537148233143
3.2641529696671796
3.3141672026288385
3.6753613387294317
3.7049032576110768
3.7649620392179335
3.7703866167091764
3.8893131543762562
3.9006777351434754
4.474012771128741
4.505348051115154
4.558975100239476
4.624302213826474
4.627839759418382
4.71720160799604
4.722170285355229
4.826099097088064
4.8315078293048614
4.840824177930821
4.841294516105558
4.974983912526758
4.9819042151228095
4.993612442003766
5.008459429076958
5.026338289506148
5.064040754314135
5.066019250084794
5.197214882865935
5.205453768627819
5.832148944523974
5.854834983750699
6.6843375085935754
6.7020322924709
6.726807232326447
6.753799968756624
6.79402374161379
6.794988637972544
6.846491976866827
6.847752445352745
7.129261498007974
7.135624004792061
7.144466121000606
7.154189187330684
7.154392714489232
7.165559820339974
7.165799877676128
7.177919565832047
7.178179577664532
7.178541341918542
7.178548862483356
7.192316108929258
7.192620327514264
7.193043967423571
7.193512417588202
7.194213929002019
7.194797034289419
7.196047660344458
7.196076386923922
7.198765228219705
7.198837592300027
7.2519738403101375
7.253974940087205
7.25684453928415
7.260139913620813
7.265307355575505
7.265420144269342
7.272661668611111
7.272827424563914
7.473180742230721
7.478296548959504
7.485344327455781
7.49310361374873
7.493251493670024
7.502136890978058
7.502310455500186
7.502547870746901
7.502552360375822
7.51273277870502
7.512937356313578
7.513217439673761
7.513222724477076
7.513550832297748
7.513557201478742
7.513565908812957
7.513566072957204
7.530343188801042
7.530707272878706
7.531207180753892
7.531756847697548
7.531767211113433
7.532396278162106
7.532408468250412
7.532425120397091
7.532425432661988
7.5473245463890715
7.547633791638831
7.548057236029583
7.548521538599978
7.548530240145609
7.549059839405376
7.5490700374781
7.549083956016174
7.549084215779721
7.549689344965492
7.54970137186996
7.5497178096079525
7.54973579506891
7.549736131649638
7.54975659772367
7.549756991258738
7.54977915354074
7.549779580598887
7.549780163464016
7.549780174340256
7.55058308753241
7.550600491017272
7.550624375866775
7.550650641840309
7.550651134584679
7.550681195273253
7.550681774927835
7.550714536016317
7.550715169252452
7.550716033606074
7.550716977898115
7.550718350328634
7.550718376909498
7.550720117806699
7.5507201527648515
7.55076028520403
7.550761094138622
7.550762200437765
7.550762221100712
7.550763516104072
7.550763540983157
7.55082768879854
7.550829051608381
7.5508309200955726
7.5508329723996646
7.550835975894487
7.550838487759582
7.550843633393811
7.550843738840172
7.550854020867906
7.550854261529665
7.555197530632214
7.5554352498318655
7.555787245056534
7.556213326867439
7.556221736338925
7.556768880160321
7.556780098307141
7.557463319862305
7.557477499725785
7.557496913879223
7.557497276106686
7.557520036569302
7.557520473405412
7.557521069340639
7.557521080435893
7.562096207152138
7.562212580235232
7.56237357818597
7.562552426539479
7.562555789039986
7.562762829667067
7.562766833303007
7.562995414722225
7.562999847700782
7.563005896788205
7.563012505521636
7.563022106523545
7.563022291844556
7.563034465668382
7.563034709267882
7.563356124137271
7.563362973587982
7.563372361618563
7.563382673482542
7.563393689216787
7.563409846571799
7.563410160225711
7.563430918698813
7.563431337118578
7.563448188343285
7.563448515085495
7.5634489609369275
7.563448969226625
7.563825240708864
7.563833203322831
7.563844113121241
7.563856091406657
7.563873603564991
7.563888248801709
7.5639181921741026
7.563918803147046
7.563978444463114
7.563979832821439
7.565976831777458
7.566060401461898
7.566180507102202
7.566320454883353
7.566323152273159
7.566494585710215
7.566498000973292
7.5667830905327
7.566789149266275
7.566797451348236
7.566797605958003
7.56708621072582
7.567092291723618
7.567100620707673
7.567100775766977
7.56763116215262
7.567643403372503
7.567660247665605
7.567660562065097
7.567680440214383
7.567680822056991
7.874312161687692
7.883106010084378
7.8949343192437675
7.907742535384095
7.907959341081064
7.9222852571815805
7.922532403705167
7.937803471895854
7.93806599908206
7.93841774255436
7.938423639126597
7.9552362328500505
7.955531175933235
7.95592643248994
7.956354101010002
7.956959210542537
7.956969638481299
7.957714435243108
7.957727663048221
7.958327250160976
7.958337562178241
7.9583513721318555
7.958351602468865
7.977949669211357
7.978302372420377
7.978775148655848
7.978782999412259
7.97932599030546
7.979335227025615
8.01205443172279
8.012668651584047
8.013492315878246
8.014385662876325
8.014400398401175
8.015402118371375
8.015419026134172
8.342066227318968
8.347547264843815
8.35476072069476
8.36247985331143
8.362595798385799
8.371093501082653
8.371223463984794
8.380187264117104
8.380324149703446
8.380504267022994
8.380506959646985
8.393541458670166
8.393750141095843
8.394025069667471
8.394029169839825
8.394340093755705
8.394344829789901
8.405461829326423
8.405634904114567
8.40586261899521
8.405866003272504
8.406123157247103
8.40612706018224
8.422122364379076
8.422378290124623
8.422715157030419
8.423076610310972
8.423575273420465
8.42399247078368
8.424758352324702
8.424770403659203
8.426066889165979
8.426088993775338
8.428603380284065
8.428651103244924
8.428714344824078
8.428715283713744
8.974053946878287
8.9814935212344
8.991040178429914
9.001115768825866
9.001245191803966
9.012124739459441
9.012266472152398
9.012448845161089
9.012451185610482
9.024101304193815
9.024255443880223
9.024453810479862
9.024664189335716
9.024882667318835
9.025175148184621
9.02517897767926
9.025606514046451
9.025612364714078
9.041462924112999
9.041693291310931
9.041990479548334
9.042306679088318
9.042731078567424
9.04273662281867
9.043232178748788
9.043238787971541
9.043644041423667
9.04364932461948
9.043656118012095
9.043656204582149
9.043663730587081
9.043663828181238
9.063373886742797
9.063646984877398
9.06399855918735
9.064371896839855
9.064376640845918
9.064782537045545
9.064787782458612
9.183824103140628
9.185506053062397
9.187663964117181
9.189952382622453
9.18998064170376
9.192462958270749
9.192494098946442
9.192533949164634
9.192534439929098
9.19520759606626
9.1952417157667
9.19528539669832
9.19528593445839
9.198091133027454
9.198126942217703
9.19817278296691
9.198173346953883
9.203074300660013
9.203139973245072
9.203224151548426
9.203313371107669
9.203314469349086
9.203411196412276
9.203412406654138
9.203413954881356
9.203413973901306
9.20351809643082
9.203519422764165
9.203521120363774
9.203522916620807
9.203524779100142
9.203527254237162
9.203527285314513
9.203530861784817
9.203530908612377
9.203671889617475
9.203673865060082
9.203676400719212
9.20367909265579
9.20367912581776
9.203682049495546
9.203682086108413
9.207844334215277
9.20790222613735
9.207976507914324
9.20805534066804
9.208056310699217
9.208141895471476
9.208142965955913
9.208232694482485
9.20823381764782
9.208235254330251
9.208235271961023
9.208360118246876
9.208361746250375
9.208363831134578
9.20836385673639
9.208545715182648
9.208548170398778
9.208551317889846
9.208554654811184
9.208558121924176
9.208562740172681
9.208562798174649
9.208569492877297
9.208569580608232
9.208722008348802
9.208724087447663
9.208726753595798
9.20872958122807
9.208732520300623
9.208736436942393
9.208736486143628
9.208742167369795
9.208742241844789
9.20875087546488
9.208750993709597
9.208751145360765
9.20875114722443
9.208751315067516
9.208751317165152
9.208751493344293
9.208751495547833
9.208751733590539
9.208751736636813
9.208751740535824
9.208751740583715
9.236235446625084
9.236664706820086
9.237217054934185
9.237805518411912
9.23781272673979
9.238454162680082
9.238462148825516
9.238472355162529
9.238472479562594
9.239167038879092
9.239175841978211
9.239187097856886
9.23918723506672
9.239920754708814
9.239930059154766
9.239941956124657
9.239942101126989
9.241232047982079
9.241249279515824
9.241271344923002
9.24129472467665
9.241319005294041
9.241351297907276
9.241351700355546
9.241398400543286
9.241399007510747
9.24262791135725
9.242645164487612
9.242667290676629
9.24269077623312
9.242691063057222
9.242716559926997
9.242716876417113
9.242717280819468
9.24271728574369
9.24274477389139
9.24274512123599
9.24274556528593
9.242745570694458
9.24274606048846
9.242746066553666
9.242783978505987
9.242784470019238
9.242785098840155
9.242785764438173
9.24278577255506
9.24278649297654
9.242786501904936
9.242787471334946
9.242787483619583
9.242787499325782
9.242787499517094
9.242788343828412
9.24278835449529
9.242788368131905
9.242788368298012
9.242824610747613
9.242825091944383
9.24282570799939
9.242826360615116
9.242826368577004
9.24282707556899
9.24282708433486
9.242827824079678
9.24282783325827
9.24282784498629
9.242827857382387
9.242827857533419
9.24282787092956
9.242827871095411
9.242827889087387
9.242827889315127
9.242827889606358
9.242827889914267
9.24282789023349
9.242827890657045
9.242827891013036
9.242827891762703
9.242827891772432
9.242827892999092
9.242827893016205
9.242873750789187
9.24287452301241
9.242875519615747
9.24287658524042
9.242876598304111
9.242877764488444
9.242877779024283
9.242879012553317
9.242879027944031
9.242879047612693
9.242879047852178
9.242880382822213
9.242880399778585
9.24288042145896
9.242880421723017
9.242882272305334
9.242882296445279
9.242882327334396
9.242882327710763
9.24288236181925
9.242882362241835
9.242884513389441
9.242884541611541
9.242884577730159
9.242884615976639
9.242884666761807
9.242884667393984
9.242884726060472
9.24288472680498
9.24288481034914
9.24288481144319
9.242884812843153
9.242884812860218
9.242929823819063
9.242930429955807
9.242931206294653
9.242932029111051
9.242932039151594
9.242932931000547
9.242932942061298
9.24293387575714
9.24293388734538
9.242933902152444
9.242933917802896
9.242933934014825
9.242933955509658
9.24293395577703
9.242933986727111
9.242933987128207
9.244519224279486
9.244545062747758
9.244578366269323
9.244613924397523
9.244614359813088
9.244653210950744
9.24465369461227
9.244654312643066
9.244654320165571
9.244696501896495
9.244697036605414
9.244697720213978
9.244697728537043
9.244698482625667
9.24469849196009
9.244743510982158
9.244744082777657
9.24474481384038
9.244745587121237
9.24474638876812
9.244747452581791
9.244747465813354
9.244748999442404
9.244749019324507
9.244809958203485
9.244810808994034
9.24481189984996
9.244813057490575
9.24481307162048
9.244814328113549
9.244814343701215
9.244815661102725
9.244815677458735
9.24481569835705
9.244815698611372
9.24481752908063
9.244817552748195
9.244817583023604
9.244817583392399
9.244819146530334
9.244819166322948
9.244819191626096
9.244819191934212
9.244821335362435
9.244821363198966
9.244821398811867
9.244821436509351
9.24482148654187
9.244821487164142
9.24482154492856
9.244821545661024
9.244821546597539
9.24482154660901
9.244821595226083
9.244821595840202
9.24482159662522
9.24482159663477
9.244821597500593
9.244821597511326
9.244821597525016
9.244821597525238
9.244885206075772
9.244886096709767
9.244887238753282
9.244888450842513
9.244888465637707
9.244889781378024
9.24488979770139
9.244889818557533
9.244889818811378
9.244891237132125
9.244891255044429
9.244891277942319
9.244891302157967
9.244891302453027
9.24489132863787
9.244891328962085
9.244891329376316
9.244891329381394
9.244891357488173
9.244891357842352
9.244891358295128
9.244891358300677
9.24489135879992
9.244891358806164
9.244892954918761
9.24489297598565
9.244893002950475
9.244893031509346
9.244893031857533
9.244893062788439
9.244893063171796
9.244893095527695
9.244893095928868
9.244893096441608
9.244893096447809
9.244895302842082
9.244895332110293
9.244895369578293
9.244895409268196
9.244895409752157
9.24489545274658
9.244895453279332
9.244895453960115
9.244895453968375
9.244895500209122
9.244895500792431
9.244895501538055
9.244895501547063
9.244895502369449
9.244895502379647
9.244895551224754
9.244895551842024
9.24489555263104
9.24489555346539
9.244895554571572
9.244895554585325
9.244895555860763
9.244895555876964
9.244895558116022
9.24489555814613
9.244895626513571
9.244895627476732
9.244895628711987
9.244895630023244
9.244895631769648
9.24489563324671
9.244895635782765
9.244895635815208
9.244895639764
9.244895639817573
9.244895765475416
9.244895767461227
9.244895770018108
9.244895772744528
9.244895775595225
9.24489577941659
9.244895779464379
9.2448957850529
9.244895785125966
9.244895878663364
9.244895879941225
9.244895881578575
9.244895883314841
9.244895885119375
9.244895887521697
9.244895887551552
9.244895891029905
9.244895891075128
9.245001499711542
9.245003576638435
9.245006274028878
9.245009179754579
9.24500921549882
9.245012421484557
9.24501246159786
9.245012512861944
9.245012513485932
9.248111521556824
9.248166754463215
9.248238179342216
9.24831473830663
9.248315676941283
9.248399682741343
9.24840073000258
9.248402068141914
9.248402084416291
9.24849372232018
9.248494885769686
9.248496373133449
9.248496391227624
9.248498031926108
9.248498052218356
9.248498078140994
9.248498078456262
9.248628788200492
9.248630525669252
9.248632749838588
9.248635106013175
9.248635134721736
9.248637687144932
9.248637718751006
9.248757265256266
9.248758827963723
9.248760827418822
9.248762944326122
9.248762970110972
9.248765261909199
9.248765290277968
9.248765326518862
9.248765326959512
9.248767790204111
9.248767821239575
9.248767860906682
9.248767902852427
9.248767946324492
9.24876800398712
9.248768052450819
9.248768154410442
9.24876815573894
9.248768322400856
9.248768324730602
9.248768632161308
9.24876863687734
9.24876864294243
9.248768643016398
9.248768750821423
9.248768752200956
9.248768753964887
9.24876875398628
9.248771728008215
9.24877176657072
9.24877181589904
9.248771816499268
9.248771870952268
9.248771871625936
9.248775914653894
9.248775967492357
9.248776035097642
9.248776035920418
9.248776110569857
9.24877611149355
9.248931855374558
9.248934117674512
9.24893702171708
9.248940108008949
9.248940145674052
9.248943500700147
9.24894354231732
9.24894359548577
9.248943596132246
9.248947218441666
9.248947264183995
9.248947322652013
9.248947323363145
9.248947387846453
9.248947388643781
9.248951231142556
9.248951279752408
9.248951341888635
9.248951407602751
9.248951494716742
9.248951495798664
9.248951596233494
9.248951597505009
9.24895600524086
9.24895606256472
9.248956135898203
9.24895621352611
9.248956316546822
9.2489563178271
9.248956436763816
9.248956438270628
9.24895660749202
9.248956609703974
9.248956612533952
9.248956612568486
9.248962827996182
9.248962911039374
9.248963017360541
9.248963130011717
9.248963131384343
9.248963253441593
9.248963254953072
9.248963256883986
9.248963256907373
9.24896338821258
9.248963389867669
9.248963391983043
9.248963392008775
9.248963394341633
9.24896339437046
9.248963540832873
9.248963542723622
9.248963545141972
9.248963545171375
9.248963547840576
9.248963547873604
9.24896375274316
9.24896375546354
9.248963758945742
9.24896376263454
9.248963762679445
9.248963766675299
9.2489637667248
9.248963942307935
9.248963944584691
9.24896394749702
9.248963950579627
9.248963950617144
9.248963953953407
9.248963953994682
9.248963957482074
9.248963957525355
9.248963957580516
9.248963957638807
9.24896395771604
9.248963957717006
9.248963957806026
9.248963957807177
9.248970273717251
9.248970365793518
9.248970484002827
9.248970609648248
9.248970611181743
9.248970747788274
9.248970749482941
9.248970751647876
9.24897075167424
9.248970899188418
9.248970901051313
9.248970903432586
9.24897090595079
9.248970905981462
9.248970908704337
9.248970908737954
9.248970911581381
9.24897091161658
9.248970911661507
9.248970911662084
9.25119844303642
9.251231957815472
9.25127502642022
9.251320857748611
9.251321417163544
9.251371309312747
9.25137192832004
9.251372719095322
9.251372728705604
9.251426678832015
9.251427360271709
9.251428231240968
9.251428241828833
9.251485143662727
9.251485863074562
9.251486782601038
9.25148679377922
9.25158661554051
9.251587944367184
9.251589645379259
9.25158966607464
9.251591545461906
9.251591568710285
9.25159353879623
9.25159356318514
9.251593594339656
9.251593594718187
9.251757216049384
9.25175955903338
9.251762565047152
9.251765757935974
9.25176579686672
9.25176926562321
9.251769308610683
9.25176936352438
9.251769364191675
9.25177310674516
9.251773153959638
9.251773214303437
9.251773278115145
9.251773278891438
9.251773347883967
9.251773348736858
9.251773441434878
9.251773442606389
9.25177344410367
9.251773444121772
9.251777566919808
9.251777620049314
9.251777687994057
9.25177775989432
9.25177776076927
9.251777838566316
9.251777839528504
9.251777920831174
9.251777921837334
9.251777923122592
9.251777923138178
9.251778009983518
9.251778011077057
9.25177801247456
9.251778012491588
9.251778014032702
9.251778014051794
9.2517781056605
9.251778106815877
9.251778108292582
9.25177810831057
9.251778109939075
9.251778109959133
9.251778235867313
9.25177823749537
9.251778239577764
9.251778241781562
9.251778244705363
9.251778244741692
9.25177824811597
9.251778248158667
9.25177836460436
9.25177836611724
9.251778368052388
9.25177837010075
9.251778372225967
9.251778375048193
9.251778375083243
9.25177837915577
9.251778379208481
9.251778385351715
9.25177838543481
9.251778385541083
9.25177838554244
9.251778388924143
9.251778388966898
9.251778389021775
9.251778389022462
9.251881715448809
9.251883179177776
9.251885056467412
9.251887049664834
9.25188707396208
9.251889238430067
9.251889265246959
9.251889299503512
9.251889299919771
9.251891634116841
9.251891663556176
9.251891701181407
9.251891740968613
9.251891793701237
9.251891794355682
9.25189185513814
9.251891855907058
9.251894744258468
9.251894782884627
9.251894832336017
9.251894832937616
9.251894887583234
9.251894888259402
9.251898528620835
9.251898576070962
9.251898636772548
9.251898637510838
9.251898704527777
9.251898705356332
9.251904443257661
9.25190452306115
9.251904625352882
