7.3991773796082905
-5.329032759667433
4.825015667174051
4.085730540357871
4.121554454588822
4.019377827172186
3.9519712469731267
3.8560649080707465
3.761861080315435
3.6416092364508996
3.5482208225875436
3.5214851543899095
3.388857777254959
3.259864222459512
3.1128667153050933
3.0343777356957364
2.977192982900841
2.828736714001571
2.698778977736235
2.5700051179993846
2.5412334626748154
2.42049777601749
2.2905840938203497
2.1961766856727447
2.1492772201939325
2.0539399649714882
-2.7251468126544025
-2.6904785646678415
-2.704599411956255
-2.670801173151892
-2.624619361783597
-2.5668627522521845
1.9629553329253104
1.8805201331507007
1.8256222550448795
1.752238462509844
1.6821073149424388
1.6275075909294021
-2.499116450835139
-2.45452914990214
-2.42242870958069
-2.339214025934098
1.5746633364445435
1.5270162447472337
1.3356487149779412
1.4845970140214422
1.4514550644610396
1.4282505046607044
1.415813894765078
-2.2505529820839203
0.9428034273186711
-2.1421822616571116
-2.159627119995658
-2.0675007324902936
0.7617610881661202
0.7277349384141395
0.7150263733904727
-1.9782477323813028
-1.9547291768858757
-1.8926841517483406
0.6963759619855447
0.6714990443543846
0.6451642208964893
0.6144470286388231
0.58574396581796
0.5687208693045704
-1.8160224319927205
0.5488651165030877
0.520524718464874
0.4865600218435574
0.4575030735203844
-1.7484639993544204
-1.6938325887075463
-0.2827163168157504
0.42606978602359846
0.4057281195073558
0.39144080828556577
-1.6501939547060676
-1.6170668925626328
-1.6179888490081495
0.35865978468931664
-0.6679177220178054
-0.7352976429742527
-0.6492488165189594
-0.7015253867582345
-0.8274075181450598
-0.781696455862075
-0.9462277561246365
-0.9370348971457069
0.33231120347880055
0.29934412045929826
0.27302652279394046
0.24435296739945606
-0.883467852380997
0.2294646156072749
-1.0588722832898587
-1.5933741848947696
-1.5757468732182984
-1.5640342017517943
0.21395727451811933
-0.009295260966490457
0.18466972199937157
0.1729420154106515
0.1583631111467244
0.12855433733978058
0.08076340880088038
-1.1207355976191777
-1.197237499795746
-1.175912820470454
0.012054443884212344
0.03651103478616794
0.02337116177763207
0.10637231717476041
0.05729533424956607
0.06035573970462775
0.0027154514598012633
-1.2283157274075993
-1.2702050194866679
-1.5619897502282645
-1.5522067168940623
-1.5442338608335915
-1.5386394413758004
0.0028542330150916765
-0.9999999999999987
-1.533901164220927
-1.3057441588376457
-1.3273015754338962
-1.3326612236791322
-1.471275838829786
-1.5281066008855633
-1.53080959793521
-1.526707736527322
-1.352435606043845
-1.4331230495701983
-1.3669739069195657
-1.374914782711294
-1.3791674054008265
-1.387358272996047
-1.3940687462785533
-1.3972729674870943
-1.4008584397540529
-1.4043584787268415
-1.4070641543859783
-1.4091899258510783
-1.410803574525388
-1.4121937363057917
-1.4131938727532212
-1.4138426855309278
-1.414171839578749
-1.0000000000000004
