0.100000
0.321295
0.778480
0.615634
0.844753
0.468182
0.888873
0.352631
0.814957
0.538357
0.887235
0.357170
0.819659
0.527704
0.889748
0.350201
0.812379
0.544131
0.885535
0.361860
0.824363
0.516887
0.891469
0.345399
0.807160
0.555672
0.881423
0.373119
0.835016
0.491812
0.892248
0.343220
0.804738
0.560964
0.879220
0.379102
0.840308
0.479053
0.890921
0.346930
0.808842
0.551973
0.882844
0.369241
0.831448
0.500300
0.892487
0.342550
0.803987
0.562595
0.878500
0.381049
0.841975
0.474993
0.890255
0.348788
0.810860
0.547509
0.884430
0.364898
0.827326
0.509994
0.892131
0.343548
0.805105
0.560164
0.879565
0.378165
0.839496
0.481023
0.891202
0.346146
0.807983
0.553865
0.882130
0.371192
0.833257
0.496008
0.892431
0.342709
0.804165
0.562209
0.878672
0.380584
0.841579
0.475959
0.890424
0.348316
0.810350
0.548640
0.884042
0.365963
0.828350
0.507598
0.892281
0.343127
0.804634
0.561190
0.879121
0.379369
