0.100000
0.360000
0.921600
0.289014
0.821940
0.585419
0.970814
0.113336
0.401964
0.961556
0.147865
0.504004
0.999936
0.000257
0.001026
0.004099
0.016329
0.064250
0.240488
0.730614
0.787269
0.669906
0.884528
0.408552
0.966549
0.129328
0.450409
0.990163
0.038961
0.149773
0.509365
0.999649
0.001403
0.005603
0.022285
0.087152
0.318226
0.867833
0.458796
0.993209
0.026980
0.105006
0.375920
0.938417
0.231162
0.710904
0.822078
0.585064
0.971056
0.112423
0.399137
0.959307
0.156150
0.527068
0.997069
0.011688
0.046205
0.176282
0.580827
0.973868
0.101796
0.365734
0.927890
0.267641
0.784036
0.677293
0.874268
0.439693
0.985452
0.057345
0.216225
0.677888
0.873424
0.442218
0.986645
0.052706
0.199711
0.639307
0.922375
0.286399
0.817498
0.596779
0.962535
0.144245
0.493753
0.999844
0.000625
0.002497
0.009962
0.039450
0.151575
0.514401
0.999170
0.003315
0.013217
0.052170
0.197795
0.634688
0.927437
0.269192
0.786911
0.670729
0.883406
0.411998
0.969023
0.120071
0.422617
0.976047
0.093516
0.339081
0.896421
0.371402
0.933850
0.247096
0.744159
0.761546
0.726376
0.795016
0.651862
0.907752
0.334953
0.891039
0.388355
0.950142
0.189489
0.614333
0.947712
0.198216
0.635705
0.926336
0.272949
0.793792
0.654744
0.904217
0.346435
0.905671
0.341723
0.899793
0.360662
0.922340
0.286517
0.817700
0.596267
0.962931
0.142781
0.489577
0.999565
0.001738
0.006938
0.027560
0.107202
0.382838
0.945093
0.207570
0.657939
0.900221
0.359294
0.920807
0.291686
0.826422
0.573795
0.978217
0.085233
0.311874
0.858434
0.486101
0.999227
0.003089
0.012317
0.048660
0.185168
0.603524
0.957131
0.164126
0.548753
0.990492
0.037669
0.144999
0.495898
0.999933
0.000269
0.001076
0.004301
0.017129
0.067342
0.251228
0.752449
0.745077
0.759748
0.730123
0.788174
0.667824
0.887341
0.399868
0.959894
0.153989
0.521105
0.998218
0.007114
0.028255
0.109826
0.391058
0.952527
0.180878
0.592646
0.965667
0.132616
0.460117
0.993637
0.025289
0.098597
0.355503
0.916482
0.306171
0.849721
0.510780
0.999535
0.001858
0.007419
0.029458
0.114360
0.405127
0.963996
0.138829
0.478223
0.998103
0.007574
0.030066
0.116647
0.412160
0.969137
0.119643
0.421313
0.975233
0.096613
0.349117
0.908937
0.331081
0.885866
0.404431
0.963466
0.140795
0.483888
0.998962
0.004149
0.016528
0.065019
0.243165
0.736143
0.776945
0.693205
0.850688
0.508073
0.999739
0.001043
0.004166
0.016594
0.065276
0.244060
0.737978
0.773466
0.700865
0.838613
0.541366
0.993155
0.027191
0.105807
0.378448
0.940901
0.222427
0.691812
0.852833
0.502036
0.999983
0.000066
0.000265
0.001060
0.004236
0.016872
0.066350
0.247790
0.745560
0.758800
0.732089
0.784538
0.676152
0.875882
0.434852
0.983023
0.066756
0.249197
0.748392
0.753206
0.743548
0.762738
0.723874
0.799521
0.641148
0.920309
0.293362
0.829202
0.566504
0.982309
0.069512
0.258720
0.767136
0.714553
0.815868
0.600910
0.959269
0.156289
0.527451
0.996986
0.012021
0.047505
0.180993
0.592937
0.965451
0.133423
0.462486
0.994371
0.022390
0.087555
0.319555
0.869759
0.453113
0.991207
0.034865
0.134596
0.465920
0.995354
0.018496
0.072617
0.269377
0.787252
0.669946
0.884473
0.408721
0.966673
0.128867
0.449040
0.989613
0.041118
0.157710
0.531351
0.996068
0.015665
0.061677
0.231493
0.711616
0.820874
0.588160
0.968912
0.120488
0.423882
0.976824
0.090556
0.329422
0.883612
0.411367
0.968577
0.121743
0.427688
0.979084
0.081915
0.300820
0.841309
0.534034
0.995367
0.018447
0.072427
0.268726
0.786050
0.672701
0.880697
0.420280
0.974579
0.099101
0.357119
0.918340
0.299966
0.839945
0.537750
0.994300
0.022671
0.088629
0.323095
0.874819
0.438044
0.984646
0.060473
0.227264
0.702460
0.836040
0.548309
0.990665
0.036992
0.142494
0.488757
0.999494
0.002021
0.008069
0.032014
0.123957
0.434366
0.982769
0.067737
0.252595
0.755163
0.739568
0.770429
0.707472
0.827821
0.570133
0.980326
0.077149
0.284789
0.814737
0.603762
0.956934
0.164845
0.550684
0.989725
0.040679
0.156097
0.526924
0.997100
0.011565
0.045724
0.174533
0.576285
0.976723
0.090942
0.330687
0.885332
0.406076
0.964713
0.136168
0.470506
0.996520
0.013870
0.054711
0.206872
0.656304
0.902277
0.352694
0.913203
0.317052
0.866120
0.463824
0.994765
0.020830
0.081585
0.299716
0.839546
0.538834
0.993968
0.023984
0.093635
0.339471
0.896922
0.369812
0.932205
0.252797
0.755562
0.738753
0.771988
0.704089
0.833390
0.555404
0.987721
0.048511
0.184631
0.602171
0.958245
0.160047
0.537728
0.994306
0.022645
0.088527
0.322760
0.874344
0.439466
0.985342
0.057771
0.217735
0.681306
0.868512
0.456795
0.992533
0.029643
0.115059
0.407281
0.965613
0.132818
0.460710
0.993825
0.024547
0.095778
0.346417
0.905649
0.341796
0.899886
0.360363
0.922006
0.287642
0.819617
0.591380
0.966599
0.129143
0.449860
0.989944
0.039820
0.152937
0.518188
0.998677
0.005286
0.021033
0.082361
0.302312
0.843678
0.527542
0.996966
0.012100
0.047815
0.182114
0.595794
0.963294
0.141435
0.485726
0.999185
0.003257
0.012987
0.051271
0.194571
0.626852
0.935634
0.240892
0.731452
0.785719
0.673458
0.879650
0.423464
0.976569
0.091528
0.332604
0.887914
0.398091
0.958458
0.159266
0.535600
0.994930
0.020175
0.079073
0.291283
0.825750
0.575549
0.977170
0.089237
0.325095
0.877633
0.429573
0.980160
0.077786
0.286940
0.818421
0.594432
0.964331
0.137589
0.474632
0.997426
0.010271
0.040660
0.156028
0.526733
0.997141
0.011402
0.045087
0.172218
0.570237
0.980267
0.077373
0.285547
0.816039
0.600477
0.959618
0.155006
0.523916
0.997712
0.009131
0.036189
0.139516
0.480205
0.998433
0.006259
0.024881
0.097047
0.350516
0.910618
0.325571
0.878298
0.427563
0.979011
0.082192
0.301746
0.842781
0.530004
0.996399
0.014352
0.056583
0.213525
0.671729
0.882036
0.416193
0.971905
0.109221
0.389167
0.950864
0.186887
0.607840
0.953482
0.177417
0.583761
0.971936
0.109104
0.388802
0.950540
0.188056
0.610764
0.950925
0.186665
0.607285
0.953959
0.175684
0.579276
0.974861
0.098028
0.353673
0.914353
0.313246
0.860491
0.480185
0.998429
0.006272
0.024932
0.097243
0.351148
0.911373
0.323090
0.874811
0.438068
0.984658
0.060428
0.227106
0.702116
0.836597
0.546810
0.991235
0.034752
0.134178
0.464696
0.995015
0.019842
0.077793
0.286965
0.818464
0.594324
0.964412
0.137286
0.473755
0.997245
0.010990
0.043478
0.166351
0.554713
0.988026
0.047322
0.180332
0.591249
0.966694
0.128786
0.448802
0.989515
0.041500
0.159112
0.535181
0.995049
0.019705
0.077268
0.285190
0.815427
0.602024
0.958364
0.159610
0.536537
0.994660
0.021246
0.083177
0.305034
0.847954
0.515713
0.999012
0.003947
0.015724
0.061909
0.232305
0.713357
0.817916
0.595718
0.963352
0.141219
0.485106
0.999113
0.003546
0.014134
0.055739
0.210527
0.664823
0.891334
0.387431
0.949313
0.192472
0.621707
0.940750
0.222958
0.692991
0.851018
0.507145
0.999796
0.000817
0.003264
0.013013
0.051375
0.194944
0.627763
0.934706
0.244122
0.738105
0.773223
0.701396
0.837758
0.543678
0.992369
0.030291
0.117494
0.414757
0.970935
0.112883
0.400560
0.960447
0.151954
0.515457
0.999044
0.003819
0.015218
0.059947
0.225412
0.698406
0.842540
0.530665
0.996239
0.014989
0.059058
0.222279
0.691484
0.853336
0.500616
0.999999
0.000006
0.000024
0.000095
0.000381
0.001525
0.006091
0.024216
0.094518
0.342339
0.900572
0.358168
0.919535
0.295961
0.833473
0.555184
0.987819
0.048131
0.183256
0.598694
0.961038
0.149776
0.509373
0.999649
0.001405
0.005613
0.022326
0.087310
0.318748
0.868590
0.456564
0.992453
0.029959
0.116244
0.410926
0.968264
0.122917
0.431233
0.981084
0.074232
0.274885
0.797293
0.646467
0.914190
0.313787
0.861299
0.477851
0.998038
0.007834
0.031090
0.120493
0.423897
0.976833
0.090519
0.329303
0.883449
0.411866
0.968930
0.120420
0.423677
0.976699
0.091031
0.330977
0.885725
0.404865
0.963797
0.139569
0.480359
0.998457
0.006163
0.024501
0.095601
0.345847
0.904947
0.344072
0.902746
0.351184
0.911415
0.322952
0.874616
0.438651
0.984945
0.059312
0.223177
0.693476
0.850267
0.509251
0.999658
0.001369
0.005468
0.021751
0.085111
0.311467
0.857822
0.487855
0.999410
0.002358
0.009412
0.037292
0.143606
0.491934
0.999740
0.001041
0.004159
0.016568
0.065174
0.243704
0.737250
0.774850
0.697830
0.843453
0.528160
0.996828
0.012648
0.049952
0.189826
0.615169
0.946944
0.200964
0.642309
0.918992
0.297782
0.836432
0.547253
0.991068
0.035407
0.136613
0.471800
0.996819
0.012683
0.050088
0.190318
0.616389
0.945814
0.204999
0.651898
0.907708
0.335098
0.891229
0.387760
0.949609
0.191407
0.619081
0.943279
0.214016
0.672852
0.880489
0.420913
0.974981
0.097573
0.352210
0.912633
0.318937
0.868865
0.455755
0.992170
0.031077
0.120443
0.423746
0.976741
0.090871
0.330454
0.885017
0.407048
0.965440
0.133463
0.462604
0.994406
0.022250
0.087021
0.317795
0.867205
0.460643
0.993804
0.024630
0.096093
0.347436
0.906897
0.337740
0.894687
0.376887
0.939373
0.227805
0.703639
0.834124
0.553445
0.988575
0.045180
0.172554
0.571115
0.979770
0.079281
0.291983
0.826915
0.572506
0.978971
0.082346
0.302260
0.843595
0.527770
0.996915
0.012300
0.048596
0.184938
0.602945
0.957610
0.162374
0.544034
0.992244
0.030783
0.119341
0.420396
0.974653
0.098820
0.356218
0.917307
0.303419
0.845424
0.522730
0.997933
0.008249
0.032725
0.126617
0.442341
0.986702
0.052485
0.198922
0.637409
0.924475
0.279282
0.805135
0.627571
0.934903
0.243438
0.736703
0.775887
0.695546
0.847047
0.518234
0.998670
0.005313
0.021137
0.082762
0.303649
0.845785
0.521732
0.998111
0.007542
0.029941
0.116179
0.410724
0.968120
0.123457
0.432860
0.981969
0.070824
0.263231
0.775762
0.695822
0.846616
0.519431
0.998490
0.006032
0.023981
0.093625
0.339436
0.896877
0.369956
0.932354
0.252280
0.754540
0.740838
0.767989
0.712727
0.818988
0.592986
0.965415
0.133556
0.462876
0.994487
0.021929
0.085792
0.313726
0.861208
0.478114
0.998084
0.007650
0.030364
0.117768
0.415595
0.971503
0.110738
0.393902
0.954973
0.171999
0.569662
0.980589
0.076137
0.281362
0.808790
0.618596
0.943740
0.212378
0.669095
0.885628
0.405165
0.964025
0.138723
0.477917
0.998049
0.007788
0.030908
0.119812
0.421829
0.975557
0.095382
0.345137
0.904069
0.346912
0.906257
0.339822
0.897372
0.368382
0.930707
0.257965
0.765677
0.717663
0.810491
0.614381
0.947668
0.198373
0.636084
0.925925
0.274353
0.796334
0.648745
0.911500
0.322671
0.874218
0.439845
0.985525
0.057060
0.215217
0.675594
0.876667
0.432487
0.981768
0.071599
0.265891
0.780772
0.684668
0.863591
0.471205
0.996684
0.013222
0.052188
0.197858
0.634841
0.927271
0.269756
0.787951
0.668336
0.886652
0.402001
0.961585
0.147759
0.503704
0.999945
0.000220
0.000878
0.003509
0.013988
0.055169
0.208501
0.660114
0.897454
0.368121
0.930431
0.258916
0.767513
0.713747
0.817249
0.597411
0.962044
0.146061
0.498909
0.999995
0.000019
0.000075
0.000301
0.001205
0.004814
0.019163
0.075185
0.278128
0.803092
0.632541
0.929732
0.261323
0.772132
0.703776
0.833901
0.554039
0.988319
0.046178
0.176183
0.580569
0.974034
0.101165
0.363724
0.925715
0.275066
0.797618
0.645694
0.915093
0.310791
0.856800
0.490776
0.999660
0.001360
0.005434
0.021619
0.084607
0.309795
0.855288
0.495082
0.999903
0.000387
0.001548
0.006182
0.024577
0.095892
0.346787
0.906103
0.340320
0.898010
0.366353
0.928554
0.265366
0.779787
0.686877
0.860308
0.480713
0.998512
0.005943
0.023630
0.092286
0.335077
0.891202
0.387844
0.949684
0.191138
0.618417
0.943910
0.211777
0.667709
0.887494
0.399392
0.959512
0.155393
0.524984
0.997503
0.009963
0.039454
0.151588
0.514436
0.999166
0.003332
0.013283
0.052425
0.198705
0.636885
0.925050
0.277331
0.801673
0.635973
0.926045
0.273941
0.795590
0.650506
0.909392
0.329594
0.883847
0.410646
0.968064
0.123665
0.433488
0.982305
0.069529
0.258780
0.767252
0.714305
0.816294
0.599833
0.960133
0.153110
0.518669
0.998606
0.005569
0.022151
0.086642
0.316542
0.865373
0.466010
0.995379
0.018399
0.072243
0.268097
0.784885
0.675362
0.876992
0.431508
0.981235
0.073650
0.272902
0.793706
0.654947
0.903965
0.347248
0.906667
0.338487
0.895654
0.373831
0.936325
0.238482
0.726432
0.794914
0.652104
0.907458
0.335913
0.892302
0.384396
0.946543
0.202398
0.645731
0.915049
0.310936
0.857019
0.490149
0.999612
0.001552
0.006198
0.024639
0.096129
0.347554
0.907041
0.337270
0.894076
0.378816
0.941258
0.221166
0.689007
0.857106
0.489901
0.999592
0.001631
0.006514
0.025885
0.100859
0.362747
0.924646
0.278702
0.804109
0.630071
0.932326
0.252378
0.754733
0.740445
0.768745
0.711104
0.821740
0.585933
0.970462
0.114663
0.406061
0.964702
0.136208
0.470623
0.996548
0.013761
0.054287
0.205359
0.652746
0.906674
0.338464
0.895625
0.373924
0.936420
0.238152
0.725742
0.796162
0.649153
0.911013
0.324272
0.876479
0.433053
0.982073
0.070424
0.261859
0.773155
0.701545
0.837519
0.544325
0.992141
0.031188
0.120861
0.425015
0.977509
0.087941
0.320829
0.871591
0.447682
0.989051
0.043316
0.165758
0.553130
0.988709
0.044655
0.170642
0.566094
0.982526
0.068674
0.255830
0.761525
0.726419
0.794938
0.652046
0.907528
0.335683
0.892000
0.385345
0.947417
0.199272
0.638251
0.923546
0.282434
0.810660
0.613962
0.948051
0.197002
0.632768
0.929490
0.262152
0.773713
0.700324
0.839481
0.539010
0.993913
0.024200
0.094459
0.342144
0.900326
0.358955
0.920425
0.292971
0.828556
0.568204
0.981393
0.073043
0.270830
0.789924
0.663775
0.892711
0.383114
0.945350
0.206652
0.655787
0.902921
0.350618
0.910741
0.325169
0.877736
0.429261
