0.100000
0.360000
0.921600
0.289014
0.821940
0.585419
0.970814
0.113336
0.401964
0.961556
0.147865
0.504004
0.999936
0.000257
0.001026
0.004099
0.016329
0.064250
0.240488
0.730614
0.787269
0.669906
0.884528
0.408552
0.966549
0.129328
0.450409
0.990163
0.038961
0.149773
0.509365
0.999649
0.001403
0.005603
0.022285
0.087152
0.318226
0.867833
0.458796
0.993209
0.026980
0.105006
0.375920
0.938417
0.231162
0.710904
0.822078
0.585064
0.971056
0.112423
0.399137
0.959307
0.156150
0.527068
0.997069
0.011688
0.046205
0.176282
0.580827
0.973868
0.101796
0.365734
0.927890
0.267641
0.784036
0.677293
0.874268
0.439693
0.985452
0.057345
0.216225
0.677888
0.873424
0.442218
0.986645
0.052706
0.199711
0.639307
0.922375
0.286399
0.817498
0.596779
0.962535
0.144245
0.493753
0.999844
0.000625
0.002497
0.009962
0.039450
0.151575
0.514401
0.999170
0.003315
0.013217
0.052170
0.197795
0.634688
0.927437
0.269192
0.786911
0.670729
0.883406
0.411998
0.969023
0.120071
0.422617
0.976047
0.093516
0.339081
0.896421
0.371402
0.933850
0.247096
0.744159
0.761546
0.726376
0.795016
0.651862
0.907752
0.334953
0.891039
0.388355
0.950142
0.189489
0.614333
0.947712
0.198216
0.635705
0.926336
0.272949
0.793792
0.654744
0.904217
0.346435
0.905671
0.341723
0.899793
0.360662
0.922340
0.286517
0.817700
0.596267
0.962931
0.142781
0.489577
0.999565
0.001738
0.006938
0.027560
0.107202
0.382838
