0.100000
0.321295
0.778480
0.615634
0.844753
0.468182
0.888873
0.352631
0.814957
0.538357
0.887235
0.357170
0.819659
0.527704
0.889748
0.350201
0.812379
0.544131
0.885535
0.361860
0.824363
0.516887
0.891469
0.345399
0.807160
0.555672
0.881423
0.373119
0.835016
0.491812
0.892248
0.343220
0.804738
0.560964
0.879220
0.379102
0.840308
0.479053
0.890921
0.346930
0.808842
0.551973
0.882844
0.369241
0.831448
0.500300
0.892487
0.342550
0.803987
0.562595
0.878500
0.381049
0.841975
0.474993
0.890255
0.348788
0.810860
0.547509
0.884430
0.364898
0.827326
0.509994
0.892131
0.343548
0.805105
0.560164
0.879565
0.378165
0.839496
0.481023
0.891202
0.346146
0.807983
0.553865
0.882130
0.371192
0.833257
0.496008
0.892431
0.342709
0.804165
0.562209
0.878672
0.380584
0.841579
0.475959
0.890424
0.348316
0.810350
0.548640
0.884042
0.365963
0.828350
0.507598
0.892281
0.343127
0.804634
0.561190
0.879121
0.379369
0.840538
0.478494
0.890836
0.347167
0.809101
0.551403
0.883055
0.368666
0.830911
0.501572
0.892479
0.342574
0.804014
0.562537
0.878526
0.380979
0.841915
0.475138
0.890281
0.348716
0.810782
0.547682
0.884371
0.365059
0.827482
0.509629
0.892156
0.343477
0.805025
0.560338
0.879491
0.378368
0.839672
0.480597
0.891143
0.346310
0.808163
0.553470
0.882281
0.370780
0.832877
0.496912
0.892453
0.342645
0.804093
0.562365
0.878603
0.380771
0.841739
0.475570
0.890357
0.348504
0.810553
0.548189
0.884197
0.365536
0.827940
0.508558
0.892226
0.343282
0.804807
0.560813
0.879285
0.378924
0.840154
0.479427
0.890977
0.346775
0.808673
0.552346
0.882706
0.369620
0.831802
0.499462
0.892487
0.342552
0.803989
0.562591
0.878502
0.381044
0.841971
0.475004
0.890257
0.348782
0.810854
0.547522
0.884425
0.364910
0.827339
0.509965
0.892133
0.343542
0.805099
0.560178
0.879559
0.378181
0.839510
0.480989
0.891197
0.346159
0.807997
0.553834
0.882142
0.371160
0.833227
0.496079
0.892433
0.342703
0.804159
0.562222
0.878666
0.380599
0.841592
0.475927
0.890419
0.348332
0.810367
0.548603
0.884054
0.365928
0.828316
0.507677
0.892277
0.343139
0.804647
0.561161
0.879134
0.379335
0.840509
0.478565
0.890847
0.347136
0.809067
0.551476
0.883028
0.368739
0.830979
0.501409
0.892480
0.342569
0.804008
0.562549
0.878521
0.380993
0.841927
0.475109
0.890276
0.348730
0.810798
0.547647
0.884383
0.365027
0.827451
0.509703
0.892151
0.343491
0.805041
0.560303
0.879505
0.378328
0.839637
0.480681
0.891155
0.346277
0.808127
0.553549
0.882251
0.370863
0.832953
0.496730
0.892449
0.342656
0.804106
0.562337
0.878615
0.380737
0.841710
0.475641
0.890369
0.348470
0.810516
0.548271
0.884169
0.365613
0.828015
0.508383
0.892237
0.343252
0.804774
