0.100000
0.321295
0.778480
0.615634
0.844753
0.468182
0.888873
0.352631
0.814957
0.538357
0.887235
0.357170
0.819659
0.527704
0.889748
0.350201
0.812379
0.544131
0.885535
0.361860
0.824363
0.516887
0.891469
0.345399
0.807160
0.555672
0.881423
0.373119
0.835016
0.491812
0.892248
0.343220
0.804738
0.560964
0.879220
0.379102
0.840308
0.479053
0.890921
0.346930
0.808842
0.551973
0.882844
0.369241
0.831448
0.500300
0.892487
0.342550
0.803987
0.562595
0.878500
0.381049
0.841975
0.474993
0.890255
0.348788
0.810860
0.547509
0.884430
0.364898
0.827326
0.509994
0.892131
0.343548
0.805105
0.560164
0.879565
0.378165
0.839496
0.481023
0.891202
0.346146
0.807983
0.553865
0.882130
0.371192
0.833257
0.496008
0.892431
0.342709
0.804165
0.562209
0.878672
0.380584
0.841579
0.475959
0.890424
0.348316
0.810350
0.548640
0.884042
0.365963
0.828350
0.507598
0.892281
0.343127
0.804634
0.561190
0.879121
0.379369
0.840538
0.478494
0.890836
0.347167
0.809101
0.551403
0.883055
0.368666
0.830911
0.501572
0.892479
0.342574
0.804014
0.562537
0.878526
0.380979
0.841915
0.475138
0.890281
0.348716
0.810782
0.547682
0.884371
0.365059
0.827482
0.509629
0.892156
0.343477
0.805025
0.560338
0.879491
0.378368
0.839672
0.480597
0.891143
0.346310
0.808163
0.553470
0.882281
0.370780
0.832877
0.496912
0.892453
0.342645
0.804093
0.562365
0.878603
0.380771
0.841739
0.475570
0.890357
0.348504
0.810553
0.548189
0.884197
0.365536
0.827940
0.508558
0.892226
0.343282
0.804807
0.560813
0.879285
0.378924
0.840154
0.479427
0.890977
0.346775
0.808673
0.552346
0.882706
0.369620
0.831802
0.499462
0.892487
0.342552
0.803989
0.562591
0.878502
0.381044
0.841971
0.475004
0.890257
0.348782
0.810854
0.547522
0.884425
0.364910
0.827339
0.509965
0.892133
0.343542
0.805099
0.560178
0.879559
0.378181
0.839510
0.480989
0.891197
0.346159
0.807997
0.553834
0.882142
0.371160
0.833227
0.496079
0.892433
0.342703
0.804159
0.562222
0.878666
0.380599
0.841592
0.475927
0.890419
0.348332
0.810367
0.548603
0.884054
0.365928
0.828316
0.507677
0.892277
0.343139
0.804647
0.561161
0.879134
0.379335
0.840509
0.478565
0.890847
0.347136
0.809067
0.551476
0.883028
0.368739
0.830979
0.501409
0.892480
0.342569
0.804008
0.562549
0.878521
0.380993
0.841927
0.475109
0.890276
0.348730
0.810798
0.547647
0.884383
0.365027
0.827451
0.509703
0.892151
0.343491
0.805041
0.560303
0.879505
0.378328
0.839637
0.480681
0.891155
0.346277
0.808127
0.553549
0.882251
0.370863
0.832953
0.496730
0.892449
0.342656
0.804106
0.562337
0.878615
0.380737
0.841710
0.475641
0.890369
0.348470
0.810516
0.548271
0.884169
0.365613
0.828015
0.508383
0.892237
0.343252
0.804774
0.560884
0.879254
0.379009
0.840227
0.479249
0.890950
0.346848
0.808753
0.552170
0.882771
0.369441
0.831635
0.499858
0.892487
0.342550
0.803986
0.562597
0.878499
0.381050
0.841976
0.474990
0.890255
0.348789
0.810862
0.547506
0.884431
0.364895
0.827324
0.510000
0.892130
0.343549
0.805107
0.560161
0.879567
0.378161
0.839493
0.481032
0.891203
0.346143
0.807980
0.553872
0.882127
0.371200
0.833264
0.495990
0.892430
0.342710
0.804166
0.562206
0.878673
0.380579
0.841576
0.475968
0.890426
0.348312
0.810346
0.548650
0.884038
0.365972
0.828359
0.507577
0.892283
0.343123
0.804630
0.561198
0.879117
0.379378
0.840546
0.478474
0.890833
0.347175
0.809110
0.551383
0.883062
0.368645
0.830891
0.501617
0.892478
0.342576
0.804015
0.562533
0.878528
0.380974
0.841911
0.475148
0.890283
0.348711
0.810777
0.547694
0.884367
0.365070
0.827493
0.509605
0.892158
0.343472
0.805020
0.560349
0.879486
0.378382
0.839684
0.480567
0.891139
0.346321
0.808175
0.553443
0.882291
0.370751
0.832851
0.496974
0.892455
0.342641
0.804089
0.562374
0.878599
0.380782
0.841748
0.475547
0.890353
0.348515
0.810565
0.548163
0.884206
0.365511
0.827917
0.508613
0.892223
0.343291
0.804818
0.560789
0.879295
0.378897
0.840131
0.479484
0.890985
0.346752
0.808647
0.552403
0.882684
0.369678
0.831856
0.499334
0.892486
0.342554
0.803991
0.562586
0.878504
0.381038
0.841966
0.475015
0.890259
0.348777
0.810848
0.547535
0.884421
0.364922
0.827350
0.509939
0.892135
0.343537
0.805093
0.560191
0.879554
0.378196
0.839523
0.480958
0.891193
0.346171
0.808010
0.553805
0.882153
0.371130
0.833199
0.496145
0.892435
0.342698
0.804153
0.562235
0.878660
0.380615
0.841606
0.475893
0.890413
0.348348
0.810384
0.548564
0.884068
0.365890
0.828281
0.507761
0.892273
0.343152
0.804662
0.561129
0.879147
0.379297
0.840476
0.478644
0.890859
0.347103
0.809031
0.551558
0.882998
0.368821
0.831056
0.501228
0.892482
0.342564
0.804003
0.562561
0.878515
0.381007
0.841940
0.475079
0.890270
0.348745
0.810814
0.547611
0.884395
0.364993
0.827419
0.509778
0.892146
0.343505
0.805057
0.560268
0.879521
0.378286
0.839602
0.480768
0.891167
0.346243
0.808090
0.553630
0.882220
0.370947
0.833031
0.496546
0.892445
0.342669
0.804120
0.562307
0.878629
0.380701
0.841679
0.475716
0.890382
0.348433
0.810477
0.548359
0.884139
0.365696
0.828095
0.508196
0.892248
0.343221
0.804740
0.560960
0.879221
0.379098
0.840304
0.479063
0.890922
0.346926
0.808838
0.551982
0.882841
0.369250
0.831457
0.500279
0.892487
0.342550
0.803987
0.562595
0.878500
0.381049
0.841975
0.474993
0.890255
0.348788
0.810860
0.547509
0.884430
0.364898
0.827326
0.509994
0.892131
0.343548
0.805105
0.560164
0.879565
0.378165
0.839496
0.481023
0.891202
0.346146
0.807983
0.553865
0.882130
0.371192
0.833257
0.496008
0.892431
0.342709
0.804165
0.562209
0.878672
0.380584
0.841579
0.475959
0.890424
0.348316
0.810350
0.548640
0.884042
0.365963
0.828350
0.507598
0.892281
0.343127
0.804634
0.561190
0.879121
0.379369
0.840538
0.478494
0.890836
0.347167
0.809101
0.551403
0.883055
0.368666
0.830911
0.501572
0.892479
0.342574
0.804014
0.562537
0.878526
0.380979
0.841915
0.475138
0.890281
0.348716
0.810782
0.547682
0.884371
0.365059
0.827482
0.509629
0.892156
0.343477
0.805025
0.560338
0.879491
0.378368
0.839672
0.480597
0.891143
0.346310
0.808163
0.553470
0.882281
0.370780
0.832877
0.496912
0.892453
0.342645
0.804093
0.562365
0.878603
0.380771
0.841739
0.475570
0.890357
0.348504
0.810553
0.548189
0.884197
0.365536
0.827940
0.508558
0.892226
0.343282
0.804807
0.560813
0.879285
0.378924
0.840154
0.479427
0.890977
0.346775
0.808673
0.552346
0.882706
0.369620
0.831802
0.499462
0.892487
0.342552
0.803989
0.562591
0.878502
0.381044
0.841971
0.475004
0.890257
0.348782
0.810854
0.547522
0.884425
0.364910
0.827339
0.509965
0.892133
0.343542
0.805099
0.560178
0.879559
0.378181
0.839510
0.480989
0.891197
0.346159
0.807997
0.553834
0.882142
0.371160
0.833227
0.496079
0.892433
0.342703
0.804159
0.562222
0.878666
0.380599
0.841592
0.475927
0.890419
0.348332
0.810367
0.548603
0.884054
0.365928
0.828316
0.507677
0.892277
0.343139
0.804647
0.561161
0.879134
0.379335
0.840509
0.478565
0.890847
0.347136
0.809067
0.551476
0.883028
0.368739
0.830979
0.501409
0.892480
0.342569
0.804008
0.562549
0.878521
0.380993
0.841927
0.475109
0.890276
0.348730
0.810798
0.547647
0.884383
0.365027
0.827451
0.509703
0.892151
0.343491
0.805041
0.560303
0.879505
0.378328
0.839637
0.480681
0.891155
0.346277
0.808127
0.553549
0.882251
0.370863
0.832953
0.496730
0.892449
0.342656
0.804106
0.562337
0.878615
0.380737
0.841710
0.475641
0.890369
0.348470
0.810516
0.548271
0.884169
0.365613
0.828015
0.508383
0.892237
0.343252
0.804774
0.560884
0.879254
0.379009
0.840227
0.479249
0.890950
0.346848
0.808753
0.552170
0.882771
0.369441
0.831635
0.499858
0.892487
0.342550
0.803986
0.562597
0.878499
0.381050
0.841976
0.474990
0.890255
0.348789
0.810862
0.547506
0.884431
0.364895
0.827324
0.510000
0.892130
0.343549
0.805107
0.560161
0.879567
0.378161
0.839493
0.481032
0.891203
0.346143
0.807980
0.553872
0.882127
0.371200
0.833264
0.495990
0.892430
0.342710
0.804166
0.562206
0.878673
0.380579
0.841576
0.475968
0.890426
0.348312
0.810346
0.548650
0.884038
0.365972
0.828359
0.507577
0.892283
0.343123
0.804630
0.561198
0.879117
0.379378
0.840546
0.478474
0.890833
0.347175
0.809110
0.551383
0.883062
0.368645
0.830891
0.501617
0.892478
0.342576
0.804015
0.562533
0.878528
0.380974
0.841911
0.475148
0.890283
0.348711
0.810777
0.547694
0.884367
0.365070
0.827493
0.509605
0.892158
0.343472
0.805020
0.560349
0.879486
0.378382
0.839684
0.480567
0.891139
0.346321
0.808175
0.553443
0.882291
0.370751
0.832851
0.496974
0.892455
0.342641
0.804089
0.562374
0.878599
0.380782
0.841748
0.475547
0.890353
0.348515
0.810565
0.548163
0.884206
0.365511
0.827917
0.508613
0.892223
0.343291
0.804818
0.560789
0.879295
0.378897
0.840131
0.479484
0.890985
0.346752
0.808647
0.552403
0.882684
0.369678
0.831856
0.499334
0.892486
0.342554
0.803991
0.562586
0.878504
0.381038
0.841966
0.475015
0.890259
0.348777
0.810848
0.547535
0.884421
0.364922
0.827350
0.509939
0.892135
0.343537
0.805093
0.560191
0.879554
0.378196
0.839523
0.480958
0.891193
0.346171
0.808010
0.553805
0.882153
0.371130
0.833199
0.496145
0.892435
0.342698
0.804153
0.562235
0.878660
0.380615
0.841606
0.475893
0.890413
0.348348
0.810384
0.548564
0.884068
0.365890
0.828281
0.507761
0.892273
0.343152
0.804662
0.561129
0.879147
0.379297
0.840476
0.478644
0.890859
0.347103
0.809031
0.551558
0.882998
0.368821
0.831056
0.501228
0.892482
0.342564
0.804003
0.562561
0.878515
0.381007
0.841940
0.475079
0.890270
0.348745
0.810814
0.547611
0.884395
0.364993
0.827419
0.509778
0.892146
0.343505
0.805057
0.560268
0.879521
0.378286
0.839602
0.480768
0.891167
0.346243
0.808090
0.553630
0.882220
0.370947
0.833031
0.496546
0.892445
0.342669
0.804120
0.562307
0.878629
0.380701
0.841679
0.475716
0.890382
0.348433
0.810477
0.548359
0.884139
0.365696
0.828095
0.508196
0.892248
0.343221
0.804740
0.560960
0.879221
0.379098
0.840304
0.479063
0.890922
0.346926
0.808838
0.551982
0.882841
0.369250
0.831457
0.500279
0.892487
0.342550
0.803987
0.562595
0.878500
0.381049
0.841975
0.474993
0.890255
0.348788
0.810860
0.547509
0.884430
0.364898
0.827326
0.509994
0.892131
0.343548
0.805105
0.560164
0.879565
0.378165
0.839496
0.481023
0.891202
0.346146
0.807983
0.553865
0.882130
0.371192
0.833257
0.496008
0.892431
0.342709
0.804165
0.562209
0.878672
0.380584
0.841579
0.475959
0.890424
0.348316
0.810350
0.548640
0.884042
0.365963
0.828350
0.507598
0.892281
0.343127
0.804634
0.561190
0.879121
0.379369
0.840538
0.478494
0.890836
0.347167
0.809101
0.551403
0.883055
0.368666
0.830911
0.501572
0.892479
0.342574
0.804014
0.562537
0.878526
0.380979
0.841915
0.475138
0.890281
0.348716
0.810782
0.547682
0.884371
0.365059
0.827482
0.509629
0.892156
0.343477
0.805025
0.560338
0.879491
0.378368
0.839672
0.480597
0.891143
0.346310
0.808163
0.553470
0.882281
0.370780
0.832877
0.496912
0.892453
0.342645
0.804093
0.562365
0.878603
0.380771
0.841739
0.475570
0.890357
0.348504
0.810553
0.548189
0.884197
0.365536
0.827940
0.508558
0.892226
0.343282
0.804807
0.560813
0.879285
0.378924
0.840154
0.479427
0.890977
0.346775
0.808673
0.552346
0.882706
0.369620
0.831802
0.499462
0.892487
0.342552
0.803989
0.562591
0.878502
0.381044
0.841971
0.475004
0.890257
0.348782
0.810854
0.547522
0.884425
0.364910
0.827339
0.509965
0.892133
0.343542
0.805099
0.560178
0.879559
0.378181
0.839510
0.480989
0.891197
0.346159
0.807997
0.553834
0.882142
0.371160
0.833227
0.496079
0.892433
0.342703
0.804159
0.562222
0.878666
0.380599
0.841592
0.475927
0.890419
0.348332
0.810367
0.548603
0.884054
0.365928
0.828316
0.507677
0.892277
0.343139
0.804647
0.561161
0.879134
0.379335
0.840509
0.478565
0.890847
0.347136
0.809067
0.551476
0.883028
0.368739
0.830979
0.501409
0.892480
0.342569
0.804008
0.562549
0.878521
0.380993
0.841927
0.475109
0.890276
0.348730
0.810798
0.547647
0.884383
0.365027
0.827451
0.509703
0.892151
0.343491
0.805041
0.560303
0.879505
0.378328
0.839637
0.480681
0.891155
0.346277
0.808127
0.553549
0.882251
0.370863
0.832953
0.496730
0.892449
0.342656
0.804106
0.562337
0.878615
0.380737
0.841710
0.475641
0.890369
0.348470
0.810516
0.548271
0.884169
0.365613
0.828015
0.508383
0.892237
0.343252
0.804774
0.560884
0.879254
0.379009
0.840227
0.479249
0.890950
0.346848
0.808753
0.552170
0.882771
0.369441
0.831635
0.499858
0.892487
0.342550
0.803986
0.562597
0.878499
0.381050
0.841976
0.474990
0.890255
0.348789
0.810862
0.547506
0.884431
0.364895
0.827324
0.510000
0.892130
0.343549
0.805107
0.560161
0.879567
0.378161
0.839493
0.481032
0.891203
0.346143
0.807980
0.553872
0.882127
0.371200
0.833264
0.495990
0.892430
0.342710
0.804166
0.562206
0.878673
0.380579
0.841576
0.475968
0.890426
0.348312
0.810346
0.548650
0.884038
0.365972
0.828359
0.507577
0.892283
0.343123
0.804630
0.561198
0.879117
0.379378
0.840546
0.478474
0.890833
0.347175
0.809110
0.551383
0.883062
0.368645
0.830891
0.501617
0.892478
0.342576
0.804015
0.562533
0.878528
0.380974
0.841911
0.475148
0.890283
0.348711
0.810777
0.547694
0.884367
0.365070
0.827493
0.509605
0.892158
0.343472
0.805020
0.560349
0.879486
0.378382
0.839684
0.480567
0.891139
0.346321
0.808175
0.553443
0.882291
0.370751
0.832851
0.496974
0.892455
0.342641
0.804089
0.562374
0.878599
0.380782
0.841748
0.475547
0.890353
0.348515
0.810565
0.548163
0.884206
0.365511
0.827917
0.508613
0.892223
0.343291
0.804818
0.560789
0.879295
0.378897
0.840131
0.479484
0.890985
0.346752
0.808647
0.552403
0.882684
0.369678
0.831856
0.499334
0.892486
0.342554
0.803991
0.562586
0.878504
0.381038
0.841966
0.475015
0.890259
0.348777
0.810848
0.547535
0.884421
0.364922
0.827350
0.509939
0.892135
0.343537
0.805093
0.560191
0.879554
0.378196
0.839523
0.480958
0.891193
0.346171
0.808010
0.553805
0.882153
0.371130
0.833199
0.496145
0.892435
0.342698
0.804153
0.562235
0.878660
0.380615
0.841606
0.475893
0.890413
0.348348
0.810384
0.548564
0.884068
0.365890
0.828281
0.507761
0.892273
0.343152
0.804662
0.561129
0.879147
0.379297
0.840476
0.478644
0.890859
0.347103
0.809031
0.551558
0.882998
0.368821
0.831056
0.501228
0.892482
0.342564
0.804003
0.562561
0.878515
0.381007
0.841940
0.475079
0.890270
0.348745
0.810814
0.547611
0.884395
0.364993
0.827419
0.509778
0.892146
0.343505
0.805057
0.560268
0.879521
0.378286
0.839602
0.480768
0.891167
0.346243
0.808090
0.553630
0.882220
0.370947
0.833031
0.496546
0.892445
0.342669
0.804120
0.562307
0.878629
0.380701
0.841679
0.475716
0.890382
0.348433
0.810477
0.548359
0.884139
0.365696
0.828095
0.508196
0.892248
0.343221
0.804740
0.560960
0.879221
0.379098
0.840304
0.479063
0.890922
0.346926
0.808838
0.551982
0.882841
0.369250
0.831457
0.500279
0.892487
0.342550
0.803987
0.562595
0.878500
0.381049
0.841975
0.474993
0.890255
0.348788
0.810860
0.547509
0.884430
0.364898
0.827326
0.509994
0.892131
0.343548
0.805105
0.560164
0.879565
0.378165
0.839496
0.481023
0.891202
0.346146
0.807983
0.553865
0.882130
0.371192
0.833257
0.496008
0.892431
0.342709
0.804165
0.562209
0.878672
0.380584
0.841579
0.475959
0.890424
0.348316
0.810350
0.548640
0.884042
0.365963
0.828350
0.507598
0.892281
0.343127
0.804634
0.561190
0.879121
0.379369
0.840538
0.478494
0.890836
0.347167
0.809101
0.551403
0.883055
0.368666
0.830911
0.501572
0.892479
0.342574
0.804014
0.562537
0.878526
0.380979
0.841915
0.475138
0.890281
0.348716
0.810782
0.547682
0.884371
0.365059
0.827482
0.509629
0.892156
0.343477
0.805025
0.560338
0.879491
0.378368
0.839672
0.480597
0.891143
0.346310
0.808163
0.553470
0.882281
0.370780
0.832877
0.496912
0.892453
0.342645
0.804093
0.562365
0.878603
0.380771
0.841739
0.475570
0.890357
0.348504
0.810553
0.548189
0.884197
0.365536
0.827940
0.508558
0.892226
0.343282
0.804807
0.560813
0.879285
0.378924
0.840154
0.479427
0.890977
0.346775
0.808673
0.552346
0.882706
0.369620
0.831802
0.499462
0.892487
0.342552
0.803989
0.562591
0.878502
0.381044
0.841971
0.475004
0.890257
0.348782
0.810854
0.547522
0.884425
0.364910
0.827339
0.509965
0.892133
0.343542
0.805099
0.560178
0.879559
0.378181
0.839510
0.480989
0.891197
0.346159
0.807997
0.553834
0.882142
0.371160
0.833227
0.496079
0.892433
0.342703
0.804159
0.562222
0.878666
0.380599
0.841592
0.475927
0.890419
0.348332
0.810367
0.548603
0.884054
0.365928
0.828316
0.507677
0.892277
0.343139
0.804647
0.561161
0.879134
0.379335
0.840509
0.478565
0.890847
0.347136
0.809067
0.551476
0.883028
0.368739
0.830979
0.501409
0.892480
0.342569
0.804008
0.562549
0.878521
0.380993
0.841927
0.475109
0.890276
0.348730
0.810798
0.547647
0.884383
0.365027
0.827451
0.509703
0.892151
0.343491
0.805041
0.560303
0.879505
0.378328
0.839637
0.480681
0.891155
0.346277
0.808127
0.553549
0.882251
0.370863
0.832953
0.496730
0.892449
0.342656
0.804106
0.562337
0.878615
0.380737
0.841710
0.475641
0.890369
0.348470
0.810516
0.548271
0.884169
0.365613
0.828015
0.508383
0.892237
0.343252
0.804774
0.560884
0.879254
0.379009
0.840227
0.479249
0.890950
0.346848
0.808753
0.552170
0.882771
0.369441
0.831635
0.499858
0.892487
0.342550
0.803986
0.562597
0.878499
0.381050
0.841976
0.474990
0.890255
0.348789
0.810862
0.547506
0.884431
0.364895
0.827324
0.510000
0.892130
0.343549
0.805107
0.560161
0.879567
0.378161
0.839493
0.481032
0.891203
0.346143
0.807980
0.553872
0.882127
0.371200
0.833264
0.495990
0.892430
0.342710
0.804166
0.562206
0.878673
0.380579
0.841576
0.475968
0.890426
0.348312
0.810346
0.548650
0.884038
0.365972
0.828359
0.507577
0.892283
0.343123
0.804630
0.561198
0.879117
0.379378
0.840546
0.478474
0.890833
0.347175
0.809110
0.551383
0.883062
0.368645
0.830891
0.501617
0.892478
0.342576
0.804015
0.562533
0.878528
0.380974
0.841911
0.475148
0.890283
0.348711
0.810777
0.547694
0.884367
0.365070
0.827493
0.509605
0.892158
0.343472
0.805020
0.560349
0.879486
0.378382
0.839684
0.480567
0.891139
0.346321
0.808175
0.553443
0.882291
0.370751
0.832851
0.496974
0.892455
0.342641
0.804089
0.562374
0.878599
0.380782
0.841748
0.475547
0.890353
0.348515
0.810565
0.548163
0.884206
0.365511
0.827917
0.508613
0.892223
0.343291
0.804818
0.560789
0.879295
0.378897
0.840131
0.479484
0.890985
0.346752
0.808647
0.552403
0.882684
0.369678
0.831856
0.499334
0.892486
0.342554
0.803991
0.562586
0.878504
0.381038
0.841966
0.475015
0.890259
0.348777
0.810848
0.547535
0.884421
0.364922
0.827350
0.509939
0.892135
0.343537
0.805093
0.560191
0.879554
0.378196
0.839523
0.480958
0.891193
0.346171
0.808010
0.553805
0.882153
0.371130
0.833199
0.496145
0.892435
0.342698
0.804153
0.562235
0.878660
0.380615
0.841606
0.475893
0.890413
0.348348
0.810384
0.548564
0.884068
0.365890
0.828281
0.507761
0.892273
0.343152
0.804662
0.561129
0.879147
0.379297
0.840476
0.478644
0.890859
0.347103
0.809031
0.551558
0.882998
0.368821
0.831056
0.501228
0.892482
0.342564
0.804003
0.562561
0.878515
0.381007
0.841940
0.475079
0.890270
0.348745
0.810814
0.547611
0.884395
0.364993
0.827419
0.509778
0.892146
0.343505
0.805057
0.560268
0.879521
0.378286
0.839602
0.480768
0.891167
0.346243
0.808090
0.553630
0.882220
0.370947
0.833031
0.496546
0.892445
0.342669
0.804120
0.562307
0.878629
0.380701
0.841679
0.475716
0.890382
0.348433
0.810477
0.548359
0.884139
0.365696
0.828095
0.508196
0.892248
0.343221
0.804740
0.560960
0.879221
0.379098
0.840304
0.479063
0.890922
0.346926
0.808838
0.551982
0.882841
0.369250
0.831457
0.500279
0.892487
0.342550
0.803987
0.562595
0.878500
0.381049
0.841975
0.474993
0.890255
0.348788
0.810860
0.547509
0.884430
0.364898
0.827326
0.509994
0.892131
0.343548
0.805105
0.560164
0.879565
0.378165
0.839496
0.481023
0.891202
0.346146
0.807983
0.553865
0.882130
0.371192
0.833257
0.496008
0.892431
0.342709
0.804165
0.562209
0.878672
0.380584
0.841579
0.475959
0.890424
0.348316
0.810350
0.548640
0.884042
0.365963
0.828350
0.507598
0.892281
0.343127
0.804634
0.561190
0.879121
0.379369
0.840538
0.478494
0.890836
0.347167
0.809101
0.551403
0.883055
0.368666
0.830911
0.501572
0.892479
0.342574
0.804014
0.562537
0.878526
0.380979
0.841915
0.475138
0.890281
0.348716
0.810782
0.547682
0.884371
0.365059
0.827482
0.509629
0.892156
0.343477
0.805025
0.560338
0.879491
0.378368
0.839672
0.480597
0.891143
0.346310
0.808163
0.553470
0.882281
0.370780
0.832877
0.496912
0.892453
0.342645
0.804093
0.562365
0.878603
0.380771
0.841739
0.475570
0.890357
0.348504
0.810553
0.548189
0.884197
0.365536
0.827940
0.508558
0.892226
0.343282
0.804807
0.560813
0.879285
0.378924
0.840154
0.479427
0.890977
0.346775
0.808673
0.552346
0.882706
0.369620
0.831802
0.499462
0.892487
0.342552
0.803989
0.562591
0.878502
0.381044
0.841971
0.475004
0.890257
0.348782
0.810854
0.547522
0.884425
0.364910
0.827339
0.509965
0.892133
0.343542
0.805099
0.560178
0.879559
0.378181
0.839510
0.480989
0.891197
0.346159
0.807997
0.553834
0.882142
0.371160
0.833227
0.496079
0.892433
0.342703
0.804159
0.562222
0.878666
0.380599
0.841592
0.475927
0.890419
0.348332
0.810367
0.548603
0.884054
0.365928
0.828316
0.507677
0.892277
0.343139
0.804647
0.561161
0.879134
0.379335
0.840509
0.478565
0.890847
0.347136
0.809067
0.551476
0.883028
0.368739
0.830979
0.501409
0.892480
0.342569
0.804008
0.562549
0.878521
0.380993
0.841927
0.475109
0.890276
0.348730
0.810798
0.547647
0.884383
0.365027
0.827451
0.509703
0.892151
0.343491
0.805041
0.560303
0.879505
0.378328
0.839637
0.480681
0.891155
0.346277
0.808127
0.553549
0.882251
0.370863
0.832953
0.496730
0.892449
0.342656
0.804106
0.562337
0.878615
0.380737
0.841710
0.475641
0.890369
0.348470
0.810516
0.548271
0.884169
0.365613
0.828015
0.508383
0.892237
0.343252
0.804774
0.560884
0.879254
0.379009
0.840227
0.479249
0.890950
0.346848
0.808753
0.552170
0.882771
0.369441
0.831635
0.499858
0.892487
0.342550
0.803986
0.562597
0.878499
0.381050
0.841976
0.474990
0.890255
0.348789
0.810862
0.547506
0.884431
0.364895
0.827324
0.510000
0.892130
0.343549
0.805107
0.560161
0.879567
0.378161
0.839493
0.481032
0.891203
0.346143
0.807980
0.553872
0.882127
0.371200
0.833264
0.495990
0.892430
0.342710
0.804166
0.562206
0.878673
0.380579
0.841576
0.475968
0.890426
0.348312
0.810346
0.548650
0.884038
0.365972
0.828359
0.507577
0.892283
0.343123
0.804630
0.561198
0.879117
0.379378
0.840546
0.478474
0.890833
0.347175
0.809110
0.551383
0.883062
0.368645
0.830891
0.501617
0.892478
0.342576
0.804015
0.562533
0.878528
0.380974
0.841911
0.475148
0.890283
0.348711
0.810777
0.547694
0.884367
0.365070
0.827493
0.509605
0.892158
0.343472
0.805020
0.560349
0.879486
0.378382
0.839684
0.480567
0.891139
0.346321
0.808175
0.553443
0.882291
0.370751
0.832851
0.496974
0.892455
0.342641
0.804089
0.562374
0.878599
0.380782
0.841748
0.475547
0.890353
0.348515
0.810565
0.548163
0.884206
0.365511
0.827917
0.508613
0.892223
0.343291
0.804818
0.560789
0.879295
0.378897
0.840131
0.479484
0.890985
0.346752
0.808647
0.552403
0.882684
0.369678
0.831856
0.499334
0.892486
0.342554
0.803991
0.562586
0.878504
0.381038
0.841966
0.475015
0.890259
0.348777
0.810848
0.547535
0.884421
0.364922
0.827350
0.509939
0.892135
0.343537
0.805093
0.560191
0.879554
0.378196
0.839523
0.480958
0.891193
0.346171
0.808010
0.553805
0.882153
0.371130
0.833199
0.496145
0.892435
0.342698
0.804153
0.562235
0.878660
0.380615
0.841606
0.475893
0.890413
0.348348
0.810384
0.548564
0.884068
0.365890
0.828281
0.507761
0.892273
0.343152
0.804662
0.561129
0.879147
0.379297
0.840476
0.478644
0.890859
0.347103
0.809031
0.551558
0.882998
0.368821
0.831056
0.501228
0.892482
0.342564
0.804003
0.562561
0.878515
0.381007
0.841940
0.475079
0.890270
0.348745
0.810814
0.547611
0.884395
0.364993
0.827419
0.509778
0.892146
0.343505
0.805057
0.560268
0.879521
0.378286
0.839602
0.480768
0.891167
0.346243
0.808090
0.553630
0.882220
0.370947
0.833031
0.496546
0.892445
0.342669
0.804120
0.562307
0.878629
0.380701
0.841679
0.475716
0.890382
0.348433
0.810477
0.548359
0.884139
0.365696
0.828095
0.508196
0.892248
0.343221
0.804740
0.560960
0.879221
0.379098
0.840304
0.479063
0.890922
0.346926
0.808838
0.551982
0.882841
0.369250
0.831457
0.500279
0.892487
0.342550
0.803987
0.562595
0.878500
0.381049
0.841975
0.474993
0.890255
0.348788
0.810860
0.547509
0.884430
0.364898
0.827326
0.509994
0.892131
0.343548
0.805105
0.560164
0.879565
0.378165
0.839496
0.481023
0.891202
0.346146
0.807983
0.553865
0.882130
0.371192
0.833257
0.496008
0.892431
0.342709
0.804165
0.562209
0.878672
0.380584
0.841579
0.475959
0.890424
0.348316
0.810350
0.548640
0.884042
0.365963
0.828350
0.507598
0.892281
0.343127
0.804634
0.561190
0.879121
0.379369
0.840538
0.478494
0.890836
0.347167
0.809101
0.551403
0.883055
0.368666
0.830911
0.501572
0.892479
0.342574
0.804014
0.562537
0.878526
0.380979
0.841915
0.475138
0.890281
0.348716
0.810782
0.547682
0.884371
0.365059
0.827482
0.509629
0.892156
0.343477
0.805025
0.560338
0.879491
0.378368
0.839672
0.480597
0.891143
0.346310
0.808163
0.553470
0.882281
0.370780
0.832877
0.496912
0.892453
0.342645
0.804093
0.562365
0.878603
0.380771
0.841739
0.475570
0.890357
0.348504
0.810553
0.548189
0.884197
0.365536
0.827940
0.508558
0.892226
0.343282
0.804807
0.560813
0.879285
0.378924
0.840154
0.479427
0.890977
0.346775
0.808673
0.552346
0.882706
0.369620
0.831802
0.499462
0.892487
0.342552
0.803989
0.562591
0.878502
0.381044
0.841971
0.475004
0.890257
0.348782
0.810854
0.547522
0.884425
0.364910
0.827339
0.509965
0.892133
0.343542
0.805099
0.560178
0.879559
0.378181
0.839510
0.480989
0.891197
0.346159
0.807997
0.553834
0.882142
0.371160
0.833227
0.496079
0.892433
0.342703
0.804159
0.562222
0.878666
0.380599
0.841592
0.475927
0.890419
0.348332
0.810367
0.548603
0.884054
0.365928
0.828316
0.507677
0.892277
0.343139
0.804647
0.561161
0.879134
0.379335
0.840509
0.478565
0.890847
0.347136
0.809067
0.551476
0.883028
0.368739
0.830979
0.501409
0.892480
0.342569
0.804008
0.562549
0.878521
0.380993
0.841927
0.475109
0.890276
0.348730
0.810798
0.547647
0.884383
0.365027
0.827451
0.509703
0.892151
0.343491
0.805041
0.560303
0.879505
0.378328
0.839637
0.480681
0.891155
0.346277
0.808127
0.553549
0.882251
0.370863
0.832953
0.496730
0.892449
0.342656
0.804106
0.562337
0.878615
0.380737
0.841710
0.475641
0.890369
0.348470
0.810516
0.548271
0.884169
0.365613
0.828015
0.508383
0.892237
0.343252
0.804774
0.560884
0.879254
0.379009
0.840227
0.479249
0.890950
0.346848
0.808753
0.552170
0.882771
0.369441
0.831635
0.499858
0.892487
0.342550
0.803986
0.562597
0.878499
0.381050
0.841976
0.474990
0.890255
0.348789
0.810862
0.547506
0.884431
0.364895
0.827324
0.510000
0.892130
0.343549
0.805107
0.560161
0.879567
0.378161
0.839493
0.481032
0.891203
0.346143
0.807980
0.553872
0.882127
0.371200
0.833264
0.495990
0.892430
0.342710
0.804166
0.562206
0.878673
0.380579
0.841576
0.475968
0.890426
0.348312
0.810346
0.548650
0.884038
0.365972
0.828359
0.507577
0.892283
0.343123
0.804630
0.561198
0.879117
0.379378
0.840546
0.478474
0.890833
0.347175
0.809110
0.551383
0.883062
0.368645
0.830891
0.501617
0.892478
0.342576
0.804015
0.562533
0.878528
0.380974
0.841911
0.475148
0.890283
0.348711
0.810777
0.547694
0.884367
0.365070
0.827493
0.509605
0.892158
0.343472
0.805020
0.560349
0.879486
0.378382
0.839684
0.480567
0.891139
0.346321
0.808175
0.553443
0.882291
0.370751
0.832851
0.496974
0.892455
0.342641
0.804089
0.562374
0.878599
0.380782
0.841748
0.475547
0.890353
0.348515
0.810565
0.548163
0.884206
0.365511
0.827917
0.508613
0.892223
0.343291
0.804818
0.560789
0.879295
0.378897
0.840131
0.479484
0.890985
0.346752
0.808647
0.552403
0.882684
0.369678
0.831856
0.499334
0.892486
0.342554
0.803991
0.562586
0.878504
0.381038
0.841966
0.475015
0.890259
0.348777
0.810848
0.547535
0.884421
0.364922
0.827350
0.509939
0.892135
0.343537
0.805093
0.560191
0.879554
0.378196
0.839523
0.480958
0.891193
0.346171
0.808010
0.553805
0.882153
0.371130
0.833199
0.496145
0.892435
0.342698
0.804153
0.562235
0.878660
0.380615
0.841606
0.475893
0.890413
0.348348
0.810384
0.548564
0.884068
0.365890
0.828281
0.507761
0.892273
0.343152
0.804662
0.561129
0.879147
0.379297
0.840476
0.478644
0.890859
0.347103
0.809031
0.551558
0.882998
0.368821
0.831056
0.501228
0.892482
0.342564
0.804003
0.562561
0.878515
0.381007
0.841940
0.475079
0.890270
0.348745
0.810814
0.547611
0.884395
0.364993
0.827419
0.509778
0.892146
0.343505
0.805057
0.560268
0.879521
0.378286
0.839602
0.480768
0.891167
0.346243
0.808090
0.553630
0.882220
0.370947
0.833031
0.496546
0.892445
0.342669
0.804120
0.562307
0.878629
0.380701
0.841679
0.475716
0.890382
0.348433
0.810477
0.548359
0.884139
0.365696
0.828095
0.508196
0.892248
0.343221
0.804740
0.560960
0.879221
0.379098
0.840304
0.479063
0.890922
0.346926
0.808838
0.551982
0.882841
0.369250
0.831457
0.500279
0.892487
0.342550
0.803987
0.562595
0.878500
0.381049
0.841975
0.474993
0.890255
0.348788
0.810860
0.547509
0.884430
0.364898
0.827326
0.509994
0.892131
0.343548
0.805105
0.560164
0.879565
0.378165
0.839496
0.481023
0.891202
0.346146
0.807983
0.553865
0.882130
0.371192
0.833257
0.496008
0.892431
0.342709
0.804165
0.562209
0.878672
0.380584
0.841579
0.475959
0.890424
0.348316
0.810350
0.548640
0.884042
0.365963
0.828350
0.507598
0.892281
0.343127
0.804634
0.561190
0.879121
0.379369
0.840538
0.478494
0.890836
0.347167
0.809101
0.551403
0.883055
0.368666
0.830911
0.501572
0.892479
0.342574
0.804014
0.562537
0.878526
0.380979
0.841915
0.475138
0.890281
0.348716
0.810782
0.547682
0.884371
0.365059
0.827482
0.509629
0.892156
0.343477
0.805025
0.560338
0.879491
0.378368
0.839672
0.480597
0.891143
0.346310
0.808163
0.553470
0.882281
0.370780
0.832877
0.496912
0.892453
0.342645
0.804093
0.562365
0.878603
0.380771
0.841739
0.475570
0.890357
0.348504
0.810553
0.548189
0.884197
0.365536
0.827940
0.508558
0.892226
0.343282
0.804807
0.560813
0.879285
0.378924
0.840154
0.479427
0.890977
0.346775
0.808673
0.552346
0.882706
0.369620
0.831802
0.499462
0.892487
0.342552
0.803989
0.562591
0.878502
0.381044
0.841971
0.475004
0.890257
0.348782
0.810854
0.547522
0.884425
0.364910
0.827339
0.509965
0.892133
0.343542
0.805099
0.560178
0.879559
0.378181
0.839510
0.480989
0.891197
0.346159
0.807997
0.553834
0.882142
0.371160
0.833227
0.496079
0.892433
0.342703
0.804159
0.562222
0.878666
0.380599
0.841592
0.475927
0.890419
0.348332
0.810367
0.548603
0.884054
0.365928
0.828316
0.507677
0.892277
0.343139
0.804647
0.561161
0.879134
0.379335
0.840509
0.478565
0.890847
0.347136
0.809067
0.551476
0.883028
0.368739
0.830979
0.501409
0.892480
0.342569
0.804008
0.562549
0.878521
0.380993
0.841927
0.475109
0.890276
0.348730
0.810798
0.547647
0.884383
0.365027
0.827451
0.509703
0.892151
0.343491
0.805041
0.560303
0.879505
0.378328
0.839637
0.480681
0.891155
