0.100000
0.360000
0.921600
0.289014
0.821940
0.585419
0.970814
0.113336
0.401964
0.961556
0.147865
0.504004
0.999936
0.000257
0.001026
0.004099
0.016329
0.064250
0.240488
0.730614
0.787269
0.669906
0.884528
0.408552
0.966549
0.129328
0.450409
0.990163
0.038961
0.149773
0.509365
0.999649
0.001403
0.005603
0.022285
0.087152
0.318226
0.867833
0.458796
0.993209
0.026980
0.105006
0.375920
0.938417
0.231162
0.710904
0.822078
0.585064
0.971056
0.112423
0.399137
0.959307
0.156150
0.527068
0.997069
0.011688
0.046205
0.176282
0.580827
0.973868
0.101796
0.365734
0.927890
0.267641
0.784036
0.677293
0.874268
0.439693
0.985452
0.057345
0.216225
0.677888
0.873424
0.442218
0.986645
0.052706
0.199711
0.639307
0.922375
0.286399
0.817498
0.596779
0.962535
0.144245
0.493753
0.999844
0.000625
0.002497
0.009962
0.039450
0.151575
0.514401
0.999170
0.003315
0.013217
0.052170
0.197795
0.634688
0.927437
0.269192
0.786911
0.670729
0.883406
0.411998
0.969023
0.120071
0.422617
0.976047
0.093516
0.339081
0.896421
0.371402
0.933850
0.247096
0.744159
0.761546
0.726376
0.795016
0.651862
0.907752
0.334953
0.891039
0.388355
0.950142
0.189489
0.614333
0.947712
0.198216
0.635705
0.926336
0.272949
0.793792
0.654744
0.904217
0.346435
0.905671
0.341723
0.899793
0.360662
0.922340
0.286517
0.817700
0.596267
0.962931
0.142781
0.489577
0.999565
0.001738
0.006938
0.027560
0.107202
0.382838
0.945093
0.207570
0.657939
0.900221
0.359294
0.920807
0.291686
0.826422
0.573795
0.978217
0.085233
0.311874
0.858434
0.486101
0.999227
0.003089
0.012317
0.048660
0.185168
0.603524
0.957131
0.164126
0.548753
0.990492
0.037669
0.144999
0.495898
0.999933
0.000269
0.001076
0.004301
0.017129
0.067342
0.251228
0.752449
0.745077
0.759748
0.730123
0.788174
0.667824
0.887341
0.399868
0.959894
0.153989
0.521105
0.998218
0.007114
0.028255
0.109826
0.391058
0.952527
0.180878
0.592646
0.965667
0.132616
0.460117
0.993637
0.025289
0.098597
0.355503
0.916482
0.306171
0.849721
0.510780
0.999535
0.001858
0.007419
0.029458
0.114360
0.405127
0.963996
0.138829
0.478223
0.998103
0.007574
0.030066
0.116647
0.412160
0.969137
0.119643
0.421313
0.975233
0.096613
0.349117
0.908937
0.331081
0.885866
0.404431
0.963466
0.140795
0.483888
0.998962
0.004149
0.016528
0.065019
0.243165
0.736143
0.776945
0.693205
0.850688
0.508073
0.999739
0.001043
0.004166
0.016594
0.065276
0.244060
0.737978
0.773466
0.700865
0.838613
0.541366
0.993155
0.027191
0.105807
0.378448
0.940901
0.222427
0.691812
0.852833
0.502036
0.999983
0.000066
0.000265
0.001060
0.004236
0.016872
0.066350
0.247790
0.745560
0.758800
0.732089
0.784538
0.676152
0.875882
0.434852
0.983023
0.066756
0.249197
0.748392
0.753206
0.743548
0.762738
0.723874
0.799521
0.641148
0.920309
0.293362
0.829202
0.566504
0.982309
0.069512
0.258720
0.767136
0.714553
0.815868
0.600910
0.959269
0.156289
0.527451
0.996986
0.012021
0.047505
0.180993
0.592937
0.965451
0.133423
0.462486
0.994371
0.022390
0.087555
0.319555
0.869759
0.453113
0.991207
0.034865
0.134596
0.465920
0.995354
0.018496
0.072617
0.269377
0.787252
0.669946
0.884473
0.408721
0.966673
0.128867
0.449040
0.989613
0.041118
0.157710
0.531351
0.996068
0.015665
0.061677
0.231493
0.711616
0.820874
0.588160
0.968912
0.120488
0.423882
0.976824
0.090556
0.329422
0.883612
0.411367
0.968577
0.121743
0.427688
0.979084
0.081915
0.300820
0.841309
0.534034
0.995367
0.018447
0.072427
0.268726
0.786050
0.672701
0.880697
0.420280
0.974579
0.099101
0.357119
0.918340
0.299966
0.839945
0.537750
0.994300
0.022671
0.088629
0.323095
0.874819
0.438044
0.984646
0.060473
0.227264
0.702460
0.836040
