0.100000
0.360000
0.921600
0.289014
0.821940
0.585419
0.970814
0.113336
0.401964
0.961556
0.147865
0.504004
0.999936
0.000257
0.001026
0.004099
0.016329
0.064250
0.240488
0.730614
0.787269
0.669906
0.884528
0.408552
0.966549
0.129328
0.450409
0.990163
0.038961
0.149773
0.509365
0.999649
0.001403
0.005603
0.022285
0.087152
0.318226
0.867833
0.458796
0.993209
0.026980
0.105006
0.375920
0.938417
0.231162
0.710904
0.822078
0.585064
0.971056
0.112423
0.399137
0.959307
0.156150
0.527068
0.997069
0.011688
0.046205
0.176282
0.580827
0.973868
0.101796
0.365734
0.927890
0.267641
0.784036
