1.0
1.414213562373095
2.170086486626033
2.685543932670795
2.7537148233143
3.2641529696671796
3.3141672026288385
3.6753613387294317
3.7049032576110768
3.7649620392179335
3.7703866167091764
3.8893131543762562
3.9006777351434754
4.474012771128741
4.505348051115154
4.558975100239476
4.624302213826474
4.627839759418382
4.71720160799604
4.722170285355229
4.826099097088064
4.8315078293048614
4.840824177930821
4.841294516105558
4.974983912526758
4.9819042151228095
4.993612442003766
5.008459429076958
5.026338289506148
5.064040754314135
5.066019250084794
5.197214882865935
5.205453768627819
5.832148944523974
5.854834983750699
6.6843375085935754
6.7020322924709
6.726807232326447
6.753799968756624
6.79402374161379
6.794988637972544
6.846491976866827
6.847752445352745
7.129261498007974
7.135624004792061
7.144466121000606
7.154189187330684
7.154392714489232
7.165559820339974
7.165799877676128
7.177919565832047
7.178179577664532
7.178541341918542
7.178548862483356
7.192316108929258
7.192620327514264
7.193043967423571
7.193512417588202
7.194213929002019
7.194797034289419
7.196047660344458
7.196076386923922
7.198765228219705
7.198837592300027
7.2519738403101375
7.253974940087205
7.25684453928415
7.260139913620813
7.265307355575505
7.265420144269342
7.272661668611111
7.272827424563914
7.473180742230721
7.478296548959504
7.485344327455781
7.49310361374873
7.493251493670024
7.502136890978058
7.502310455500186
7.502547870746901
7.502552360375822
7.51273277870502
7.512937356313578
7.513217439673761
7.513222724477076
7.513550832297748
7.513557201478742
7.513565908812957
7.513566072957204
7.530343188801042
7.530707272878706
7.531207180753892
7.531756847697548
7.531767211113433
7.532396278162106
7.532408468250412
7.532425120397091
7.532425432661988
7.5473245463890715
