1.0
1.414213562373095
2.170086486626033
2.685543932670795
2.7537148233143
3.2641529696671796
3.3141672026288385
3.6753613387294317
3.7049032576110768
3.7649620392179335
3.7703866167091764
3.8893131543762562
3.9006777351434754
4.474012771128741
4.505348051115154
4.558975100239476
4.624302213826474
4.627839759418382
4.71720160799604
4.722170285355229
4.826099097088064
4.8315078293048614
4.840824177930821
4.841294516105558
4.974983912526758
4.9819042151228095
4.993612442003766
5.008459429076958
5.026338289506148
5.064040754314135
5.066019250084794
5.197214882865935
5.205453768627819
5.832148944523974
5.854834983750699
6.6843375085935754
6.7020322924709
6.726807232326447
6.753799968756624
6.79402374161379
6.794988637972544
6.846491976866827
6.847752445352745
7.129261498007974
7.135624004792061
7.144466121000606
7.154189187330684
7.154392714489232
7.165559820339974
7.165799877676128
7.177919565832047
7.178179577664532
7.178541341918542
7.178548862483356
7.192316108929258
7.192620327514264
7.193043967423571
7.193512417588202
7.194213929002019
7.194797034289419
7.196047660344458
7.196076386923922
7.198765228219705
7.198837592300027
7.2519738403101375
7.253974940087205
7.25684453928415
7.260139913620813
7.265307355575505
7.265420144269342
7.272661668611111
7.272827424563914
7.473180742230721
7.478296548959504
7.485344327455781
7.49310361374873
7.493251493670024
7.502136890978058
7.502310455500186
7.502547870746901
7.502552360375822
7.51273277870502
7.512937356313578
7.513217439673761
7.513222724477076
7.513550832297748
7.513557201478742
7.513565908812957
7.513566072957204
7.530343188801042
7.530707272878706
7.531207180753892
7.531756847697548
7.531767211113433
7.532396278162106
7.532408468250412
7.532425120397091
7.532425432661988
7.5473245463890715
7.547633791638831
7.548057236029583
7.548521538599978
7.548530240145609
7.549059839405376
7.5490700374781
7.549083956016174
7.549084215779721
7.549689344965492
7.54970137186996
7.5497178096079525
7.54973579506891
7.549736131649638
7.54975659772367
7.549756991258738
7.54977915354074
7.549779580598887
7.549780163464016
7.549780174340256
7.55058308753241
7.550600491017272
7.550624375866775
7.550650641840309
7.550651134584679
7.550681195273253
7.550681774927835
7.550714536016317
7.550715169252452
7.550716033606074
7.550716977898115
7.550718350328634
7.550718376909498
7.550720117806699
7.5507201527648515
7.55076028520403
7.550761094138622
7.550762200437765
7.550762221100712
7.550763516104072
7.550763540983157
7.55082768879854
7.550829051608381
7.5508309200955726
7.5508329723996646
7.550835975894487
7.550838487759582
7.550843633393811
7.550843738840172
7.550854020867906
7.550854261529665
7.555197530632214
7.5554352498318655
7.555787245056534
7.556213326867439
7.556221736338925
7.556768880160321
7.556780098307141
7.557463319862305
7.557477499725785
7.557496913879223
7.557497276106686
7.557520036569302
7.557520473405412
7.557521069340639
7.557521080435893
7.562096207152138
7.562212580235232
7.56237357818597
7.562552426539479
7.562555789039986
7.562762829667067
7.562766833303007
7.562995414722225
7.562999847700782
7.563005896788205
7.563012505521636
7.563022106523545
7.563022291844556
7.563034465668382
7.563034709267882
7.563356124137271
7.563362973587982
7.563372361618563
7.563382673482542
7.563393689216787
7.563409846571799
7.563410160225711
7.563430918698813
7.563431337118578
7.563448188343285
7.563448515085495
7.5634489609369275
7.563448969226625
7.563825240708864
7.563833203322831
7.563844113121241
7.563856091406657
7.563873603564991
7.563888248801709
7.5639181921741026
7.563918803147046
7.563978444463114
7.563979832821439
7.565976831777458
7.566060401461898
7.566180507102202
7.566320454883353
7.566323152273159
7.566494585710215
7.566498000973292
7.5667830905327
7.566789149266275
7.566797451348236
7.566797605958003
7.56708621072582
7.567092291723618
7.567100620707673
7.567100775766977
7.56763116215262
7.567643403372503
7.567660247665605
7.567660562065097
7.567680440214383
7.567680822056991
7.874312161687692
7.883106010084378
7.8949343192437675
7.907742535384095
7.907959341081064
7.9222852571815805
7.922532403705167
7.937803471895854
7.93806599908206
7.93841774255436
7.938423639126597
7.9552362328500505
7.955531175933235
7.95592643248994
7.956354101010002
7.956959210542537
7.956969638481299
7.957714435243108
7.957727663048221
7.958327250160976
7.958337562178241
7.9583513721318555
7.958351602468865
7.977949669211357
7.978302372420377
7.978775148655848
7.978782999412259
7.97932599030546
7.979335227025615
8.01205443172279
8.012668651584047
8.013492315878246
8.014385662876325
8.014400398401175
8.015402118371375
8.015419026134172
8.342066227318968
8.347547264843815
8.35476072069476
8.36247985331143
8.362595798385799
8.371093501082653
8.371223463984794
8.380187264117104
8.380324149703446
8.380504267022994
8.380506959646985
8.393541458670166
8.393750141095843
8.394025069667471
8.394029169839825
8.394340093755705
8.394344829789901
8.405461829326423
8.405634904114567
8.40586261899521
8.405866003272504
8.406123157247103
8.40612706018224
8.422122364379076
8.422378290124623
8.422715157030419
8.423076610310972
8.423575273420465
8.42399247078368
8.424758352324702
8.424770403659203
8.426066889165979
8.426088993775338
8.428603380284065
8.428651103244924
8.428714344824078
8.428715283713744
8.974053946878287
8.9814935212344
8.991040178429914
9.001115768825866
9.001245191803966
9.012124739459441
9.012266472152398
9.012448845161089
9.012451185610482
9.024101304193815
9.024255443880223
9.024453810479862
9.024664189335716
9.024882667318835
9.025175148184621
9.02517897767926
9.025606514046451
9.025612364714078
9.041462924112999
9.041693291310931
9.041990479548334
9.042306679088318
9.042731078567424
9.04273662281867
9.043232178748788
9.043238787971541
9.043644041423667
9.04364932461948
9.043656118012095
9.043656204582149
9.043663730587081
9.043663828181238
9.063373886742797
9.063646984877398
9.06399855918735
9.064371896839855
9.064376640845918
9.064782537045545
9.064787782458612
9.183824103140628
9.185506053062397
9.187663964117181
9.189952382622453
9.18998064170376
9.192462958270749
9.192494098946442
9.192533949164634
9.192534439929098
9.19520759606626
9.1952417157667
9.19528539669832
9.19528593445839
9.198091133027454
9.198126942217703
9.19817278296691
9.198173346953883
9.203074300660013
9.203139973245072
9.203224151548426
9.203313371107669
9.203314469349086
9.203411196412276
9.203412406654138
9.203413954881356
9.203413973901306
9.20351809643082
9.203519422764165
9.203521120363774
9.203522916620807
9.203524779100142
9.203527254237162
9.203527285314513
9.203530861784817
9.203530908612377
9.203671889617475
9.203673865060082
9.203676400719212
9.20367909265579
9.20367912581776
9.203682049495546
9.203682086108413
9.207844334215277
9.20790222613735
9.207976507914324
9.20805534066804
9.208056310699217
9.208141895471476
9.208142965955913
9.208232694482485
9.20823381764782
9.208235254330251
9.208235271961023
9.208360118246876
9.208361746250375
9.208363831134578
9.20836385673639
9.208545715182648
9.208548170398778
9.208551317889846
9.208554654811184
9.208558121924176
9.208562740172681
9.208562798174649
9.208569492877297
9.208569580608232
9.208722008348802
9.208724087447663
9.208726753595798
9.20872958122807
9.208732520300623
9.208736436942393
9.208736486143628
9.208742167369795
9.208742241844789
9.20875087546488
9.208750993709597
9.208751145360765
9.20875114722443
9.208751315067516
9.208751317165152
9.208751493344293
9.208751495547833
9.208751733590539
9.208751736636813
9.208751740535824
9.208751740583715
9.236235446625084
9.236664706820086
9.237217054934185
9.237805518411912
9.23781272673979
9.238454162680082
9.238462148825516
9.238472355162529
9.238472479562594
9.239167038879092
9.239175841978211
9.239187097856886
9.23918723506672
9.239920754708814
9.239930059154766
9.239941956124657
9.239942101126989
9.241232047982079
9.241249279515824
9.241271344923002
9.24129472467665
9.241319005294041
9.241351297907276
9.241351700355546
9.241398400543286
9.241399007510747
9.24262791135725
9.242645164487612
9.242667290676629
9.24269077623312
9.242691063057222
9.242716559926997
9.242716876417113
9.242717280819468
9.24271728574369
9.24274477389139
9.24274512123599
9.24274556528593
9.242745570694458
9.24274606048846
9.242746066553666
9.242783978505987
9.242784470019238
9.242785098840155
9.242785764438173
9.24278577255506
9.24278649297654
9.242786501904936
9.242787471334946
9.242787483619583
9.242787499325782
9.242787499517094
9.242788343828412
9.24278835449529
9.242788368131905
9.242788368298012
9.242824610747613
9.242825091944383
9.24282570799939
9.242826360615116
9.242826368577004
9.24282707556899
9.24282708433486
9.242827824079678
9.24282783325827
9.24282784498629
9.242827857382387
9.242827857533419
9.24282787092956
9.242827871095411
9.242827889087387
9.242827889315127
9.242827889606358
9.242827889914267
9.24282789023349
9.242827890657045
9.242827891013036
9.242827891762703
9.242827891772432
9.242827892999092
9.242827893016205
9.242873750789187
9.24287452301241
9.242875519615747
9.24287658524042
9.242876598304111
9.242877764488444
9.242877779024283
9.242879012553317
9.242879027944031
9.242879047612693
9.242879047852178
9.242880382822213
9.242880399778585
9.24288042145896
9.242880421723017
9.242882272305334
9.242882296445279
9.242882327334396
9.242882327710763
9.24288236181925
9.242882362241835
9.242884513389441
9.242884541611541
9.242884577730159
9.242884615976639
9.242884666761807
9.242884667393984
9.242884726060472
9.24288472680498
9.24288481034914
9.24288481144319
9.242884812843153
9.242884812860218
9.242929823819063
9.242930429955807
9.242931206294653
9.242932029111051
9.242932039151594
9.242932931000547
9.242932942061298
9.24293387575714
9.24293388734538
9.242933902152444
9.242933917802896
9.242933934014825
9.242933955509658
9.24293395577703
9.242933986727111
9.242933987128207
9.244519224279486
9.244545062747758
9.244578366269323
9.244613924397523
9.244614359813088
9.244653210950744
9.24465369461227
9.244654312643066
9.244654320165571
9.244696501896495
9.244697036605414
9.244697720213978
9.244697728537043
9.244698482625667
9.24469849196009
9.244743510982158
9.244744082777657
9.24474481384038
9.244745587121237
9.24474638876812
9.244747452581791
9.244747465813354
9.244748999442404
9.244749019324507
9.244809958203485
9.244810808994034
9.24481189984996
9.244813057490575
9.24481307162048
9.244814328113549
9.244814343701215
9.244815661102725
9.244815677458735
9.24481569835705
9.244815698611372
9.24481752908063
9.244817552748195
9.244817583023604
9.244817583392399
9.244819146530334
9.244819166322948
9.244819191626096
9.244819191934212
9.244821335362435
9.244821363198966
9.244821398811867
9.244821436509351
9.24482148654187
9.244821487164142
9.24482154492856
9.244821545661024
9.244821546597539
9.24482154660901
9.244821595226083
9.244821595840202
9.24482159662522
9.24482159663477
9.244821597500593
9.244821597511326
9.244821597525016
9.244821597525238
9.244885206075772
9.244886096709767
9.244887238753282
9.244888450842513
9.244888465637707
9.244889781378024
9.24488979770139
9.244889818557533
9.244889818811378
9.244891237132125
9.244891255044429
9.244891277942319
9.244891302157967
9.244891302453027
9.24489132863787
9.244891328962085
9.244891329376316
9.244891329381394
9.244891357488173
9.244891357842352
9.244891358295128
9.244891358300677
9.24489135879992
9.244891358806164
9.244892954918761
9.24489297598565
9.244893002950475
9.244893031509346
9.244893031857533
9.244893062788439
9.244893063171796
9.244893095527695
9.244893095928868
9.244893096441608
9.244893096447809
9.244895302842082
9.244895332110293
9.244895369578293
9.244895409268196
9.244895409752157
9.24489545274658
9.244895453279332
9.244895453960115
9.244895453968375
9.244895500209122
9.244895500792431
9.244895501538055
9.244895501547063
9.244895502369449
9.244895502379647
9.244895551224754
9.244895551842024
9.24489555263104
9.24489555346539
9.244895554571572
9.244895554585325
9.244895555860763
9.244895555876964
9.244895558116022
9.24489555814613
9.244895626513571
9.244895627476732
9.244895628711987
9.244895630023244
9.244895631769648
9.24489563324671
9.244895635782765
9.244895635815208
9.244895639764
9.244895639817573
9.244895765475416
9.244895767461227
9.244895770018108
9.244895772744528
9.244895775595225
9.24489577941659
9.244895779464379
9.2448957850529
9.244895785125966
9.244895878663364
9.244895879941225
9.244895881578575
9.244895883314841
9.244895885119375
9.244895887521697
9.244895887551552
9.244895891029905
9.244895891075128
9.245001499711542
9.245003576638435
9.245006274028878
9.245009179754579
9.24500921549882
9.245012421484557
9.24501246159786
9.245012512861944
9.245012513485932
9.248111521556824
9.248166754463215
9.248238179342216
9.24831473830663
9.248315676941283
9.248399682741343
9.24840073000258
9.248402068141914
9.248402084416291
9.24849372232018
9.248494885769686
9.248496373133449
9.248496391227624
9.248498031926108
9.248498052218356
9.248498078140994
9.248498078456262
9.248628788200492
9.248630525669252
9.248632749838588
9.248635106013175
9.248635134721736
9.248637687144932
9.248637718751006
9.248757265256266
9.248758827963723
9.248760827418822
9.248762944326122
9.248762970110972
9.248765261909199
9.248765290277968
9.248765326518862
9.248765326959512
9.248767790204111
9.248767821239575
9.248767860906682
9.248767902852427
9.248767946324492
9.24876800398712
9.248768052450819
9.248768154410442
9.24876815573894
9.248768322400856
9.248768324730602
9.248768632161308
9.24876863687734
9.24876864294243
9.248768643016398
9.248768750821423
9.248768752200956
9.248768753964887
9.24876875398628
9.248771728008215
9.24877176657072
9.24877181589904
9.248771816499268
9.248771870952268
9.248771871625936
9.248775914653894
9.248775967492357
9.248776035097642
9.248776035920418
9.248776110569857
9.24877611149355
9.248931855374558
9.248934117674512
9.24893702171708
9.248940108008949
9.248940145674052
9.248943500700147
9.24894354231732
9.24894359548577
9.248943596132246
9.248947218441666
9.248947264183995
9.248947322652013
9.248947323363145
9.248947387846453
9.248947388643781
9.248951231142556
9.248951279752408
9.248951341888635
9.248951407602751
9.248951494716742
9.248951495798664
9.248951596233494
9.248951597505009
9.24895600524086
9.24895606256472
9.248956135898203
9.24895621352611
9.248956316546822
9.2489563178271
9.248956436763816
9.248956438270628
9.24895660749202
9.248956609703974
9.248956612533952
9.248956612568486
9.248962827996182
9.248962911039374
9.248963017360541
9.248963130011717
9.248963131384343
9.248963253441593
9.248963254953072
9.248963256883986
9.248963256907373
9.24896338821258
9.248963389867669
9.248963391983043
9.248963392008775
9.248963394341633
9.24896339437046
9.248963540832873
9.248963542723622
9.248963545141972
9.248963545171375
9.248963547840576
9.248963547873604
9.24896375274316
9.24896375546354
9.248963758945742
9.24896376263454
9.248963762679445
9.248963766675299
9.2489637667248
9.248963942307935
9.248963944584691
9.24896394749702
9.248963950579627
9.248963950617144
9.248963953953407
9.248963953994682
9.248963957482074
9.248963957525355
9.248963957580516
9.248963957638807
9.24896395771604
9.248963957717006
9.248963957806026
9.248963957807177
9.248970273717251
9.248970365793518
9.248970484002827
9.248970609648248
9.248970611181743
9.248970747788274
9.248970749482941
9.248970751647876
9.24897075167424
9.248970899188418
9.248970901051313
9.248970903432586
9.24897090595079
9.248970905981462
9.248970908704337
9.248970908737954
9.248970911581381
9.24897091161658
9.248970911661507
9.248970911662084
9.25119844303642
9.251231957815472
9.25127502642022
9.251320857748611
9.251321417163544
9.251371309312747
9.25137192832004
9.251372719095322
9.251372728705604
9.251426678832015
9.251427360271709
9.251428231240968
9.251428241828833
9.251485143662727
9.251485863074562
9.251486782601038
9.25148679377922
9.25158661554051
9.251587944367184
9.251589645379259
9.25158966607464
9.251591545461906
9.251591568710285
9.25159353879623
9.25159356318514
9.251593594339656
9.251593594718187
9.251757216049384
9.25175955903338
9.251762565047152
9.251765757935974
9.25176579686672
9.25176926562321
9.251769308610683
9.25176936352438
9.251769364191675
9.25177310674516
9.251773153959638
9.251773214303437
9.251773278115145
9.251773278891438
9.251773347883967
9.251773348736858
9.251773441434878
9.251773442606389
9.25177344410367
9.251773444121772
9.251777566919808
9.251777620049314
9.251777687994057
9.25177775989432
9.25177776076927
9.251777838566316
9.251777839528504
9.251777920831174
9.251777921837334
9.251777923122592
9.251777923138178
9.251778009983518
9.251778011077057
9.25177801247456
9.251778012491588
9.251778014032702
9.251778014051794
9.2517781056605
9.251778106815877
9.251778108292582
9.25177810831057
9.251778109939075
9.251778109959133
9.251778235867313
9.25177823749537
9.251778239577764
9.251778241781562
9.251778244705363
9.251778244741692
9.25177824811597
9.251778248158667
9.25177836460436
9.25177836611724
9.251778368052388
9.25177837010075
9.251778372225967
9.251778375048193
9.251778375083243
9.25177837915577
9.251778379208481
9.251778385351715
9.25177838543481
9.251778385541083
9.25177838554244
9.251778388924143
9.251778388966898
9.251778389021775
9.251778389022462
9.251881715448809
9.251883179177776
9.251885056467412
9.251887049664834
9.25188707396208
9.251889238430067
9.251889265246959
9.251889299503512
9.251889299919771
9.251891634116841
9.251891663556176
9.251891701181407
9.251891740968613
9.251891793701237
9.251891794355682
9.25189185513814
9.251891855907058
9.251894744258468
9.251894782884627
9.251894832336017
9.251894832937616
9.251894887583234
9.251894888259402
9.251898528620835
9.251898576070962
9.251898636772548
9.251898637510838
9.251898704527777
9.251898705356332
9.251904443257661
9.25190452306115
9.251904625352882
9.251904733887317
9.251904846772838
9.25190499712787
9.251905124068191
9.251905392753368
9.251905396266874
9.251905840396454
9.251905846644384
9.251915937101133
9.251916111764265
9.251916337367899
9.251916578880525
9.251916581837229
9.251916846469207
9.251916849763358
9.251917130072936
9.251917133565843
9.251917138028341
9.251917138082653
9.251917143001872
9.251917143062665
9.251917449115059
9.251917453000898
9.251917457968098
9.251917458028414
9.251917463507558
9.251917463575241
9.251917808239348
9.251917812721327
9.251917818454764
9.251917818524579
9.251917824853923
9.251917824932173
9.251918290900724
9.251918297003549
9.251918304811888
9.25191831307929
9.251918313179889
9.251918322130646
9.251918322241366
9.251918334287332
9.251918334439704
9.25191833463444
9.251918334636779
9.251918345134072
9.251918345266544
9.251918345435652
9.251918345437666
9.251918345624295
9.251918345626553
9.251924485217797
9.25192457289868
9.251924685382082
9.251924804846528
9.251924806302998
9.25192493607506
9.251924937683153
9.251925073873235
9.251925075562228
9.251925077719761
9.251925077746012
9.251933434202785
9.25193354901965
9.251933696135595
9.251933852161649
9.251933854062502
9.251934023291334
9.251934025386687
9.251934028063232
9.251934028095707
9.252140991291078
9.252144141874789
9.252148192211996
9.252152504490082
9.25215255712953
9.25215725400589
9.25215731228586
9.252157386736851
9.252157387641475
9.252162469559792
9.252162533758096
9.252162615810922
9.252162616808267
9.252162707299423
9.252162708417595
9.25216280308979
9.252162804260427
9.252168557953363
9.25216863250214
9.25216872785352
9.252168729012876
9.25232240526698
9.252324612345593
9.252327444225905
9.252330452477771
9.252330489154634
9.252333757691279
9.252333798194849
9.252333849934711
9.252333850563398
9.252337377532605
9.252337422024635
9.252337478887927
9.25233747957904
9.252341191232851
9.25234123809745
9.252341297994732
9.252341298722804
9.252347789408374
9.252347875627331
9.252347985986187
9.252348102889616
9.252348104312754
9.252348230944612
9.25234823251133
9.252353177754538
9.252353242005743
9.252353324192445
9.25235341118719
9.252353412245835
9.25235350640285
9.25235350756725
9.252353509054613
9.2523535090727
9.252358237073839
9.252358298095618
9.252358376136147
9.25235845872356
9.252358459728509
9.252358549093794
9.252358550198771
9.252358551610278
9.252358551627449
9.252358647624668
9.252358648832832
9.252358650376877
9.252358650395713
9.25235875093634
9.252358752202806
9.252358753821234
9.252358753840909
9.252358928487421
9.252358930797595
9.252358933754172
9.252358936885589
9.252358936923741
9.252358940315188
9.252358940357166
9.25235894041082
9.2523589404115
9.252358944058258
9.25235894410419
9.252358944162893
9.252358944163584
9.25235894422829
9.252358944229114
9.252358944230116
9.252358944230112
9.25235894815364
9.25235894820399
9.252358948268313
9.252358948336422
9.252358948337305
9.25235894841096
9.252358948411903
9.252358948510995
9.252358948512263
9.252358948513834
9.252358948513832
9.252358952726409
9.252358952780646
9.252358952850017
9.252358952923355
9.252358952999524
9.252358953100554
9.252358953101783
9.252358953247505
9.252358953249342
9.25235895346907
9.25235895347201
9.252358953631456
9.252358953633516
9.252358953636115
9.252358953636156
9.252358953638977
9.252358953639117
9.252358953642078
9.252358953642062
9.252358953645203
9.252358953645258
9.252358953650655
9.252358953650646
9.252358953650825
9.252358953650756
9.252358953811807
9.252358953814085
9.252358953816982
9.252358953817067
9.252358954002592
9.252358954005018
9.252358954008054
9.252358954008134
9.252358954286558
9.252358954290399
9.252358954295254
9.252358954295325
9.252358954300727
9.252358954300732
9.252358954300872
9.252358954300869
9.252359142070521
9.252359145187851
9.25235914920789
9.25235915350348
9.252359153556114
9.252359158253174
9.252359158311581
9.252359158386197
9.252359158387138
9.252359163491521
9.252359163556179
9.25235916363884
9.25235916363983
9.252359163730901
9.252359163732011
9.252359169490436
9.252359169565139
9.252359169660643
9.252359169761874
9.25235916989596
9.252359169897712
9.252359170052703
9.252359170054593
9.25252492650564
9.252527615391442
9.252531079931629
9.25253477818122
9.25253482338315
9.25253886296561
9.252538913160267
9.252538977284289
9.25253897806337
9.25254336257844
9.252543418051474
9.252543488954629
9.252543489816421
9.252548132837028
9.252548191644125
9.252548266811395
9.252548267724851
9.252556458623843
9.252556568028062
9.252556708085898
9.252556856477709
9.252556858284228
9.252557019057594
9.252557021046842
9.252563327117578
9.252563409394526
9.252563514650982
9.252563626080772
9.2525636274369
9.252563748058904
9.252563749550726
9.252563751456183
9.252563751479347
9.252563881109023
9.252563882740727
9.252563884826092
9.252563887031249
9.2525638870579
9.252563889441777
9.2525638894713
9.252563892673795
9.252563892714239
9.252563892765991
9.252563892766602
9.252564034917949
9.252564036745486
9.252564039082328
9.252564041555058
9.252564041585106
9.252564044260307
9.25256404429351
9.252564044335578
9.25256404433619
9.252570380349995
9.25257046424197
9.252570571610965
9.252570685334476
9.252570686718787
9.252570809890667
9.252570811414547
9.252570813360919
9.25257081338443
9.252570945833451
9.252570947501143
9.252570949632482
9.252570949658438
9.252570952008787
9.252570952037729
9.252571091925631
9.252571093690065
9.252571095944923
9.25257109597236
9.252571339162788
9.252571342384659
9.25257134650803
9.25257135087573
9.252571350928875
9.25257135565947
9.252571355718015
9.252571360667122
9.252571360728407
9.25257136080665
9.25257136088934
9.252571360998846
9.25257136100023
9.252571361126439
9.252571361128021
9.252571361130016
9.252571361130068
9.252571542526542
9.252571544915542
9.252571547972572
9.252571551209925
9.25257155124942
9.252571554755018
9.252571554798445
9.25257181293696
9.252571816385094
9.252571820799313
9.252571825476217
9.252571825533094
9.252571830600237
9.252571830662957
9.252571835965878
9.252571836031596
9.252571836115418
9.252571836116463
9.252572034989026
9.25257203755757
9.252572040842452
9.25257204431892
9.25257204436117
9.252572048122921
9.252572048169505
9.252572052101087
9.252572052149773
9.252572052211878
9.25257205221271
9.252572056412639
9.252572056465477
9.252572056533111
9.252572056604553
9.25257205660542
9.252572056682661
9.252572056683658
9.252572056787379
9.252572056788738
9.25257205679034
9.252572056790388
9.252572056792234
9.252572056792314
9.252572056792308
9.252572056792259
9.252572479230945
9.25257248531804
9.252572493129291
9.252572501428034
9.252572501529192
9.252572510547148
9.2525725106589
9.252572510801688
9.252572510803361
9.252572520535772
9.25257252065864
9.252572520815498
9.252572520981415
9.252572521201305
9.252572521386494
9.25257252170234
9.252572521706291
9.252572522193084
9.252572522199564
9.252572523173013
9.252572523187556
9.252584013988638
9.252584246251633
9.252584548218206
9.252584873963524
9.252584877966893
9.252585237914492
9.25258524241415
9.252585248163614
9.252585248233398
9.252585643972662
9.25258564901273
9.252585655456034
9.252585655534356
9.252585662642147
9.252585662730013
9.252585662842193
9.252585662843552
9.252586099213477
9.25258610488324
9.252586112135646
9.25258611222387
9.252586120229823
9.252586120328777
9.252586128713284
9.252586128817049
9.25258614009978
9.252586140242503
9.252586140425002
9.252586140427141
9.252586863666536
9.252586874000166
9.252586887256937
9.252586901336702
9.252586920094883
9.252586935973733
9.252586963244386
9.252586963592737
9.252587006089517
9.25258700666533
9.252588247925335
9.252588267986674
9.252588293831595
9.252588321415718
9.252588321752796
9.252588351877762
9.252588352252001
9.2525883527302
9.25258835273598
9.252588385427142
9.252588385840777
9.252588386369311
9.252588386375777
9.252588386958738
9.252588386965858
9.252588421838494
9.252588422280608
9.252588422845609
9.252588423443171
9.252588424062587
9.252588424884348
9.252588424894558
9.252588426078589
9.252588426093974
9.252588473239319
9.252588473895946
9.252588474737776
9.252588475630834
9.25258847564177
9.252588476610905
9.252588476622943
9.252588477931113
9.252588477947608
9.252588477968867
9.25258847796918
9.252588477992504
9.252588477992699
9.252588539747327
9.25258854059904
9.252588541690624
9.252588542848423
9.252588542862469
9.252588544118385
9.252588544133953
9.252588544153943
9.252588544154086
9.252600365957653
9.252600535431949
9.252600752868869
9.252600983832256
9.25260098664799
9.252601237576307
9.25260124068544
9.252601244657162
9.252601244705437
9.252601515451616
9.252601518866694
9.252601523231316
9.2526015232844
9.25260152809749
9.252601528156893
9.252601533192287
9.252601533254499
9.252601538480848
9.252601538545537
9.252601547456877
9.252601547572286
9.252601547719838
9.252601547721538
9.252601920716092
9.252601925993652
9.252601932761907
9.252601932844396
9.252602813858907
9.252602828094272
9.252602846433668
9.252602866006828
9.252602866246026
9.25260288762192
9.252602887887567
9.252602888226836
9.252602888231038
9.252602911427621
9.252602911720999
9.252602912096108
9.25260291249272
9.252602912497531
9.252602912926474
9.25260291293176
9.25260291293849
9.25260291293866
9.252602913398988
9.25260291340477
9.252602913412211
9.25260291342001
9.252602913420075
9.252602913428547
9.252602913428685
9.25260291391665
9.252602913922782
9.252602913930636
9.252602913939032
9.252602913939027
9.252602913948072
9.252602913948163
9.252983616765052
9.252990624638546
9.252999698441585
9.253009440024284
9.253009559436482
9.253020267164207
9.253020400638814
9.25302057116682
9.253020573238746
9.253032276508225
9.253032425092774
9.253032615023798
9.25303261733211
9.253045103903489
9.25304526263987
9.25304546555519
9.253045468021234
9.253067730833695
9.253068030171065
9.253068413450592
9.253068819629108
9.253068824574267
9.253069264751282
9.25306927019766
9.253086629946104
9.253086857602167
9.253087148881239
9.253087457296552
9.253087461049784
9.253087794968085
9.253087799097674
9.253087804372484
9.253087804436488
9.253088163362031
9.25308816787998
9.253088173653953
9.253088179759116
9.25308818784981
9.25308818795018
9.253088197274842
9.253088197392831
9.25308863972958
9.253088645630985
9.253088653185667
9.25308866118941
9.253088661286911
9.253088669958139
9.253088670065399
9.253088679139617
9.253088679251974
9.253088688695147
9.25308868881213
9.253088704981103
9.253088705190867
9.253088705459176
9.253088705462474
9.254560150372086
9.254598703508847
9.254649497900513
9.254705162760285
9.254705852264252
9.25476844961311
9.254769239030717
9.254770247883744
9.254770260138352
9.254840456094431
9.254841358852227
9.254842513196117
9.254842527222364
9.254943464091053
9.25494480541388
9.254946522193402
9.254946543064328
9.255036845975686
9.255038015636107
9.255039511567427
9.255039529745286
9.255262013702346
9.255265262898845
9.255269433879583
9.255269484668052
9.25527410881519
9.255274166073608
9.255274239209909
9.255274240097982
9.255750936476932
9.255759048954861
9.255769519405655
9.255780719110163
9.255795767469303
9.25579595555714
9.2558136014522
9.255813826560944
9.25607379006347
9.256077323526835
9.256081849009592
9.256086646581672
9.256093023649175
9.256093102854521
9.256100480421946
9.25610057385001
9.256100693258677
9.256100694708628
9.256106919661589
9.256106998168498
9.256107098495008
9.256107099713343
9.256113408278415
9.256113487825512
9.25611358948105
9.256113590715458
9.256122231897239
9.256122343596967
9.256122486442804
9.256122488178026
9.25612264582849
9.25612264777563
9.256122650262554
9.256122650292664
9.256671052540883
9.256680096936602
9.256691756056249
9.256704209887653
9.25670436201836
9.256717974774727
9.256718143828904
9.256718359771801
9.25671836239306
9.256733148892613
9.256733335869619
9.256733574828282
9.256733827531331
9.256734162438601
9.25673416659061
9.256734552622172
9.256734557500478
9.256734563734927
9.256734563810696
9.256751024407365
9.256751237157486
9.256751509225287
9.256751797151084
9.256752179070116
9.256752500946538
9.256753050533042
9.256753057520864
9.256753905987381
9.256753917408496
9.256755619831479
9.25675564524677
9.25762693321111
9.257647875178753
9.257675332067205
9.25770524975295
9.25770561897248
9.257739047175845
9.257739467038299
9.257740003510808
9.257740010022628
9.257777224063448
9.257777700535554
9.25777830967375
9.257778317069548
9.257818826881845
9.257819346604947
9.257820011074402
9.257820019142349
9.25789434694027
9.25789536382454
9.257896666407554
9.257898047617603
9.257899483287481
9.257901393714224
9.257901417448595
9.257903630678635
9.257903658716563
9.25790547062314
9.257905493091574
9.25790552178961
9.257905522137895
9.257905553764598
9.257905554154897
9.257965237906623
9.257966029078258
9.257967041563585
9.257968113978245
9.257969537893064
9.257970739278147
9.257972793170298
9.25797281929998
9.257975996779093
9.257976039594105
9.257981366131308
9.257981442835364
9.257981541248895
9.257981542446405
9.257981651487851
9.25798165283685
9.258086575749786
9.25808809595236
9.258090046795505
9.258092119751089
9.258092144996736
9.258094397966406
9.258094425853923
9.258094461472146
9.25809446190449
9.258175076408193
9.25817615193671
9.258177528579004
9.258178987027145
9.258179004761049
9.258180584724398
9.258180604248032
9.258180629182583
9.25818062948502
9.258182328852717
9.258182350226386
9.258182377536984
9.2581823778686
9.258182407980504
9.258182408352095
9.258182408826592
9.258182408832383
9.258184789006574
9.258184820254494
9.258184860231252
9.258184902560256
9.258184958740575
9.25818495943755
9.25818502431219
9.258185025132686
9.258185026181096
9.258185026193653
9.258185080836105
9.25818508152429
9.25818508240371
9.258185082414519
9.258185083384173
9.258185083396237
9.258185084410606
9.258185084423092
9.25818508443903
9.258185084439269
9.258187286449209
9.258187316060875
9.258187353972012
9.258187354432714
9.258190536518594
9.258190579109662
9.258190633630385
9.25819063429263
9.258195715769554
9.258195787529214
9.258195879540802
9.258195880659812
9.258195982531182
9.258195983791028
9.258195985399949
9.258195985419457
9.258205745124208
9.258205900099325
9.258206099598663
9.258206312357514
9.258206597183769
9.258206600734225
9.258206933202628
9.25820693743129
9.258222756876677
9.258223026963234
9.25822337558148
9.25822374853609
9.258223753094152
9.258224161440808
9.258224166514816
9.258230523561613
9.258230608148045
9.258230716407335
9.258230831089366
9.25823083248385
9.25823095670844
9.258230958243587
9.258231088225443
9.258231089832725
9.258231091885397
9.258231091910412
9.258235985860859
9.258236049603507
9.258236131133806
9.258236217437947
9.258236218486894
9.258236311898438
9.258236313052013
9.258236314525506
9.25823631454352
9.25823641491642
9.25823641617812
9.258236417790418
9.258236417809911
9.25823641958767
9.25823641960944
9.258236525538097
9.258236526871926
9.258236528576344
9.258236530378351
9.258236532246125
9.258236534722577
9.258236534753346
9.25823653831916
9.25823653836522
9.258236543727552
9.258236543799852
9.258236546647343
9.258236546682538
9.25823654672789
9.25823654672845
9.25823654677836
9.258236546778765
9.258236546779521
9.25823654677971
9.258236667761114
9.258236669347204
9.258236671376237
9.258236673524562
9.258236675754219
9.258236678715583
9.258236678752333
9.258236682175006
9.258236682218445
9.258236685014245
9.258236685048837
9.258236685093125
9.258236685093484
9.258236685142252
9.258236685142824
9.258236685143675
9.258236685143716
9.258236688108713
9.258236688146704
9.258236688195359
9.258236688195877
9.25823668824954
9.258236688250115
9.2582366882509
9.258236688251042
9.258236876287077
9.258236878906972
9.25823688226474
9.258236885827726
9.258236885871014
9.258236889737132
9.258236889784904
9.258236889846062
9.258236889846673
9.258236894012635
9.258236894065048
9.258236894132173
9.258236894203066
9.258236894296813
9.258236894298134
9.258236894406213
9.258236894407558
9.25823689955597
9.25823689962473
9.258236899712703
9.258236899805766
9.258236899806871
9.258236899907942
9.258236899908994
9.258236900014632
9.258236900016108
9.258236900017724
9.258236900017774
9.25823690013061
9.25823690013218
9.258236900133937
9.258236900134008
9.259789636766232
9.259819395504207
9.259857980511322
9.25989947796328
9.25989998633749
9.259945685177856
9.259946254517176
9.2599469817765
9.259946990598767
9.259997041896852
9.25999767702945
9.259998488752908
9.259998498602357
9.260052021416621
9.260052701523227
9.260053570756984
9.260053581304453
9.260149270080872
9.260150557073361
9.260152204705035
9.260152224716323
9.260154045551051
9.26015406803592
9.2601559774186
9.260156001015208
9.260156031149933
9.260156031515379
9.260292002550209
9.260293958793534
9.260296468490775
9.260299134537414
9.260302686678969
9.260302730819241
9.260306852570661
9.26030690480379
9.260579292973345
9.260583699707093
9.260589375946033
9.260595434049685
9.26059550795807
9.260602123668292
9.26060220571768
9.260602310510397
9.260602311781497
9.260609490564551
9.260609581214759
9.260609697051255
9.260609819541964
9.260609981850171
9.26060998386058
9.26061017091355
9.260610173275166
9.260610438749554
9.26061044220609
9.260610613873611
9.260610616000568
9.260610618717035
9.260610618750084
9.260618716825352
9.260618821392555
9.260618955098336
9.260619096589725
9.260619284240752
9.260619286566294
9.260619503063698
9.260619505798559
9.260632506200551
9.260632686694082
9.26063291798832
9.260633163369876
9.260633166354147
9.260633432580141
9.26063343587067
9.260633440072953
9.260633440123934
9.260633726942284
9.260633730550838
9.26063373516146
9.26063374003634
9.260633740095566
9.260633745365036
9.260633745430066
9.260633750931992
9.260633750999808
9.260633751086576
9.26063375117823
9.260633751179409
9.260633751278325
9.260633751279547
9.260633751412543
9.26063375141404
9.260633751416307
