0, 1
1, 2
2, 3
3, 4
4, 5
5, 6
6, 7
7, 8
8, 9
9, 10
10, 11
11, 12
12, 13
13, 14
14, 15
15, 16
16, 17
17, 18
18, 19
19, 20
20, 21
21, 22
22, 23
23, 24
24, 25
25, 26
26, 27
27, 28
28, 29
29, 30
30, 31
31, 32
32, 33
33, 34
34, 35
35, 36
36, 37
37, 38
38, 39
39, 40
40, 41
41, 42
42, 43
43, 44
44, 45
45, 46
46, 47
47, 48
48, 49
49, 50
50, 51
51, 52
52, 53
53, 54
54, 55
55, 56
56, 57
57, 58
58, 59
59, 60
60, 61
61, 62
62, 63
63, 64
64, 65
65, 66
66, 67
67, 68
68, 69
69, 70
70, 71
71, 72
72, 73
73, 74
74, 75
75, 76
76, 77
77, 78
78, 79
79, 80
80, 81
81, 82
82, 83
83, 84
84, 85
85, 86
86, 87
87, 88
88, 89
89, 90
90, 91
91, 92
92, 93
93, 94
94, 95
95, 96
96, 97
97, 98
98, 99
99, 100
100, 101
101, 102
102, 103
103, 104
104, 105
105, 106
106, 107
107, 108
108, 109
109, 110
110, 111
111, 112
112, 113
113, 114
114, 115
115, 116
116, 117
117, 118
118, 119
119, 120
120, 121
121, 122
122, 123
123, 124
124, 125
125, 126
126, 127
127, 128
128, 129
129, 130
130, 131
131, 132
132, 133
133, 134
134, 135
135, 136
136, 137
137, 138
138, 139
139, 140
140, 141
141, 142
142, 143
143, 144
144, 145
145, 146
146, 147
147, 148
148, 149
149, 150
150, 151
151, 152
152, 153
153, 154
154, 155
155, 156
156, 157
157, 158
158, 159
159, 160
160, 161
161, 162
162, 163
163, 164
164, 165
165, 166
166, 167
167, 168
168, 169
169, 170
170, 171
171, 172
172, 173
173, 174
174, 175
175, 176
176, 177
177, 178
178, 179
179, 180
180, 181
181, 182
182, 183
183, 184
184, 185
185, 186
186, 187
187, 188
188, 189
189, 190
190, 191
191, 192
192, 193
193, 194
194, 195
195, 196
196, 197
197, 198
198, 199
199, 200
200, 201
201, 202
202, 203
203, 204
204, 205
205, 206
206, 207
207, 208
208, 209
209, 210
210, 211
211, 212
212, 213
213, 214
214, 215
215, 216
216, 217
217, 218
218, 219
219, 220
220, 221
221, 222
222, 223
223, 224
224, 225
225, 226
226, 227
227, 228
228, 229
229, 230
230, 231
231, 232
232, 233
233, 234
234, 235
235, 236
236, 237
237, 238
238, 239
239, 240
240, 241
241, 242
242, 243
243, 244
244, 245
245, 246
246, 247
247, 248
248, 249
249, 250
250, 251
251, 252
252, 253
253, 254
254, 255
255, 256
256, 257
257, 258
258, 259
259, 260
260, 261
261, 262
262, 263
263, 264
264, 265
265, 266
266, 267
267, 268
268, 269
269, 270
270, 271
271, 272
272, 273
273, 274
274, 275
275, 276
276, 277
277, 278
278, 279
279, 280
280, 281
281, 282
282, 283
283, 284
284, 285
285, 286
286, 287
287, 288
288, 289
289, 290
290, 291
291, 292
292, 293
293, 294
294, 295
295, 296
296, 297
297, 298
298, 299
299, 300
300, 301
301, 302
302, 303
303, 304
304, 305
305, 306
306, 307
307, 308
308, 309
309, 310
310, 311
311, 312
312, 313
313, 314
314, 315
315, 316
316, 317
317, 318
318, 319
319, 320
320, 321
321, 322
322, 323
323, 324
324, 325
325, 326
326, 327
327, 328
328, 329
329, 330
330, 331
331, 332
332, 333
333, 334
334, 335
335, 336
336, 337
337, 338
338, 339
339, 340
340, 341
341, 342
342, 343
343, 344
344, 345
345, 346
346, 347
347, 348
348, 349
349, 350
350, 351
351, 352
352, 353
353, 354
354, 355
355, 356
356, 357
357, 358
358, 359
359, 360
360, 361
361, 362
362, 363
363, 364
364, 365
365, 366
366, 367
367, 368
368, 369
369, 370
370, 371
371, 372
372, 373
373, 374
374, 375
375, 376
376, 377
377, 378
378, 379
379, 380
380, 381
381, 382
382, 383
383, 384
384, 385
385, 386
386, 387
387, 388
388, 389
389, 390
390, 391
391, 392
392, 393
393, 394
394, 395
395, 396
396, 397
397, 398
398, 399
399, 400
400, 401
401, 402
402, 403
403, 404
404, 405
405, 406
406, 407
407, 408
408, 409
409, 410
410, 411
411, 412
412, 413
413, 414
414, 415
415, 416
416, 417
417, 418
418, 419
419, 420
420, 421
421, 422
422, 423
423, 424
424, 425
425, 426
426, 427
427, 428
428, 429
429, 430
430, 431
431, 432
432, 433
433, 434
434, 435
435, 436
436, 437
437, 438
438, 439
439, 440
440, 441
441, 442
442, 443
443, 444
444, 445
445, 446
446, 447
447, 448
448, 449
449, 450
450, 451
451, 452
452, 453
453, 454
454, 455
455, 456
456, 457
457, 458
458, 459
459, 460
460, 461
461, 462
462, 463
463, 464
464, 465
465, 466
466, 467
467, 468
468, 469
469, 470
470, 471
471, 472
472, 473
473, 474
474, 475
475, 476
476, 477
477, 478
478, 479
479, 480
480, 481
481, 482
482, 483
483, 484
484, 485
485, 486
486, 487
487, 488
488, 489
489, 490
490, 491
491, 492
492, 493
493, 494
494, 495
495, 496
496, 497
497, 498
498, 499
499, 500
500, 501
501, 502
502, 503
503, 504
504, 505
505, 506
506, 507
507, 508
508, 509
509, 510
510, 511
511, 512
512, 513
513, 514
514, 515
515, 516
516, 517
517, 518
518, 519
519, 520
520, 521
521, 522
522, 523
523, 524
524, 525
525, 526
526, 527
527, 528
528, 529
529, 530
530, 531
531, 532
532, 533
533, 534
534, 535
535, 536
536, 537
537, 538
538, 539
539, 540
540, 541
541, 542
542, 543
543, 544
544, 545
545, 546
546, 547
547, 548
548, 549
549, 550
550, 551
551, 552
552, 553
553, 554
554, 555
555, 556
556, 557
557, 558
558, 559
559, 560
560, 561
561, 562
562, 563
563, 564
564, 565
565, 566
566, 567
567, 568
568, 569
569, 570
570, 571
571, 572
572, 573
573, 574
574, 575
575, 576
576, 577
577, 578
578, 579
579, 580
580, 581
581, 582
582, 583
583, 584
584, 585
585, 586
586, 587
587, 588
588, 589
589, 590
590, 591
591, 592
592, 593
593, 594
594, 595
595, 596
596, 597
597, 598
598, 599
599, 600
600, 601
601, 602
602, 603
603, 604
604, 605
605, 606
606, 607
607, 608
608, 609
609, 610
610, 611
611, 612
612, 613
613, 614
614, 615
615, 616
616, 617
617, 618
618, 619
619, 620
620, 621
621, 622
622, 623
623, 624
624, 625
625, 626
626, 627
627, 628
628, 629
629, 630
630, 631
631, 632
632, 633
633, 634
634, 635
635, 636
636, 637
637, 638
638, 639
639, 640
640, 641
641, 642
642, 643
643, 644
644, 645
645, 646
646, 647
647, 648
648, 649
649, 650
650, 651
651, 652
652, 653
653, 654
654, 655
655, 656
656, 657
657, 658
658, 659
659, 660
660, 661
661, 662
662, 663
663, 664
664, 665
665, 666
666, 667
667, 668
668, 669
669, 670
670, 671
671, 672
672, 673
673, 674
674, 675
675, 676
676, 677
677, 678
678, 679
679, 680
680, 681
681, 682
682, 683
683, 684
684, 685
685, 686
686, 687
687, 688
688, 689
689, 690
690, 691
691, 692
692, 693
693, 694
694, 695
695, 696
696, 697
697, 698
698, 699
699, 700
700, 701
701, 702
702, 703
703, 704
704, 705
705, 706
706, 707
707, 708
708, 709
709, 710
710, 711
711, 712
712, 713
713, 714
714, 715
715, 716
716, 717
717, 718
718, 719
719, 720
720, 721
721, 722
722, 723
723, 724
724, 725
725, 726
726, 727
727, 728
728, 729
729, 730
730, 731
731, 732
732, 733
733, 734
734, 735
735, 736
736, 737
737, 738
738, 739
739, 740
740, 741
741, 742
742, 743
743, 744
744, 745
745, 746
746, 747
747, 748
748, 749
749, 750
750, 751
751, 752
752, 753
753, 754
754, 755
755, 756
756, 757
757, 758
758, 759
759, 760
760, 761
761, 762
762, 763
763, 764
764, 765
765, 766
766, 767
767, 768
768, 769
769, 770
770, 771
771, 772
772, 773
773, 774
774, 775
775, 776
776, 777
777, 778
778, 779
779, 780
780, 781
781, 782
782, 783
783, 784
784, 785
785, 786
786, 787
787, 788
788, 789
789, 790
790, 791
791, 792
792, 793
793, 794
794, 795
795, 796
796, 797
797, 798
798, 799
799, 800
800, 801
801, 802
802, 803
803, 804
804, 805
805, 806
806, 807
807, 808
808, 809
809, 810
810, 811
811, 812
812, 813
813, 814
814, 815
815, 816
816, 817
817, 818
818, 819
819, 820
820, 821
821, 822
822, 823
823, 824
824, 825
825, 826
826, 827
827, 828
828, 829
829, 830
830, 831
831, 832
832, 833
833, 834
834, 835
835, 836
836, 837
837, 838
838, 839
839, 840
840, 841
841, 842
842, 843
843, 844
844, 845
845, 846
846, 847
847, 848
848, 849
849, 850
850, 851
851, 852
852, 853
853, 854
854, 855
855, 856
856, 857
857, 858
858, 859
859, 860
860, 861
861, 862
862, 863
863, 864
864, 865
865, 866
866, 867
867, 868
868, 869
869, 870
870, 871
871, 872
872, 873
873, 874
874, 875
875, 876
876, 877
877, 878
878, 879
879, 880
880, 881
881, 882
882, 883
883, 884
884, 885
885, 886
886, 887
887, 888
888, 889
889, 890
890, 891
891, 892
892, 893
893, 894
894, 895
895, 896
896, 897
897, 898
898, 899
899, 900
900, 901
901, 902
902, 903
903, 904
904, 905
905, 906
906, 907
907, 908
908, 909
909, 910
910, 911
911, 912
912, 913
913, 914
914, 915
915, 916
916, 917
917, 918
918, 919
919, 920
920, 921
921, 922
922, 923
923, 924
924, 925
925, 926
926, 927
927, 928
928, 929
929, 930
930, 931
931, 932
932, 933
933, 934
934, 935
935, 936
936, 937
937, 938
938, 939
939, 940
940, 941
941, 942
942, 943
943, 944
944, 945
945, 946
946, 947
947, 948
948, 949
949, 950
950, 951
951, 952
952, 953
953, 954
954, 955
955, 956
956, 957
957, 958
958, 959
959, 960
960, 961
961, 962
962, 963
963, 964
964, 965
965, 966
966, 967
967, 968
968, 969
969, 970
970, 971
971, 972
972, 973
973, 974
974, 975
975, 976
976, 977
977, 978
978, 979
979, 980
980, 981
981, 982
982, 983
983, 984
984, 985
985, 986
986, 987
987, 988
988, 989
989, 990
990, 991
991, 992
992, 993
993, 994
994, 995
995, 996
996, 997
997, 998
998, 999
999, 1000
1000, 1001
1001, 1002
1002, 1003
1003, 1004
1004, 1005
1005, 1006
1006, 1007
1007, 1008
1008, 1009
1009, 1010
1010, 1011
1011, 1012
1012, 1013
1013, 1014
1014, 1015
1015, 1016
1016, 1017
1017, 1018
1018, 1019
1019, 1020
1020, 1021
1021, 1022
1022, 1023
1023, 1024
1024, 1025
1025, 1026
1026, 1027
1027, 1028
1028, 1029
1029, 1030
1030, 1031
1031, 1032
1032, 1033
1033, 1034
1034, 1035
1035, 1036
1036, 1037
1037, 1038
1038, 1039
1039, 1040
1040, 1041
1041, 1042
1042, 1043
1043, 1044
1044, 1045
1045, 1046
1046, 1047
1047, 1048
1048, 1049
1049, 1050
1050, 1051
1051, 1052
1052, 1053
1053, 1054
1054, 1055
1055, 1056
1056, 1057
1057, 1058
1058, 1059
1059, 1060
1060, 1061
1061, 1062
1062, 1063
1063, 1064
1064, 1065
1065, 1066
1066, 1067
1067, 1068
1068, 1069
1069, 1070
1070, 1071
1071, 1072
1072, 1073
1073, 1074
1074, 1075
1075, 1076
1076, 1077
1077, 1078
1078, 1079
1079, 1080
1080, 1081
1081, 1082
1082, 1083
1083, 1084
1084, 1085
1085, 1086
1086, 1087
1087, 1088
1088, 1089
1089, 1090
1090, 1091
1091, 1092
1092, 1093
1093, 1094
1094, 1095
1095, 1096
1096, 1097
1097, 1098
1098, 1099
1099, 1100
1100, 1101
1101, 1102
1102, 1103
1103, 1104
1104, 1105
1105, 1106
1106, 1107
1107, 1108
1108, 1109
1109, 1110
1110, 1111
1111, 1112
1112, 1113
1113, 1114
1114, 1115
1115, 1116
1116, 1117
1117, 1118
1118, 1119
1119, 1120
1120, 1121
1121, 1122
1122, 1123
1123, 1124
1124, 1125
1125, 1126
1126, 1127
1127, 1128
1128, 1129
1129, 1130
1130, 1131
1131, 1132
1132, 1133
1133, 1134
1134, 1135
1135, 1136
1136, 1137
1137, 1138
1138, 1139
1139, 1140
1140, 1141
1141, 1142
1142, 1143
1143, 1144
1144, 1145
1145, 1146
1146, 1147
1147, 1148
1148, 1149
1149, 1150
1150, 1151
1151, 1152
1152, 1153
1153, 1154
1154, 1155
1155, 1156
1156, 1157
1157, 1158
1158, 1159
1159, 1160
1160, 1161
1161, 1162
1162, 1163
1163, 1164
1164, 1165
1165, 1166
1166, 1167
1167, 1168
1168, 1169
1169, 1170
1170, 1171
1171, 1172
1172, 1173
1173, 1174
1174, 1175
1175, 1176
1176, 1177
1177, 1178
1178, 1179
1179, 1180
1180, 1181
1181, 1182
1182, 1183
1183, 1184
1184, 1185
1185, 1186
1186, 1187
1187, 1188
1188, 1189
1189, 1190
1190, 1191
1191, 1192
1192, 1193
1193, 1194
1194, 1195
1195, 1196
1196, 1197
1197, 1198
1198, 1199
1199, 1200
1200, 1201
1201, 1202
1202, 1203
1203, 1204
1204, 1205
1205, 1206
1206, 1207
1207, 1208
1208, 1209
1209, 1210
1210, 1211
1211, 1212
1212, 1213
1213, 1214
1214, 1215
1215, 1216
1216, 1217
1217, 1218
1218, 1219
1219, 1220
1220, 1221
1221, 1222
1222, 1223
1223, 1224
1224, 1225
1225, 1226
1226, 1227
1227, 1228
1228, 1229
1229, 1230
1230, 1231
1231, 1232
1232, 1233
1233, 1234
1234, 1235
1235, 1236
1236, 1237
1237, 1238
1238, 1239
1239, 1240
1240, 1241
1241, 1242
1242, 1243
1243, 1244
1244, 1245
1245, 1246
1246, 1247
1247, 1248
1248, 1249
1249, 1250
1250, 1251
1251, 1252
1252, 1253
1253, 1254
1254, 1255
1255, 1256
1256, 1257
1257, 1258
1258, 1259
1259, 1260
1260, 1261
1261, 1262
1262, 1263
1263, 1264
1264, 1265
1265, 1266
1266, 1267
1267, 1268
1268, 1269
1269, 1270
1270, 1271
1271, 1272
1272, 1273
1273, 1274
1274, 1275
1275, 1276
1276, 1277
1277, 1278
1278, 1279
1279, 1280
1280, 1281
1281, 1282
1282, 1283
1283, 1284
1284, 1285
1285, 1286
1286, 1287
1287, 1288
1288, 1289
1289, 1290
1290, 1291
1291, 1292
1292, 1293
1293, 1294
1294, 1295
1295, 1296
1296, 1297
1297, 1298
1298, 1299
1299, 1300
1300, 1301
1301, 1302
1302, 1303
1303, 1304
1304, 1305
1305, 1306
1306, 1307
1307, 1308
1308, 1309
1309, 1310
1310, 1311
1311, 1312
1312, 1313
1313, 1314
1314, 1315
1315, 1316
1316, 1317
1317, 1318
1318, 1319
1319, 1320
1320, 1321
1321, 1322
1322, 1323
1323, 1324
1324, 1325
1325, 1326
1326, 1327
1327, 1328
1328, 1329
1329, 1330
1330, 1331
1331, 1332
1332, 1333
1333, 1334
1334, 1335
1335, 1336
1336, 1337
1337, 1338
1338, 1339
1339, 1340
1340, 1341
1341, 1342
1342, 1343
1343, 1344
1344, 1345
1345, 1346
1346, 1347
1347, 1348
1348, 1349
1349, 1350
1350, 1351
1351, 1352
1352, 1353
1353, 1354
1354, 1355
1355, 1356
1356, 1357
1357, 1358
1358, 1359
1359, 1360
1360, 1361
1361, 1362
1362, 1363
1363, 1364
1364, 1365
1365, 1366
1366, 1367
1367, 1368
1368, 1369
1369, 1370
1370, 1371
1371, 1372
1372, 1373
1373, 1374
1374, 1375
1375, 1376
1376, 1377
1377, 1378
1378, 1379
1379, 1380
1380, 1381
1381, 1382
1382, 1383
1383, 1384
1384, 1385
1385, 1386
1386, 1387
1387, 1388
1388, 1389
1389, 1390
1390, 1391
1391, 1392
1392, 1393
1393, 1394
1394, 1395
1395, 1396
1396, 1397
1397, 1398
1398, 1399
1399, 1400
1400, 1401
1401, 1402
1402, 1403
1403, 1404
1404, 1405
1405, 1406
1406, 1407
1407, 1408
1408, 1409
1409, 1410
1410, 1411
1411, 1412
1412, 1413
1413, 1414
1414, 1415
1415, 1416
1416, 1417
1417, 1418
1418, 1419
1419, 1420
1420, 1421
1421, 1422
1422, 1423
1423, 1424
1424, 1425
1425, 1426
1426, 1427
1427, 1428
1428, 1429
1429, 1430
1430, 1431
1431, 1432
1432, 1433
1433, 1434
1434, 1435
1435, 1436
1436, 1437
1437, 1438
1438, 1439
1439, 1440
1440, 1441
1441, 1442
1442, 1443
1443, 1444
1444, 1445
1445, 1446
1446, 1447
1447, 1448
1448, 1449
1449, 1450
1450, 1451
1451, 1452
1452, 1453
1453, 1454
1454, 1455
1455, 1456
1456, 1457
1457, 1458
1458, 1459
1459, 1460
1460, 1461
1461, 1462
1462, 1463
1463, 1464
1464, 1465
1465, 1466
1466, 1467
1467, 1468
1468, 1469
1469, 1470
1470, 1471
1471, 1472
1472, 1473
1473, 1474
1474, 1475
1475, 1476
1476, 1477
1477, 1478
1478, 1479
1479, 1480
1480, 1481
1481, 1482
1482, 1483
1483, 1484
1484, 1485
1485, 1486
1486, 1487
1487, 1488
1488, 1489
1489, 1490
1490, 1491
1491, 1492
1492, 1493
1493, 1494
1494, 1495
1495, 1496
1496, 1497
1497, 1498
1498, 1499
1499, 1500
1500, 1501
1501, 1502
1502, 1503
1503, 1504
1504, 1505
1505, 1506
1506, 1507
1507, 1508
1508, 1509
1509, 1510
1510, 1511
1511, 1512
1512, 1513
1513, 1514
1514, 1515
1515, 1516
1516, 1517
1517, 1518
1518, 1519
1519, 1520
1520, 1521
1521, 1522
1522, 1523
1523, 1524
1524, 1525
1525, 1526
1526, 1527
1527, 1528
1528, 1529
1529, 1530
1530, 1531
1531, 1532
1532, 1533
1533, 1534
1534, 1535
1535, 1536
1536, 1537
1537, 1538
1538, 1539
1539, 1540
1540, 1541
1541, 1542
1542, 1543
1543, 1544
1544, 1545
1545, 1546
1546, 1547
1547, 1548
1548, 1549
1549, 1550
1550, 1551
1551, 1552
1552, 1553
1553, 1554
1554, 1555
1555, 1556
1556, 1557
1557, 1558
1558, 1559
1559, 1560
1560, 1561
1561, 1562
1562, 1563
1563, 1564
1564, 1565
1565, 1566
1566, 1567
1567, 1568
1568, 1569
1569, 1570
1570, 1571
1571, 1572
1572, 1573
1573, 1574
1574, 1575
1575, 1576
1576, 1577
1577, 1578
1578, 1579
1579, 1580
1580, 1581
1581, 1582
1582, 1583
1583, 1584
1584, 1585
1585, 1586
1586, 1587
1587, 1588
1588, 1589
1589, 1590
1590, 1591
1591, 1592
1592, 1593
1593, 1594
1594, 1595
1595, 1596
1596, 1597
1597, 1598
1598, 1599
1599, 1600
1600, 1601
1601, 1602
1602, 1603
1603, 1604
1604, 1605
1605, 1606
1606, 1607
1607, 1608
1608, 1609
1609, 1610
1610, 1611
1611, 1612
1612, 1613
1613, 1614
1614, 1615
1615, 1616
1616, 1617
1617, 1618
1618, 1619
1619, 1620
1620, 1621
1621, 1622
1622, 1623
1623, 1624
1624, 1625
1625, 1626
1626, 1627
1627, 1628
1628, 1629
1629, 1630
1630, 1631
1631, 1632
1632, 1633
1633, 1634
1634, 1635
1635, 1636
1636, 1637
1637, 1638
1638, 1639
1639, 1640
1640, 1641
1641, 1642
1642, 1643
1643, 1644
1644, 1645
1645, 1646
1646, 1647
1647, 1648
1648, 1649
1649, 1650
1650, 1651
1651, 1652
1652, 1653
1653, 1654
1654, 1655
1655, 1656
1656, 1657
1657, 1658
1658, 1659
1659, 1660
1660, 1661
1661, 1662
1662, 1663
1663, 1664
1664, 1665
1665, 1666
1666, 1667
1667, 1668
1668, 1669
1669, 1670
1670, 1671
1671, 1672
1672, 1673
1673, 1674
1674, 1675
1675, 1676
1676, 1677
1677, 1678
1678, 1679
1679, 1680
1680, 1681
1681, 1682
1682, 1683
1683, 1684
1684, 1685
1685, 1686
1686, 1687
1687, 1688
1688, 1689
1689, 1690
1690, 1691
1691, 1692
1692, 1693
1693, 1694
1694, 1695
1695, 1696
1696, 1697
1697, 1698
1698, 1699
1699, 1700
1700, 1701
1701, 1702
1702, 1703
1703, 1704
1704, 1705
1705, 1706
1706, 1707
1707, 1708
1708, 1709
1709, 1710
1710, 1711
1711, 1712
1712, 1713
1713, 1714
1714, 1715
1715, 1716
1716, 1717
1717, 1718
1718, 1719
1719, 1720
1720, 1721
1721, 1722
1722, 1723
1723, 1724
1724, 1725
1725, 1726
1726, 1727
1727, 1728
1728, 1729
1729, 1730
1730, 1731
1731, 1732
1732, 1733
1733, 1734
1734, 1735
1735, 1736
1736, 1737
1737, 1738
1738, 1739
1739, 1740
1740, 1741
1741, 1742
1742, 1743
1743, 1744
1744, 1745
1745, 1746
1746, 1747
1747, 1748
1748, 1749
1749, 1750
1750, 1751
1751, 1752
1752, 1753
1753, 1754
1754, 1755
1755, 1756
1756, 1757
1757, 1758
1758, 1759
1759, 1760
1760, 1761
1761, 1762
1762, 1763
1763, 1764
1764, 1765
1765, 1766
1766, 1767
1767, 1768
1768, 1769
1769, 1770
1770, 1771
1771, 1772
1772, 1773
1773, 1774
1774, 1775
1775, 1776
1776, 1777
1777, 1778
1778, 1779
1779, 1780
1780, 1781
1781, 1782
1782, 1783
1783, 1784
1784, 1785
1785, 1786
1786, 1787
1787, 1788
1788, 1789
1789, 1790
1790, 1791
1791, 1792
1792, 1793
1793, 1794
1794, 1795
1795, 1796
1796, 1797
1797, 1798
1798, 1799
1799, 1800
1800, 1801
1801, 1802
1802, 1803
1803, 1804
1804, 1805
1805, 1806
1806, 1807
1807, 1808
1808, 1809
1809, 1810
1810, 1811
1811, 1812
1812, 1813
1813, 1814
1814, 1815
1815, 1816
1816, 1817
1817, 1818
1818, 1819
1819, 1820
1820, 1821
1821, 1822
1822, 1823
1823, 1824
1824, 1825
1825, 1826
1826, 1827
1827, 1828
1828, 1829
1829, 1830
1830, 1831
1831, 1832
1832, 1833
1833, 1834
1834, 1835
1835, 1836
1836, 1837
1837, 1838
1838, 1839
1839, 1840
1840, 1841
1841, 1842
1842, 1843
1843, 1844
1844, 1845
1845, 1846
1846, 1847
1847, 1848
1848, 1849
1849, 1850
1850, 1851
1851, 1852
1852, 1853
1853, 1854
1854, 1855
1855, 1856
1856, 1857
1857, 1858
1858, 1859
1859, 1860
1860, 1861
1861, 1862
1862, 1863
1863, 1864
1864, 1865
1865, 1866
1866, 1867
1867, 1868
1868, 1869
1869, 1870
1870, 1871
1871, 1872
1872, 1873
1873, 1874
1874, 1875
1875, 1876
1876, 1877
1877, 1878
1878, 1879
1879, 1880
1880, 1881
1881, 1882
1882, 1883
1883, 1884
1884, 1885
1885, 1886
1886, 1887
1887, 1888
1888, 1889
1889, 1890
1890, 1891
1891, 1892
1892, 1893
1893, 1894
1894, 1895
1895, 1896
1896, 1897
1897, 1898
1898, 1899
1899, 1900
1900, 1901
1901, 1902
1902, 1903
1903, 1904
1904, 1905
1905, 1906
1906, 1907
1907, 1908
1908, 1909
1909, 1910
1910, 1911
1911, 1912
1912, 1913
1913, 1914
1914, 1915
1915, 1916
1916, 1917
1917, 1918
1918, 1919
1919, 1920
1920, 1921
1921, 1922
1922, 1923
1923, 1924
1924, 1925
1925, 1926
1926, 1927
1927, 1928
1928, 1929
1929, 1930
1930, 1931
1931, 1932
1932, 1933
1933, 1934
1934, 1935
1935, 1936
1936, 1937
1937, 1938
1938, 1939
1939, 1940
1940, 1941
1941, 1942
1942, 1943
1943, 1944
1944, 1945
1945, 1946
1946, 1947
1947, 1948
1948, 1949
1949, 1950
1950, 1951
1951, 1952
1952, 1953
1953, 1954
1954, 1955
1955, 1956
1956, 1957
1957, 1958
1958, 1959
0, 2
2, 4
4, 6
7, 9
9, 11
11, 13
13, 15
14, 16
16, 18
17, 19
19, 21
20, 22
22, 24
23, 25
25, 27
26, 28
28, 30
29, 31
31, 33
32, 34
34, 36
35, 37
37, 39
38, 40
40, 42
41, 43
43, 45
44, 46
46, 48
47, 49
49, 51
50, 52
52, 54
53, 55
55, 57
56, 58
58, 60
59, 61
61, 63
62, 64
64, 66
65, 67
67, 69
68, 70
70, 72
71, 73
73, 75
74, 76
76, 78
77, 79
79, 81
80, 82
82, 84
83, 85
85, 87
86, 88
88, 90
89, 91
91, 93
92, 94
94, 96
95, 97
97, 99
98, 100
100, 102
101, 103
103, 105
104, 106
106, 108
107, 109
109, 111
110, 112
112, 114
113, 115
115, 117
116, 118
118, 120
121, 123
124, 126
126, 128
128, 130
129, 131
131, 133
132, 134
134, 136
135, 137
137, 139
138, 140
140, 142
141, 143
143, 145
144, 146
146, 148
147, 149
149, 151
150, 152
152, 154
153, 155
155, 157
156, 158
158, 160
159, 161
161, 163
162, 164
164, 166
167, 169
170, 172
172, 174
174, 176
176, 178
177, 179
179, 181
180, 182
182, 184
183, 185
185, 187
186, 188
188, 190
189, 191
191, 193
192, 194
194, 196
195, 197
197, 199
198, 200
200, 202
201, 203
203, 205
204, 206
206, 208
207, 209
209, 211
210, 212
212, 214
213, 215
215, 217
216, 218
218, 220
219, 221
221, 223
222, 224
224, 226
225, 227
227, 229
228, 230
230, 232
231, 233
233, 235
234, 236
236, 238
237, 239
239, 241
240, 242
242, 244
243, 245
245, 247
246, 248
248, 250
249, 251
251, 253
252, 254
254, 256
255, 257
257, 259
258, 260
260, 262
261, 263
263, 265
264, 266
266, 268
267, 269
269, 271
270, 272
272, 274
273, 275
275, 277
276, 278
278, 280
279, 281
281, 283
282, 284
284, 286
285, 287
287, 289
288, 290
290, 292
291, 293
293, 295
294, 296
296, 298
297, 299
299, 301
300, 302
302, 304
303, 305
305, 307
306, 308
308, 310
309, 311
311, 313
312, 314
314, 316
317, 319
320, 322
322, 324
324, 326
325, 327
327, 329
328, 330
330, 332
331, 333
333, 335
334, 336
336, 338
337, 339
339, 341
340, 342
342, 344
343, 345
345, 347
346, 348
348, 350
349, 351
351, 353
352, 354
354, 356
355, 357
357, 359
358, 360
360, 362
361, 363
363, 365
364, 366
366, 368
367, 369
369, 371
370, 372
372, 374
373, 375
375, 377
376, 378
378, 380
379, 381
381, 383
382, 384
384, 386
385, 387
387, 389
388, 390
390, 392
391, 393
393, 395
394, 396
396, 398
399, 401
402, 404
404, 406
406, 408
407, 409
409, 411
410, 412
412, 414
413, 415
415, 417
416, 418
418, 420
419, 421
421, 423
422, 424
424, 426
425, 427
427, 429
428, 430
430, 432
433, 435
436, 438
438, 440
441, 443
443, 445
444, 446
446, 448
447, 449
449, 451
450, 452
452, 454
453, 455
455, 457
456, 458
458, 460
459, 461
461, 463
462, 464
464, 466
465, 467
467, 469
468, 470
470, 472
471, 473
473, 475
474, 476
476, 478
477, 479
479, 481
480, 482
482, 484
483, 485
485, 487
486, 488
488, 490
489, 491
491, 493
492, 494
494, 496
495, 497
497, 499
498, 500
500, 502
501, 503
503, 505
504, 506
506, 508
507, 509
509, 511
510, 512
512, 514
513, 515
515, 517
516, 518
518, 520
519, 521
521, 523
522, 524
524, 526
525, 527
527, 529
528, 530
530, 532
531, 533
533, 535
534, 536
536, 538
537, 539
539, 541
540, 542
542, 544
543, 545
545, 547
546, 548
548, 550
549, 551
551, 553
552, 554
554, 556
555, 557
557, 559
558, 560
560, 562
561, 563
563, 565
564, 566
566, 568
567, 569
569, 571
570, 572
572, 574
573, 575
575, 577
576, 578
578, 580
579, 581
581, 583
582, 584
584, 586
585, 587
587, 589
588, 590
590, 592
591, 593
593, 595
594, 596
596, 598
597, 599
599, 601
600, 602
602, 604
603, 605
605, 607
606, 608
608, 610
609, 611
611, 613
612, 614
614, 616
615, 617
617, 619
618, 620
620, 622
621, 623
623, 625
624, 626
626, 628
627, 629
629, 631
630, 632
632, 634
633, 635
635, 637
636, 638
638, 640
639, 641
641, 643
642, 644
644, 646
645, 647
647, 649
648, 650
650, 652
651, 653
653, 655
654, 656
656, 658
657, 659
659, 661
660, 662
662, 664
663, 665
665, 667
666, 668
668, 670
669, 671
671, 673
672, 674
674, 676
675, 677
677, 679
678, 680
680, 682
683, 685
686, 688
688, 690
690, 692
692, 694
693, 695
695, 697
696, 698
698, 700
699, 701
701, 703
702, 704
704, 706
705, 707
707, 709
708, 710
710, 712
711, 713
713, 715
714, 716
716, 718
717, 719
719, 721
720, 722
722, 724
725, 727
728, 730
730, 732
732, 734
734, 736
735, 737
737, 739
738, 740
740, 742
741, 743
743, 745
744, 746
746, 748
749, 751
752, 754
754, 756
756, 758
757, 759
759, 761
760, 762
762, 764
763, 765
765, 767
766, 768
768, 770
769, 771
771, 773
772, 774
774, 776
775, 777
777, 779
778, 780
780, 782
781, 783
783, 785
784, 786
786, 788
787, 789
789, 791
790, 792
792, 794
793, 795
795, 797
796, 798
798, 800
799, 801
801, 803
802, 804
804, 806
805, 807
807, 809
808, 810
810, 812
811, 813
813, 815
814, 816
816, 818
817, 819
819, 821
820, 822
822, 824
823, 825
825, 827
826, 828
828, 830
829, 831
831, 833
832, 834
834, 836
835, 837
837, 839
838, 840
840, 842
841, 843
843, 845
844, 846
846, 848
847, 849
849, 851
850, 852
852, 854
853, 855
855, 857
856, 858
858, 860
859, 861
861, 863
862, 864
864, 866
865, 867
867, 869
868, 870
870, 872
871, 873
873, 875
874, 876
876, 878
877, 879
879, 881
880, 882
882, 884
883, 885
885, 887
886, 888
888, 890
889, 891
891, 893
892, 894
894, 896
895, 897
897, 899
898, 900
900, 902
901, 903
903, 905
904, 906
906, 908
907, 909
909, 911
910, 912
912, 914
913, 915
915, 917
916, 918
918, 920
921, 923
924, 926
926, 928
928, 930
931, 933
933, 935
935, 937
938, 940
940, 942
942, 944
945, 947
948, 950
950, 952
951, 953
953, 955
954, 956
956, 958
957, 959
959, 961
960, 962
962, 964
963, 965
965, 967
966, 968
968, 970
969, 971
971, 973
972, 974
974, 976
975, 977
977, 979
978, 980
980, 982
981, 983
983, 985
984, 986
986, 988
987, 989
989, 991
990, 992
992, 994
993, 995
995, 997
996, 998
998, 1000
999, 1001
1001, 1003
1002, 1004
1004, 1006
1005, 1007
1007, 1009
1008, 1010
1010, 1012
1011, 1013
1013, 1015
1014, 1016
1016, 1018
1017, 1019
1019, 1021
1020, 1022
1022, 1024
1025, 1027
1028, 1030
1030, 1032
1031, 1033
1033, 1035
1034, 1036
1036, 1038
1037, 1039
1039, 1041
1040, 1042
1042, 1044
1043, 1045
1045, 1047
1046, 1048
1048, 1050
1049, 1051
1051, 1053
1052, 1054
1054, 1056
1057, 1059
1060, 1062
1062, 1064
1064, 1066
1066, 1068
1068, 1070
1070, 1072
1073, 1075
1075, 1077
1077, 1079
1079, 1081
1081, 1083
1083, 1085
1085, 1087
1087, 1089
1088, 1090
1090, 1092
1091, 1093
1093, 1095
1094, 1096
1096, 1098
1097, 1099
1099, 1101
1100, 1102
1102, 1104
1103, 1105
1105, 1107
1106, 1108
1108, 1110
1109, 1111
1111, 1113
1112, 1114
1114, 1116
1115, 1117
1117, 1119
1118, 1120
1120, 1122
1123, 1125
1126, 1128
1128, 1130
1130, 1132
1131, 1133
1133, 1135
1134, 1136
1136, 1138
1137, 1139
1139, 1141
1140, 1142
1142, 1144
1143, 1145
1145, 1147
1146, 1148
1148, 1150
1149, 1151
1151, 1153
1152, 1154
1154, 1156
1155, 1157
1157, 1159
1158, 1160
1160, 1162
1161, 1163
1163, 1165
1164, 1166
1166, 1168
1167, 1169
1169, 1171
1170, 1172
1172, 1174
1173, 1175
1175, 1177
1176, 1178
1178, 1180
1179, 1181
1181, 1183
1182, 1184
1184, 1186
1185, 1187
1187, 1189
1188, 1190
1190, 1192
1191, 1193
1193, 1195
1194, 1196
1196, 1198
1197, 1199
1199, 1201
1200, 1202
1202, 1204
1203, 1205
1205, 1207
1206, 1208
1208, 1210
1209, 1211
1211, 1213
1212, 1214
1214, 1216
1217, 1219
1220, 1222
1222, 1224
1224, 1226
1227, 1229
1230, 1232
1232, 1234
1234, 1236
1235, 1237
1237, 1239
1238, 1240
1240, 1242
1241, 1243
1243, 1245
1244, 1246
1246, 1248
1247, 1249
1249, 1251
1250, 1252
1252, 1254
1253, 1255
1255, 1257
1256, 1258
1258, 1260
1259, 1261
1261, 1263
1262, 1264
1264, 1266
1265, 1267
1267, 1269
1268, 1270
1270, 1272
1271, 1273
1273, 1275
1274, 1276
1276, 1278
1277, 1279
1279, 1281
1280, 1282
1282, 1284
1283, 1285
1285, 1287
1286, 1288
1288, 1290
1289, 1291
1291, 1293
1292, 1294
1294, 1296
1295, 1297
1297, 1299
1298, 1300
1300, 1302
1301, 1303
1303, 1305
1304, 1306
1306, 1308
1307, 1309
1309, 1311
1310, 1312
1312, 1314
1313, 1315
1315, 1317
1316, 1318
1318, 1320
1319, 1321
1321, 1323
1322, 1324
1324, 1326
1325, 1327
1327, 1329
1328, 1330
1330, 1332
1331, 1333
1333, 1335
1334, 1336
1336, 1338
1337, 1339
1339, 1341
1340, 1342
1342, 1344
1343, 1345
1345, 1347
1346, 1348
1348, 1350
1349, 1351
1351, 1353
1352, 1354
1354, 1356
1355, 1357
1357, 1359
1358, 1360
1360, 1362
1361, 1363
1363, 1365
1364, 1366
1366, 1368
1367, 1369
1369, 1371
1370, 1372
1372, 1374
1373, 1375
1375, 1377
1376, 1378
1378, 1380
1379, 1381
1381, 1383
1382, 1384
1384, 1386
1385, 1387
1387, 1389
1388, 1390
1390, 1392
1391, 1393
1393, 1395
1394, 1396
1396, 1398
1397, 1399
1399, 1401
1400, 1402
1402, 1404
1403, 1405
1405, 1407
1406, 1408
1408, 1410
1409, 1411
1411, 1413
1412, 1414
1414, 1416
1415, 1417
1417, 1419
1418, 1420
1420, 1422
1421, 1423
1423, 1425
1424, 1426
1426, 1428
1427, 1429
1429, 1431
1430, 1432
1432, 1434
1433, 1435
1435, 1437
1436, 1438
1438, 1440
1441, 1443
1444, 1446
1446, 1448
1448, 1450
1450, 1452
1452, 1454
1453, 1455
1455, 1457
1456, 1458
1458, 1460
1459, 1461
1461, 1463
1462, 1464
1464, 1466
1465, 1467
1467, 1469
1468, 1470
1470, 1472
1471, 1473
1473, 1475
1474, 1476
1476, 1478
1477, 1479
1479, 1481
1480, 1482
1482, 1484
1483, 1485
1485, 1487
1486, 1488
1488, 1490
1489, 1491
1491, 1493
1492, 1494
1494, 1496
1495, 1497
1497, 1499
1498, 1500
1500, 1502
1501, 1503
1503, 1505
1504, 1506
1506, 1508
1507, 1509
1509, 1511
1512, 1514
1515, 1517
1517, 1519
1519, 1521
1520, 1522
1522, 1524
1523, 1525
1525, 1527
1526, 1528
1528, 1530
1529, 1531
1531, 1533
1532, 1534
1534, 1536
1537, 1539
1540, 1542
1542, 1544
1544, 1546
1545, 1547
1547, 1549
1548, 1550
1550, 1552
1551, 1553
1553, 1555
1554, 1556
1556, 1558
1557, 1559
1559, 1561
1560, 1562
1562, 1564
1563, 1565
1565, 1567
1566, 1568
1568, 1570
1569, 1571
1571, 1573
1572, 1574
1574, 1576
1575, 1577
1577, 1579
1578, 1580
1580, 1582
1581, 1583
1583, 1585
1584, 1586
1586, 1588
1587, 1589
1589, 1591
1590, 1592
1592, 1594
1593, 1595
1595, 1597
1596, 1598
1598, 1600
1599, 1601
1601, 1603
1602, 1604
1604, 1606
1605, 1607
1607, 1609
1608, 1610
1610, 1612
1611, 1613
1613, 1615
1614, 1616
1616, 1618
1617, 1619
1619, 1621
1620, 1622
1622, 1624
1623, 1625
1625, 1627
1626, 1628
1628, 1630
1631, 1633
1634, 1636
1636, 1638
1638, 1640
1639, 1641
1641, 1643
1642, 1644
1644, 1646
1645, 1647
1647, 1649
1648, 1650
1650, 1652
1651, 1653
1653, 1655
1654, 1656
1656, 1658
1657, 1659
1659, 1661
1660, 1662
1662, 1664
1663, 1665
1665, 1667
1666, 1668
1668, 1670
1669, 1671
1671, 1673
1672, 1674
1674, 1676
1675, 1677
1677, 1679
1678, 1680
1680, 1682
1681, 1683
1683, 1685
1684, 1686
1686, 1688
1689, 1691
1692, 1694
1694, 1696
1696, 1698
1697, 1699
1699, 1701
1700, 1702
1702, 1704
1703, 1705
1705, 1707
1706, 1708
1708, 1710
1711, 1713
1714, 1716
1716, 1718
1718, 1720
1719, 1721
1721, 1723
1722, 1724
1724, 1726
1725, 1727
1727, 1729
1728, 1730
1730, 1732
1731, 1733
1733, 1735
1734, 1736
1736, 1738
1737, 1739
1739, 1741
1740, 1742
1742, 1744
1743, 1745
1745, 1747
1746, 1748
1748, 1750
1749, 1751
1751, 1753
1752, 1754
1754, 1756
1755, 1757
1757, 1759
1758, 1760
1760, 1762
1761, 1763
1763, 1765
1764, 1766
1766, 1768
1767, 1769
1769, 1771
1770, 1772
1772, 1774
1773, 1775
1775, 1777
1776, 1778
1778, 1780
1779, 1781
1781, 1783
1782, 1784
1784, 1786
1785, 1787
1787, 1789
1788, 1790
1790, 1792
1791, 1793
1793, 1795
1794, 1796
1796, 1798
1797, 1799
1799, 1801
1800, 1802
1802, 1804
1803, 1805
1805, 1807
1806, 1808
1808, 1810
1809, 1811
1811, 1813
1812, 1814
1814, 1816
1815, 1817
1817, 1819
1818, 1820
1820, 1822
1821, 1823
1823, 1825
1824, 1826
1826, 1828
1827, 1829
1829, 1831
1830, 1832
1832, 1834
1833, 1835
1835, 1837
1836, 1838
1838, 1840
1839, 1841
1841, 1843
1842, 1844
1844, 1846
1845, 1847
1847, 1849
1848, 1850
1850, 1852
1851, 1853
1853, 1855
1854, 1856
1856, 1858
1857, 1859
1859, 1861
1860, 1862
1862, 1864
1863, 1865
1865, 1867
1866, 1868
1868, 1870
1871, 1873
1874, 1876
1876, 1878
1878, 1880
1879, 1881
1881, 1883
1882, 1884
1884, 1886
1885, 1887
1887, 1889
1888, 1890
1890, 1892
1891, 1893
1893, 1895
1894, 1896
1896, 1898
1897, 1899
1899, 1901
1900, 1902
1902, 1904
1905, 1907
1908, 1910
1910, 1912
1913, 1915
1915, 1917
1916, 1918
1918, 1920
1919, 1921
1921, 1923
1922, 1924
1924, 1926
1925, 1927
1927, 1929
1928, 1930
1930, 1932
1931, 1933
1933, 1935
1934, 1936
1936, 1938
1937, 1939
1939, 1941
1940, 1942
1942, 1944
1943, 1945
1945, 1947
1946, 1948
1948, 1950
1949, 1951
1951, 1953
1952, 1954
1954, 1956
1955, 1957
1957, 1959
4, 7
13, 16
16, 19
19, 22
22, 25
25, 28
28, 31
31, 34
34, 37
37, 40
40, 43
43, 46
46, 49
49, 52
52, 55
55, 58
58, 61
61, 64
64, 67
67, 70
70, 73
73, 76
76, 79
79, 82
82, 85
85, 88
88, 91
91, 94
94, 97
97, 100
100, 103
103, 106
106, 109
109, 112
112, 115
115, 118
118, 121
121, 124
128, 131
131, 134
134, 137
137, 140
140, 143
143, 146
146, 149
149, 152
152, 155
155, 158
158, 161
161, 164
164, 167
167, 170
176, 179
179, 182
182, 185
185, 188
188, 191
191, 194
194, 197
197, 200
200, 203
203, 206
206, 209
209, 212
212, 215
215, 218
218, 221
221, 224
224, 227
227, 230
230, 233
233, 236
236, 239
239, 242
242, 245
245, 248
248, 251
251, 254
254, 257
257, 260
260, 263
263, 266
266, 269
269, 272
272, 275
275, 278
278, 281
281, 284
284, 287
287, 290
290, 293
293, 296
296, 299
299, 302
302, 305
305, 308
308, 311
311, 314
314, 317
317, 320
324, 327
327, 330
330, 333
333, 336
336, 339
339, 342
342, 345
345, 348
348, 351
351, 354
354, 357
357, 360
360, 363
363, 366
366, 369
369, 372
372, 375
375, 378
378, 381
381, 384
384, 387
387, 390
390, 393
393, 396
396, 399
399, 402
406, 409
409, 412
412, 415
415, 418
418, 421
421, 424
424, 427
427, 430
430, 433
433, 436
438, 441
443, 446
446, 449
449, 452
452, 455
455, 458
458, 461
461, 464
464, 467
467, 470
470, 473
473, 476
476, 479
479, 482
482, 485
485, 488
488, 491
491, 494
494, 497
497, 500
500, 503
503, 506
506, 509
509, 512
512, 515
515, 518
518, 521
521, 524
524, 527
527, 530
530, 533
533, 536
536, 539
539, 542
542, 545
545, 548
548, 551
551, 554
554, 557
557, 560
560, 563
563, 566
566, 569
569, 572
572, 575
575, 578
578, 581
581, 584
584, 587
587, 590
590, 593
593, 596
596, 599
599, 602
602, 605
605, 608
608, 611
611, 614
614, 617
617, 620
620, 623
623, 626
626, 629
629, 632
632, 635
635, 638
638, 641
641, 644
644, 647
647, 650
650, 653
653, 656
656, 659
659, 662
662, 665
665, 668
668, 671
671, 674
674, 677
677, 680
680, 683
683, 686
692, 695
695, 698
698, 701
701, 704
704, 707
707, 710
710, 713
713, 716
716, 719
719, 722
722, 725
725, 728
734, 737
737, 740
740, 743
743, 746
746, 749
749, 752
756, 759
759, 762
762, 765
765, 768
768, 771
771, 774
774, 777
777, 780
780, 783
783, 786
786, 789
789, 792
792, 795
795, 798
798, 801
801, 804
804, 807
807, 810
810, 813
813, 816
816, 819
819, 822
822, 825
825, 828
828, 831
831, 834
834, 837
837, 840
840, 843
843, 846
846, 849
849, 852
852, 855
855, 858
858, 861
861, 864
864, 867
867, 870
870, 873
873, 876
876, 879
879, 882
882, 885
885, 888
888, 891
891, 894
894, 897
897, 900
900, 903
903, 906
906, 909
909, 912
912, 915
915, 918
918, 921
921, 924
928, 931
935, 938
942, 945
945, 948
950, 953
953, 956
956, 959
959, 962
962, 965
965, 968
968, 971
971, 974
974, 977
977, 980
980, 983
983, 986
986, 989
989, 992
992, 995
995, 998
998, 1001
1001, 1004
1004, 1007
1007, 1010
1010, 1013
1013, 1016
1016, 1019
1019, 1022
1022, 1025
1025, 1028
1030, 1033
1033, 1036
1036, 1039
1039, 1042
1042, 1045
1045, 1048
1048, 1051
1051, 1054
1054, 1057
1057, 1060
1060, 1063
1070, 1073
1075, 1078
1087, 1090
1090, 1093
1093, 1096
1096, 1099
1099, 1102
1102, 1105
1105, 1108
1108, 1111
1111, 1114
1114, 1117
1117, 1120
1120, 1123
1123, 1126
1130, 1133
1133, 1136
1136, 1139
1139, 1142
1142, 1145
1145, 1148
1148, 1151
1151, 1154
1154, 1157
1157, 1160
1160, 1163
1163, 1166
1166, 1169
1169, 1172
1172, 1175
1175, 1178
1178, 1181
1181, 1184
1184, 1187
1187, 1190
1190, 1193
1193, 1196
1196, 1199
1199, 1202
1202, 1205
1205, 1208
1208, 1211
1211, 1214
1214, 1217
1217, 1220
1224, 1227
1227, 1230
1234, 1237
1237, 1240
1240, 1243
1243, 1246
1246, 1249
1249, 1252
1252, 1255
1255, 1258
1258, 1261
1261, 1264
1264, 1267
1267, 1270
1270, 1273
1273, 1276
1276, 1279
1279, 1282
1282, 1285
1285, 1288
1288, 1291
1291, 1294
1294, 1297
1297, 1300
1300, 1303
1303, 1306
1306, 1309
1309, 1312
1312, 1315
1315, 1318
1318, 1321
1321, 1324
1324, 1327
1327, 1330
1330, 1333
1333, 1336
1336, 1339
1339, 1342
1342, 1345
1345, 1348
1348, 1351
1351, 1354
1354, 1357
1357, 1360
1360, 1363
1363, 1366
1366, 1369
1369, 1372
1372, 1375
1375, 1378
1378, 1381
1381, 1384
1384, 1387
1387, 1390
1390, 1393
1393, 1396
1396, 1399
1399, 1402
1402, 1405
1405, 1408
1408, 1411
1411, 1414
1414, 1417
1417, 1420
1420, 1423
1423, 1426
1426, 1429
1429, 1432
1432, 1435
1435, 1438
1438, 1441
1441, 1444
1452, 1455
1455, 1458
1458, 1461
1461, 1464
1464, 1467
1467, 1470
1470, 1473
1473, 1476
1476, 1479
1479, 1482
1482, 1485
1485, 1488
1488, 1491
1491, 1494
1494, 1497
1497, 1500
1500, 1503
1503, 1506
1506, 1509
1509, 1512
1512, 1515
1519, 1522
1522, 1525
1525, 1528
1528, 1531
1531, 1534
1534, 1537
1537, 1540
1544, 1547
1547, 1550
1550, 1553
1553, 1556
1556, 1559
1559, 1562
1562, 1565
1565, 1568
1568, 1571
1571, 1574
1574, 1577
1577, 1580
1580, 1583
1583, 1586
1586, 1589
1589, 1592
1592, 1595
1595, 1598
1598, 1601
1601, 1604
1604, 1607
1607, 1610
1610, 1613
1613, 1616
1616, 1619
1619, 1622
1622, 1625
1625, 1628
1628, 1631
1631, 1634
1638, 1641
1641, 1644
1644, 1647
1647, 1650
1650, 1653
1653, 1656
1656, 1659
1659, 1662
1662, 1665
1665, 1668
1668, 1671
1671, 1674
1674, 1677
1677, 1680
1680, 1683
1683, 1686
1686, 1689
1689, 1692
1696, 1699
1699, 1702
1702, 1705
1705, 1708
1708, 1711
1711, 1714
1718, 1721
1721, 1724
1724, 1727
1727, 1730
1730, 1733
1733, 1736
1736, 1739
1739, 1742
1742, 1745
1745, 1748
1748, 1751
1751, 1754
1754, 1757
1757, 1760
1760, 1763
1763, 1766
1766, 1769
1769, 1772
1772, 1775
1775, 1778
1778, 1781
1781, 1784
1784, 1787
1787, 1790
1790, 1793
1793, 1796
1796, 1799
1799, 1802
1802, 1805
1805, 1808
1808, 1811
1811, 1814
1814, 1817
1817, 1820
1820, 1823
1823, 1826
1826, 1829
1829, 1832
1832, 1835
1835, 1838
1838, 1841
1841, 1844
1844, 1847
1847, 1850
1850, 1853
1853, 1856
1856, 1859
1859, 1862
1862, 1865
1865, 1868
1868, 1871
1871, 1874
1878, 1881
1881, 1884
1884, 1887
1887, 1890
1890, 1893
1893, 1896
1896, 1899
1899, 1902
1902, 1905
1905, 1908
1910, 1913
1915, 1918
1918, 1921
1921, 1924
1924, 1927
1927, 1930
1930, 1933
1933, 1936
1936, 1939
1939, 1942
1942, 1945
1945, 1948
1948, 1951
1951, 1954
1954, 1957
9, 13
124, 128
170, 174
172, 176
320, 324
402, 406
686, 690
688, 692
728, 732
730, 734
752, 756
924, 928
931, 935
938, 942
1060, 1064
1062, 1066
1064, 1068
1075, 1079
1077, 1081
1079, 1083
1081, 1085
1083, 1087
1126, 1130
1220, 1224
1230, 1234
1444, 1448
1448, 1452
1515, 1519
1540, 1544
1634, 1638
1692, 1696
1714, 1718
1874, 1878
4, 9
433, 438
438, 443
935, 940
937, 942
945, 950
1025, 1030
1060, 1065
1063, 1068
1070, 1075
1075, 1080
1078, 1083
1080, 1085
1082, 1087
1227, 1232
1229, 1234
1905, 1910
1910, 1915
7, 13
16, 22
25, 31
31, 37
37, 43
46, 52
55, 61
64, 70
70, 76
79, 85
82, 88
88, 94
91, 97
100, 106
103, 109
109, 115
128, 134
131, 137
137, 143
143, 149
149, 155
155, 161
170, 176
176, 182
179, 185
185, 191
191, 197
197, 203
203, 209
206, 212
212, 218
215, 221
224, 230
230, 236
233, 239
236, 242
239, 245
242, 248
248, 254
251, 257
257, 263
263, 269
266, 272
272, 278
278, 284
284, 290
290, 296
299, 305
305, 311
327, 333
330, 336
333, 339
342, 348
345, 351
351, 357
357, 363
363, 369
372, 378
378, 384
381, 387
387, 393
409, 415
415, 421
443, 449
446, 452
449, 455
452, 458
458, 464
461, 467
467, 473
470, 476
473, 479
479, 485
485, 491
488, 494
494, 500
503, 509
509, 515
512, 518
515, 521
518, 524
521, 527
524, 530
530, 536
536, 542
545, 551
551, 557
560, 566
566, 572
572, 578
578, 584
584, 590
587, 593
590, 596
599, 605
608, 614
614, 620
623, 629
629, 635
632, 638
638, 644
644, 650
650, 656
659, 665
665, 671
671, 677
686, 692
695, 701
701, 707
707, 713
713, 719
728, 734
737, 743
756, 762
765, 771
771, 777
777, 783
783, 789
789, 795
792, 798
798, 804
801, 807
807, 813
813, 819
816, 822
822, 828
828, 834
837, 843
846, 852
852, 858
858, 864
861, 867
867, 873
870, 876
876, 882
879, 885
888, 894
891, 897
897, 903
900, 906
903, 909
909, 915
950, 956
953, 959
956, 962
959, 965
965, 971
971, 977
977, 983
983, 989
992, 998
998, 1004
1001, 1007
1007, 1013
1033, 1039
1036, 1042
1039, 1045
1045, 1051
1060, 1066
1062, 1068
1064, 1070
1075, 1081
1077, 1083
1079, 1085
1081, 1087
1090, 1096
1096, 1102
1102, 1108
1105, 1111
1111, 1117
1133, 1139
1136, 1142
1145, 1151
1151, 1157
1160, 1166
1166, 1172
1172, 1178
1175, 1181
1178, 1184
1184, 1190
1187, 1193
1193, 1199
1196, 1202
1199, 1205
1205, 1211
1237, 1243
1246, 1252
1249, 1255
1255, 1261
1258, 1264
1264, 1270
1270, 1276
1276, 1282
1282, 1288
1288, 1294
1294, 1300
1297, 1303
1303, 1309
1306, 1312
1315, 1321
1321, 1327
1327, 1333
1333, 1339
1336, 1342
1339, 1345
1348, 1354
1357, 1363
1363, 1369
1366, 1372
1369, 1375
1375, 1381
1378, 1384
1381, 1387
1384, 1390
1387, 1393
1393, 1399
1399, 1405
1402, 1408
1405, 1411
1408, 1414
1414, 1420
1420, 1426
1423, 1429
1429, 1435
1455, 1461
1458, 1464
1467, 1473
1470, 1476
1476, 1482
1479, 1485
1482, 1488
1488, 1494
1491, 1497
1494, 1500
1500, 1506
1519, 1525
1525, 1531
1544, 1550
1550, 1556
1559, 1565
1565, 1571
1571, 1577
1574, 1580
1583, 1589
1586, 1592
1595, 1601
1601, 1607
1607, 1613
1613, 1619
1619, 1625
1638, 1644
1647, 1653
1650, 1656
1659, 1665
1665, 1671
1671, 1677
1677, 1683
1699, 1705
1721, 1727
1724, 1730
1727, 1733
1733, 1739
1736, 1742
1739, 1745
1742, 1748
1745, 1751
1754, 1760
1760, 1766
1766, 1772
1772, 1778
1778, 1784
1781, 1787
1784, 1790
1787, 1793
1793, 1799
1796, 1802
1799, 1805
1808, 1814
1814, 1820
1820, 1826
1829, 1835
1832, 1838
1838, 1844
1847, 1853
1853, 1859
1859, 1865
1881, 1887
1887, 1893
1915, 1921
1918, 1924
1921, 1927
1924, 1930
1930, 1936
1933, 1939
1939, 1945
1942, 1948
1945, 1951
1951, 1957
121, 128
317, 324
399, 406
749, 756
921, 928
928, 935
935, 942
1063, 1070
1075, 1082
1078, 1085
1080, 1087
1123, 1130
1217, 1224
1227, 1234
1441, 1448
1512, 1519
1537, 1544
1631, 1638
1689, 1696
1711, 1718
1871, 1878
430, 438
942, 950
1022, 1030
1060, 1068
1062, 1070
1075, 1083
1077, 1085
1079, 1087
1444, 1452
1902, 1910
4, 13
16, 25
37, 46
46, 55
55, 64
70, 79
79, 88
88, 97
91, 100
100, 109
109, 118
128, 137
155, 164
167, 176
176, 185
203, 212
212, 221
230, 239
233, 242
236, 245
239, 248
248, 257
263, 272
290, 299
305, 314
327, 336
330, 339
333, 342
342, 351
363, 372
378, 387
387, 396
415, 424
443, 452
446, 455
449, 458
458, 467
467, 476
470, 479
485, 494
494, 503
509, 518
512, 521
515, 524
518, 527
521, 530
536, 545
551, 560
584, 593
587, 596
599, 608
614, 623
629, 638
650, 659
671, 680
683, 692
713, 722
725, 734
737, 746
756, 765
789, 798
798, 807
813, 822
828, 837
837, 846
858, 867
867, 876
876, 885
879, 888
888, 897
897, 906
900, 909
909, 918
950, 959
953, 962
956, 965
983, 992
998, 1007
1007, 1016
1033, 1042
1036, 1045
1045, 1054
1078, 1087
1087, 1096
1102, 1111
1111, 1120
1133, 1142
1151, 1160
1172, 1181
1175, 1184
1184, 1193
1193, 1202
1196, 1205
1205, 1214
1237, 1246
1246, 1255
1255, 1264
1294, 1303
1303, 1312
1312, 1321
1333, 1342
1336, 1345
1339, 1348
1348, 1357
1363, 1372
1366, 1375
1375, 1384
1378, 1387
1381, 1390
1384, 1393
1399, 1408
1402, 1411
1405, 1414
1420, 1429
1429, 1438
1455, 1464
1458, 1467
1467, 1476
1476, 1485
1479, 1488
1488, 1497
1491, 1500
1500, 1509
1525, 1534
1550, 1559
1571, 1580
1574, 1583
1583, 1592
1592, 1601
1598, 1607
1619, 1628
1638, 1647
1647, 1656
1677, 1686
1699, 1708
1721, 1730
1724, 1733
1733, 1742
1736, 1745
1739, 1748
1742, 1751
1751, 1760
1778, 1787
1781, 1790
1784, 1793
1793, 1802
1796, 1805
1820, 1829
1829, 1838
1838, 1847
1859, 1868
1887, 1896
1915, 1924
1918, 1927
1921, 1930
1930, 1939
1939, 1948
1942, 1951
118, 128
314, 324
396, 406
433, 443
746, 756
918, 928
1060, 1070
1075, 1085
1077, 1087
1120, 1130
1123, 1133
1214, 1224
1224, 1234
1509, 1519
1534, 1544
1628, 1638
1686, 1696
1708, 1718
1868, 1878
1905, 1915
1019, 1030
1022, 1033
1057, 1068
1441, 1452
25, 37
88, 100
137, 149
143, 155
164, 176
185, 197
212, 224
230, 242
233, 245
236, 248
278, 290
327, 339
330, 342
351, 363
415, 427
443, 455
446, 458
467, 479
509, 521
512, 524
515, 527
518, 530
572, 584
584, 596
587, 599
629, 641
638, 650
659, 671
680, 692
695, 707
701, 713
722, 734
725, 737
771, 783
846, 858
876, 888
897, 909
950, 962
953, 965
971, 983
1007, 1019
1033, 1045
1045, 1057
1075, 1087
1090, 1102
1133, 1145
1160, 1172
1172, 1184
1193, 1205
1270, 1282
1282, 1294
1303, 1315
1315, 1327
1321, 1333
1333, 1345
1336, 1348
1363, 1375
1375, 1387
1378, 1390
1381, 1393
1399, 1411
1402, 1414
1455, 1467
1476, 1488
1488, 1500
1559, 1571
1571, 1583
1583, 1595
1595, 1607
1601, 1613
1607, 1619
1647, 1659
1665, 1677
1721, 1733
1733, 1745
1736, 1748
1739, 1751
1754, 1766
1766, 1778
1778, 1790
1781, 1793
1793, 1805
1796, 1808
1808, 1820
1847, 1859
1887, 1899
1915, 1927
1918, 1930
1939, 1951
115, 128
311, 324
314, 327
393, 406
430, 443
743, 756
1057, 1070
1117, 1130
1120, 1133
1211, 1224
1224, 1237
1506, 1519
1531, 1544
1625, 1638
1683, 1696
1686, 1699
1705, 1718
1708, 1721
1865, 1878
1902, 1915
928, 942
1016, 1030
1019, 1033
1438, 1452
1441, 1455
16, 31
55, 70
161, 176
230, 245
233, 248
248, 263
263, 278
290, 305
327, 342
342, 357
363, 378
415, 430
443, 458
494, 509
509, 524
512, 527
515, 530
536, 551
551, 566
584, 599
599, 614
614, 629
629, 644
677, 692
680, 695
719, 734
722, 737
756, 771
798, 813
813, 828
950, 965
983, 998
1007, 1022
1087, 1102
1151, 1166
1157, 1172
1255, 1270
1303, 1318
1312, 1327
1318, 1333
1333, 1348
1348, 1363
1375, 1390
1378, 1393
1399, 1414
1583, 1598
1592, 1607
1598, 1613
1604, 1619
1733, 1748
1736, 1751
1751, 1766
1778, 1793
1793, 1808
1887, 1902
1915, 1930
112, 128
308, 324
311, 327
390, 406
427, 443
740, 756
1054, 1070
1114, 1130
1117, 1133
1503, 1519
1528, 1544
1622, 1638
1680, 1696
1683, 1699
1702, 1718
1705, 1721
1862, 1878
1899, 1915
1013, 1030
1016, 1033
1070, 1087
1217, 1234
1435, 1452
1438, 1455
70, 88
137, 155
158, 176
185, 203
212, 230
230, 248
467, 485
509, 527
512, 530
566, 584
674, 692
677, 695
695, 713
716, 734
719, 737
771, 789
858, 876
1133, 1151
1303, 1321
1315, 1333
1375, 1393
1583, 1601
1595, 1613
1601, 1619
1647, 1665
1733, 1751
1939, 1957
109, 128
305, 324
308, 327
387, 406
390, 409
424, 443
737, 756
909, 928
1111, 1130
1114, 1133
1205, 1224
1500, 1519
1525, 1544
1619, 1638
1677, 1696
1680, 1699
1699, 1718
1702, 1721
1859, 1878
1862, 1881
1896, 1915
1010, 1030
1013, 1033
1214, 1234
1217, 1237
1432, 1452
1435, 1455
16, 37
88, 109
155, 176
176, 197
263, 284
342, 363
509, 530
551, 572
629, 650
650, 671
671, 692
674, 695
713, 734
716, 737
837, 858
876, 897
921, 942
950, 971
1151, 1172
1172, 1193
1312, 1333
1399, 1420
1455, 1476
1550, 1571
1583, 1604
1592, 1613
1598, 1619
1733, 1754
1838, 1859
305, 327
387, 409
421, 443
928, 950
1111, 1133
1677, 1699
1699, 1721
1859, 1881
1893, 1915
1007, 1030
1010, 1033
1211, 1234
1214, 1237
1429, 1452
1432, 1455
46, 70
363, 387
443, 467
485, 509
671, 695
713, 737
813, 837
918, 942
983, 1007
1270, 1294
1303, 1327
1375, 1399
1476, 1500
1583, 1607
1595, 1619
1915, 1939
418, 443
1045, 1070
1500, 1525
1525, 1550
1890, 1915
1007, 1033
1208, 1234
1211, 1237
1429, 1455
128, 155
176, 203
263, 290
278, 305
509, 536
915, 942
950, 977
1255, 1282
1592, 1619
1733, 1760
1793, 1820
387, 415
415, 443
1619, 1647
1859, 1887
1887, 1915
921, 950
1205, 1234
1208, 1237
584, 614
599, 629
828, 858
912, 942
1057, 1087
1303, 1333
1333, 1363
1399, 1429
1583, 1613
1647, 1677
1829, 1859
918, 950
1205, 1237
37, 70
46, 79
55, 88
230, 263
551, 584
756, 789
876, 909
909, 942
950, 983
1054, 1087
1172, 1205
1455, 1488
1733, 1766
737, 771
1699, 1733
915, 950
176, 212
342, 378
351, 387
1051, 1087
1583, 1619
1793, 1829
912, 950
1007, 1045
1048, 1087
1133, 1172
1255, 1294
909, 950
1205, 1246
37, 79
46, 88
263, 305
467, 509
509, 551
629, 671
671, 713
756, 798
1045, 1087
1333, 1375
342, 387
584, 629
813, 858
1045, 1090
1455, 1500
1733, 1778
109, 155
1525, 1571
1429, 1476
155, 203
536, 584
828, 876
950, 998
1255, 1303
1571, 1619
1205, 1255
37, 88
327, 378
1045, 1096
737, 789
176, 230
1375, 1429
155, 212
248, 305
950, 1007
1045, 1102
1619, 1677
1429, 1488
327, 387
737, 798
1111, 1172
509, 572
813, 876
443, 509
671, 737
1045, 1111
1793, 1859
1429, 1500
16, 88
37, 109
1133, 1205
155, 230
230, 305
509, 584
737, 813
798, 876
1255, 1333
1699, 1778
1778, 1859
305, 387
1111, 1193
813, 897
584, 671
1205, 1294
16, 109
415, 509
1111, 1205
1525, 1619
950, 1045
813, 909
1429, 1525
909, 1007
1205, 1303
798, 897
798, 909
737, 858
387, 509
1733, 1859
1205, 1333
909, 1045
737, 876
155, 305
1525, 1677
737, 897
1699, 1859
509, 671
1205, 1375
737, 909
109, 305
909, 1111
1205, 1429
415, 671
387, 671
1205, 1500
1111, 1429
1205, 1525
415, 737
387, 713
387, 737
737, 1111
1111, 1500
1111, 1525
305, 737
909, 1525
737, 1500
737, 1525
737, 1677
387, 1525
305, 1500
305, 1525
387, 1677
305, 1677
