0 1
1 2
2 3
3 4
4 5
5 6
6 7
7 8
8 9
9 10
10 11
11 12
12 13
13 14
14 15
15 16
16 17
17 18
18 19
19 20
20 21
21 22
22 23
23 24
24 25
25 26
26 27
27 28
28 29
29 30
30 31
31 32
32 33
33 34
34 35
35 36
36 37
37 38
38 39
39 40
40 41
41 42
42 43
43 44
44 45
45 46
46 47
47 48
48 49
49 50
50 51
51 52
52 53
53 54
54 55
55 56
56 57
57 58
58 59
59 60
60 61
61 62
62 63
63 64
64 65
65 66
66 67
67 68
68 69
69 70
70 71
71 72
72 73
73 74
74 75
75 76
76 77
77 78
78 79
79 80
80 81
81 82
82 83
83 84
84 85
85 86
86 87
87 88
88 89
89 90
90 91
91 92
92 93
93 94
94 95
95 96
96 97
97 98
98 99
99 100
100 101
101 102
102 103
103 104
104 105
105 106
106 107
107 108
108 109
109 110
110 111
111 112
112 113
113 114
114 115
115 116
116 117
117 118
118 119
119 120
120 121
121 122
122 123
123 124
124 125
125 126
126 127
127 128
128 129
129 130
130 131
131 132
132 133
133 134
134 135
135 136
136 137
137 138
138 139
139 140
140 141
141 142
142 143
143 144
144 145
145 146
146 147
147 148
148 149
149 150
150 151
151 152
152 153
153 154
154 155
155 156
156 157
157 158
158 159
159 160
160 161
161 162
162 163
163 164
164 165
165 166
166 167
167 168
168 169
169 170
170 171
171 172
172 173
173 174
174 175
175 176
176 177
177 178
178 179
179 180
180 181
181 182
182 183
183 184
184 185
185 186
186 187
187 188
188 189
189 190
190 191
191 192
192 193
193 194
194 195
195 196
196 197
197 198
198 199
199 200
200 201
201 202
202 203
203 204
204 205
205 206
206 207
207 208
208 209
209 210
210 211
211 212
212 213
213 214
214 215
215 216
216 217
217 218
218 219
219 220
220 221
221 222
222 223
223 224
224 225
225 226
226 227
227 228
228 229
229 230
230 231
231 232
232 233
233 234
234 235
235 236
236 237
237 238
238 239
239 240
240 241
241 242
242 243
243 244
244 245
245 246
246 247
247 248
248 249
249 250
0 2
2 4
4 6
7 9
9 11
11 13
13 15
14 16
16 18
17 19
19 21
20 22
22 24
23 25
25 27
26 28
28 30
29 31
31 33
32 34
34 36
35 37
37 39
38 40
40 42
41 43
43 45
44 46
46 48
47 49
49 51
50 52
52 54
53 55
55 57
56 58
58 60
59 61
61 63
62 64
64 66
65 67
67 69
68 70
70 72
71 73
73 75
74 76
76 78
77 79
79 81
80 82
82 84
83 85
85 87
86 88
88 90
89 91
91 93
92 94
94 96
95 97
97 99
98 100
100 102
101 103
103 105
104 106
106 108
107 109
109 111
110 112
112 114
113 115
115 117
116 118
118 120
121 123
124 126
126 128
128 130
129 131
131 133
132 134
134 136
135 137
137 139
138 140
140 142
141 143
143 145
144 146
146 148
147 149
149 151
150 152
152 154
153 155
155 157
156 158
158 160
159 161
161 163
162 164
164 166
167 169
170 172
172 174
174 176
176 178
177 179
179 181
180 182
182 184
183 185
185 187
186 188
188 190
189 191
191 193
192 194
194 196
195 197
197 199
198 200
200 202
201 203
203 205
204 206
206 208
207 209
209 211
210 212
212 214
213 215
215 217
216 218
218 220
219 221
221 223
222 224
224 226
225 227
227 229
228 230
230 232
231 233
233 235
234 236
236 238
237 239
239 241
240 242
242 244
243 245
245 247
246 248
248 250
4 7
13 16
16 19
19 22
22 25
25 28
28 31
31 34
34 37
37 40
40 43
43 46
46 49
49 52
52 55
55 58
58 61
61 64
64 67
67 70
70 73
73 76
76 79
79 82
82 85
85 88
88 91
91 94
94 97
97 100
100 103
103 106
106 109
109 112
112 115
115 118
118 121
121 124
128 131
131 134
134 137
137 140
140 143
143 146
146 149
149 152
152 155
155 158
158 161
161 164
164 167
167 170
176 179
179 182
182 185
185 188
188 191
191 194
194 197
197 200
200 203
203 206
206 209
209 212
212 215
215 218
218 221
221 224
224 227
227 230
230 233
233 236
236 239
239 242
242 245
245 248
9 13
124 128
170 174
172 176
4 9
7 13
16 22
25 31
31 37
37 43
46 52
55 61
64 70
70 76
79 85
82 88
88 94
91 97
100 106
103 109
109 115
128 134
131 137
137 143
143 149
149 155
155 161
170 176
176 182
179 185
185 191
191 197
197 203
203 209
206 212
212 218
215 221
224 230
230 236
233 239
236 242
239 245
242 248
121 128
4 13
16 25
37 46
46 55
55 64
70 79
79 88
88 97
91 100
100 109
109 118
128 137
155 164
167 176
176 185
203 212
212 221
230 239
233 242
236 245
239 248
118 128
25 37
88 100
137 149
143 155
164 176
185 197
212 224
230 242
233 245
236 248
115 128
16 31
55 70
161 176
230 245
233 248
112 128
70 88
137 155
158 176
185 203
212 230
230 248
109 128
16 37
88 109
155 176
176 197
46 70
128 155
176 203
37 70
46 79
55 88
176 212
37 79
46 88
109 155
155 203
37 88
176 230
155 212
16 88
37 109
155 230
16 109
