0 1
1 2
2 3
3 4
4 5
5 6
6 7
7 8
8 9
9 10
10 11
11 12
12 13
13 14
14 15
15 16
16 17
17 18
18 19
19 20
20 21
21 22
22 23
23 24
24 25
25 26
26 27
27 28
28 29
29 30
30 31
31 32
32 33
33 34
34 35
35 36
36 37
37 38
38 39
39 40
40 41
41 42
42 43
43 44
44 45
45 46
46 47
47 48
48 49
49 50
50 51
51 52
52 53
53 54
54 55
55 56
56 57
57 58
58 59
59 60
60 61
61 62
62 63
63 64
64 65
65 66
66 67
67 68
68 69
69 70
70 71
71 72
72 73
73 74
74 75
75 76
76 77
77 78
78 79
79 80
80 81
81 82
82 83
83 84
84 85
85 86
86 87
87 88
88 89
89 90
90 91
91 92
92 93
93 94
94 95
95 96
96 97
97 98
98 99
99 100
100 101
101 102
102 103
103 104
104 105
105 106
106 107
107 108
108 109
109 110
110 111
111 112
112 113
113 114
114 115
115 116
116 117
117 118
118 119
119 120
120 121
121 122
122 123
123 124
124 125
125 126
126 127
127 128
128 129
129 130
130 131
131 132
132 133
133 134
134 135
135 136
136 137
137 138
138 139
139 140
140 141
141 142
142 143
143 144
144 145
145 146
146 147
147 148
148 149
149 150
150 151
151 152
152 153
153 154
154 155
155 156
156 157
157 158
158 159
159 160
160 161
161 162
162 163
163 164
164 165
165 166
166 167
167 168
168 169
169 170
170 171
171 172
172 173
173 174
174 175
175 176
176 177
177 178
178 179
179 180
180 181
181 182
182 183
183 184
184 185
185 186
186 187
187 188
188 189
189 190
190 191
191 192
192 193
193 194
194 195
195 196
196 197
197 198
198 199
199 200
200 201
201 202
202 203
203 204
204 205
205 206
206 207
207 208
208 209
209 210
210 211
211 212
212 213
213 214
214 215
215 216
216 217
217 218
218 219
219 220
220 221
221 222
222 223
223 224
224 225
225 226
226 227
227 228
228 229
229 230
230 231
231 232
232 233
233 234
234 235
235 236
236 237
237 238
238 239
239 240
240 241
241 242
242 243
243 244
244 245
245 246
246 247
247 248
248 249
249 250
250 251
251 252
252 253
253 254
254 255
255 256
256 257
257 258
258 259
259 260
260 261
261 262
262 263
263 264
264 265
265 266
266 267
267 268
268 269
269 270
270 271
271 272
272 273
273 274
274 275
275 276
276 277
277 278
278 279
279 280
280 281
281 282
282 283
283 284
284 285
285 286
286 287
287 288
288 289
289 290
290 291
291 292
292 293
293 294
294 295
295 296
296 297
297 298
298 299
299 300
300 301
301 302
302 303
303 304
304 305
305 306
306 307
307 308
308 309
309 310
310 311
311 312
312 313
313 314
314 315
315 316
316 317
317 318
318 319
319 320
320 321
321 322
322 323
323 324
324 325
325 326
326 327
327 328
328 329
329 330
330 331
331 332
332 333
333 334
334 335
335 336
336 337
337 338
338 339
339 340
340 341
341 342
342 343
343 344
344 345
345 346
346 347
347 348
348 349
349 350
350 351
351 352
352 353
353 354
354 355
355 356
356 357
357 358
358 359
359 360
360 361
361 362
362 363
363 364
364 365
365 366
366 367
367 368
368 369
369 370
370 371
371 372
372 373
373 374
374 375
375 376
376 377
377 378
378 379
379 380
380 381
381 382
382 383
383 384
384 385
385 386
386 387
387 388
388 389
389 390
390 391
391 392
392 393
393 394
394 395
395 396
396 397
397 398
398 399
399 400
400 401
401 402
402 403
403 404
404 405
405 406
406 407
407 408
408 409
409 410
410 411
411 412
412 413
413 414
414 415
415 416
416 417
417 418
418 419
419 420
420 421
421 422
422 423
423 424
424 425
425 426
426 427
427 428
428 429
429 430
430 431
431 432
432 433
433 434
434 435
435 436
436 437
437 438
438 439
439 440
440 441
441 442
442 443
443 444
444 445
445 446
446 447
447 448
448 449
449 450
450 451
451 452
452 453
453 454
454 455
455 456
456 457
457 458
458 459
459 460
460 461
461 462
462 463
463 464
464 465
465 466
466 467
467 468
468 469
469 470
470 471
471 472
472 473
473 474
474 475
475 476
476 477
477 478
478 479
479 480
480 481
481 482
482 483
483 484
484 485
485 486
486 487
487 488
488 489
489 490
490 491
491 492
492 493
493 494
494 495
495 496
496 497
497 498
498 499
499 500
500 501
501 502
502 503
503 504
504 505
505 506
506 507
507 508
508 509
509 510
510 511
511 512
512 513
513 514
514 515
515 516
516 517
517 518
518 519
519 520
520 521
521 522
522 523
523 524
524 525
525 526
526 527
527 528
528 529
529 530
530 531
531 532
532 533
533 534
534 535
535 536
536 537
537 538
538 539
539 540
540 541
541 542
542 543
543 544
544 545
545 546
546 547
547 548
548 549
549 550
550 551
551 552
552 553
553 554
554 555
555 556
556 557
557 558
558 559
559 560
560 561
561 562
562 563
563 564
564 565
565 566
566 567
567 568
568 569
569 570
570 571
571 572
572 573
573 574
574 575
575 576
576 577
577 578
578 579
579 580
580 581
581 582
582 583
583 584
584 585
585 586
586 587
587 588
588 589
589 590
590 591
591 592
592 593
593 594
594 595
595 596
596 597
597 598
598 599
599 600
600 601
601 602
602 603
603 604
604 605
605 606
606 607
607 608
608 609
609 610
610 611
611 612
612 613
613 614
614 615
615 616
616 617
617 618
618 619
619 620
620 621
621 622
622 623
623 624
624 625
625 626
626 627
627 628
628 629
629 630
630 631
631 632
632 633
633 634
634 635
635 636
636 637
637 638
638 639
639 640
640 641
641 642
642 643
643 644
644 645
645 646
646 647
647 648
648 649
649 650
650 651
651 652
652 653
653 654
654 655
655 656
656 657
657 658
658 659
659 660
660 661
661 662
662 663
663 664
664 665
665 666
666 667
667 668
668 669
669 670
670 671
671 672
672 673
673 674
674 675
675 676
676 677
677 678
678 679
679 680
680 681
681 682
682 683
683 684
684 685
685 686
686 687
687 688
688 689
689 690
690 691
691 692
692 693
693 694
694 695
695 696
696 697
697 698
698 699
699 700
700 701
701 702
702 703
703 704
704 705
705 706
706 707
707 708
708 709
709 710
710 711
711 712
712 713
713 714
714 715
715 716
716 717
717 718
718 719
719 720
720 721
721 722
722 723
723 724
724 725
725 726
726 727
727 728
728 729
729 730
730 731
731 732
732 733
733 734
734 735
735 736
736 737
737 738
738 739
739 740
740 741
741 742
742 743
743 744
744 745
745 746
746 747
747 748
748 749
749 750
750 751
751 752
752 753
753 754
754 755
755 756
756 757
757 758
758 759
759 760
760 761
761 762
762 763
763 764
764 765
765 766
766 767
767 768
768 769
769 770
770 771
771 772
772 773
773 774
774 775
775 776
776 777
777 778
778 779
779 780
780 781
781 782
782 783
783 784
784 785
785 786
786 787
787 788
788 789
789 790
790 791
791 792
792 793
793 794
794 795
795 796
796 797
797 798
798 799
799 800
800 801
801 802
802 803
803 804
804 805
805 806
806 807
807 808
808 809
809 810
810 811
811 812
812 813
813 814
814 815
815 816
816 817
817 818
818 819
819 820
820 821
821 822
822 823
823 824
824 825
825 826
826 827
827 828
828 829
829 830
830 831
831 832
832 833
833 834
834 835
835 836
836 837
837 838
838 839
839 840
840 841
841 842
842 843
843 844
844 845
845 846
846 847
847 848
848 849
849 850
850 851
851 852
852 853
853 854
854 855
855 856
856 857
857 858
858 859
859 860
860 861
861 862
862 863
863 864
864 865
865 866
866 867
867 868
868 869
869 870
870 871
871 872
872 873
873 874
874 875
875 876
876 877
877 878
878 879
879 880
880 881
881 882
882 883
883 884
884 885
885 886
886 887
887 888
888 889
889 890
890 891
891 892
892 893
893 894
894 895
895 896
896 897
897 898
898 899
899 900
900 901
901 902
902 903
903 904
904 905
905 906
906 907
907 908
908 909
909 910
910 911
911 912
912 913
913 914
914 915
915 916
916 917
917 918
918 919
919 920
920 921
921 922
922 923
923 924
924 925
925 926
926 927
927 928
928 929
929 930
930 931
931 932
932 933
933 934
934 935
935 936
936 937
937 938
938 939
939 940
940 941
941 942
942 943
943 944
944 945
945 946
946 947
947 948
948 949
949 950
950 951
951 952
952 953
953 954
954 955
955 956
956 957
957 958
958 959
959 960
960 961
961 962
962 963
963 964
964 965
965 966
966 967
967 968
968 969
969 970
970 971
971 972
972 973
973 974
974 975
975 976
976 977
977 978
978 979
979 980
980 981
981 982
982 983
983 984
984 985
985 986
986 987
987 988
988 989
989 990
990 991
991 992
992 993
993 994
994 995
995 996
996 997
997 998
998 999
999 1000
1000 1001
1001 1002
1002 1003
1003 1004
1004 1005
1005 1006
1006 1007
1007 1008
1008 1009
1009 1010
1010 1011
1011 1012
1012 1013
1013 1014
1014 1015
1015 1016
1016 1017
1017 1018
1018 1019
1019 1020
1020 1021
1021 1022
1022 1023
1023 1024
1024 1025
1025 1026
1026 1027
1027 1028
1028 1029
1029 1030
1030 1031
1031 1032
1032 1033
1033 1034
1034 1035
1035 1036
1036 1037
1037 1038
1038 1039
1039 1040
1040 1041
1041 1042
1042 1043
1043 1044
1044 1045
1045 1046
1046 1047
1047 1048
1048 1049
1049 1050
1050 1051
1051 1052
1052 1053
1053 1054
1054 1055
1055 1056
1056 1057
1057 1058
1058 1059
1059 1060
1060 1061
1061 1062
1062 1063
1063 1064
1064 1065
1065 1066
1066 1067
1067 1068
1068 1069
1069 1070
1070 1071
1071 1072
1072 1073
1073 1074
1074 1075
1075 1076
1076 1077
1077 1078
1078 1079
1079 1080
1080 1081
1081 1082
1082 1083
1083 1084
1084 1085
1085 1086
1086 1087
1087 1088
1088 1089
1089 1090
1090 1091
1091 1092
1092 1093
1093 1094
1094 1095
1095 1096
1096 1097
1097 1098
1098 1099
1099 1100
1100 1101
1101 1102
1102 1103
1103 1104
1104 1105
1105 1106
1106 1107
1107 1108
1108 1109
1109 1110
1110 1111
1111 1112
1112 1113
1113 1114
1114 1115
1115 1116
1116 1117
1117 1118
1118 1119
1119 1120
1120 1121
1121 1122
1122 1123
1123 1124
1124 1125
1125 1126
1126 1127
1127 1128
1128 1129
1129 1130
1130 1131
1131 1132
1132 1133
1133 1134
1134 1135
1135 1136
1136 1137
1137 1138
1138 1139
1139 1140
1140 1141
1141 1142
1142 1143
1143 1144
1144 1145
1145 1146
1146 1147
1147 1148
1148 1149
1149 1150
1150 1151
1151 1152
1152 1153
1153 1154
1154 1155
1155 1156
1156 1157
1157 1158
1158 1159
1159 1160
1160 1161
1161 1162
1162 1163
1163 1164
1164 1165
1165 1166
1166 1167
1167 1168
1168 1169
1169 1170
1170 1171
1171 1172
1172 1173
1173 1174
1174 1175
1175 1176
1176 1177
1177 1178
1178 1179
1179 1180
1180 1181
1181 1182
1182 1183
1183 1184
1184 1185
1185 1186
1186 1187
1187 1188
1188 1189
1189 1190
1190 1191
1191 1192
1192 1193
1193 1194
1194 1195
1195 1196
1196 1197
1197 1198
1198 1199
1199 1200
1200 1201
1201 1202
1202 1203
1203 1204
1204 1205
1205 1206
1206 1207
1207 1208
1208 1209
1209 1210
1210 1211
1211 1212
1212 1213
1213 1214
1214 1215
1215 1216
1216 1217
1217 1218
1218 1219
1219 1220
1220 1221
1221 1222
1222 1223
1223 1224
1224 1225
1225 1226
1226 1227
1227 1228
1228 1229
1229 1230
1230 1231
1231 1232
1232 1233
1233 1234
1234 1235
1235 1236
1236 1237
1237 1238
1238 1239
1239 1240
1240 1241
1241 1242
1242 1243
1243 1244
1244 1245
1245 1246
1246 1247
1247 1248
1248 1249
1249 1250
1250 1251
1251 1252
1252 1253
1253 1254
1254 1255
1255 1256
1256 1257
1257 1258
1258 1259
1259 1260
1260 1261
1261 1262
1262 1263
1263 1264
1264 1265
1265 1266
1266 1267
1267 1268
1268 1269
1269 1270
1270 1271
1271 1272
1272 1273
1273 1274
1274 1275
1275 1276
1276 1277
1277 1278
1278 1279
1279 1280
1280 1281
1281 1282
1282 1283
1283 1284
1284 1285
1285 1286
1286 1287
1287 1288
1288 1289
1289 1290
1290 1291
1291 1292
1292 1293
1293 1294
1294 1295
1295 1296
1296 1297
1297 1298
1298 1299
1299 1300
1300 1301
1301 1302
1302 1303
1303 1304
1304 1305
1305 1306
1306 1307
1307 1308
1308 1309
1309 1310
1310 1311
1311 1312
1312 1313
1313 1314
1314 1315
1315 1316
1316 1317
1317 1318
1318 1319
1319 1320
1320 1321
1321 1322
1322 1323
1323 1324
1324 1325
1325 1326
1326 1327
1327 1328
1328 1329
1329 1330
1330 1331
1331 1332
1332 1333
1333 1334
1334 1335
1335 1336
1336 1337
1337 1338
1338 1339
1339 1340
1340 1341
1341 1342
1342 1343
1343 1344
1344 1345
1345 1346
1346 1347
1347 1348
1348 1349
1349 1350
1350 1351
1351 1352
1352 1353
1353 1354
1354 1355
1355 1356
1356 1357
1357 1358
1358 1359
1359 1360
1360 1361
1361 1362
1362 1363
1363 1364
1364 1365
1365 1366
1366 1367
1367 1368
1368 1369
1369 1370
1370 1371
1371 1372
1372 1373
1373 1374
1374 1375
1375 1376
1376 1377
1377 1378
1378 1379
1379 1380
1380 1381
1381 1382
1382 1383
1383 1384
1384 1385
1385 1386
1386 1387
1387 1388
1388 1389
1389 1390
1390 1391
1391 1392
1392 1393
1393 1394
1394 1395
1395 1396
1396 1397
1397 1398
1398 1399
1399 1400
1400 1401
1401 1402
1402 1403
1403 1404
1404 1405
1405 1406
1406 1407
1407 1408
1408 1409
1409 1410
1410 1411
1411 1412
1412 1413
1413 1414
1414 1415
1415 1416
1416 1417
1417 1418
1418 1419
1419 1420
1420 1421
1421 1422
1422 1423
1423 1424
1424 1425
1425 1426
1426 1427
1427 1428
1428 1429
1429 1430
1430 1431
1431 1432
1432 1433
1433 1434
1434 1435
1435 1436
1436 1437
1437 1438
1438 1439
1439 1440
1440 1441
1441 1442
1442 1443
1443 1444
1444 1445
1445 1446
1446 1447
1447 1448
1448 1449
1449 1450
1450 1451
1451 1452
1452 1453
1453 1454
1454 1455
1455 1456
1456 1457
1457 1458
1458 1459
1459 1460
1460 1461
1461 1462
1462 1463
1463 1464
1464 1465
1465 1466
1466 1467
1467 1468
1468 1469
1469 1470
1470 1471
1471 1472
1472 1473
1473 1474
1474 1475
1475 1476
1476 1477
1477 1478
1478 1479
1479 1480
1480 1481
1481 1482
1482 1483
1483 1484
1484 1485
1485 1486
1486 1487
1487 1488
1488 1489
1489 1490
1490 1491
1491 1492
1492 1493
1493 1494
1494 1495
1495 1496
1496 1497
1497 1498
1498 1499
1499 1500
1500 1501
1501 1502
1502 1503
1503 1504
1504 1505
1505 1506
1506 1507
1507 1508
1508 1509
1509 1510
1510 1511
1511 1512
1512 1513
1513 1514
1514 1515
1515 1516
1516 1517
1517 1518
1518 1519
1519 1520
1520 1521
1521 1522
1522 1523
1523 1524
1524 1525
1525 1526
1526 1527
1527 1528
1528 1529
1529 1530
1530 1531
1531 1532
1532 1533
1533 1534
1534 1535
1535 1536
1536 1537
1537 1538
1538 1539
1539 1540
1540 1541
1541 1542
1542 1543
1543 1544
1544 1545
1545 1546
1546 1547
1547 1548
1548 1549
1549 1550
1550 1551
1551 1552
1552 1553
1553 1554
1554 1555
1555 1556
1556 1557
1557 1558
1558 1559
1559 1560
1560 1561
1561 1562
1562 1563
1563 1564
1564 1565
1565 1566
1566 1567
1567 1568
1568 1569
1569 1570
1570 1571
1571 1572
1572 1573
1573 1574
1574 1575
1575 1576
1576 1577
1577 1578
1578 1579
1579 1580
1580 1581
1581 1582
1582 1583
1583 1584
1584 1585
1585 1586
1586 1587
1587 1588
1588 1589
1589 1590
1590 1591
1591 1592
1592 1593
1593 1594
1594 1595
1595 1596
1596 1597
1597 1598
1598 1599
1599 1600
1600 1601
1601 1602
1602 1603
1603 1604
1604 1605
1605 1606
1606 1607
1607 1608
1608 1609
1609 1610
1610 1611
1611 1612
1612 1613
1613 1614
1614 1615
1615 1616
1616 1617
1617 1618
1618 1619
1619 1620
1620 1621
1621 1622
1622 1623
1623 1624
1624 1625
1625 1626
1626 1627
1627 1628
1628 1629
1629 1630
1630 1631
1631 1632
1632 1633
1633 1634
1634 1635
1635 1636
1636 1637
1637 1638
1638 1639
1639 1640
1640 1641
1641 1642
1642 1643
1643 1644
1644 1645
1645 1646
1646 1647
1647 1648
1648 1649
1649 1650
1650 1651
1651 1652
1652 1653
1653 1654
1654 1655
1655 1656
1656 1657
1657 1658
1658 1659
1659 1660
1660 1661
1661 1662
1662 1663
1663 1664
1664 1665
1665 1666
1666 1667
1667 1668
1668 1669
1669 1670
1670 1671
1671 1672
1672 1673
1673 1674
1674 1675
1675 1676
1676 1677
1677 1678
1678 1679
1679 1680
1680 1681
1681 1682
1682 1683
1683 1684
1684 1685
1685 1686
1686 1687
1687 1688
1688 1689
1689 1690
1690 1691
1691 1692
1692 1693
1693 1694
1694 1695
1695 1696
1696 1697
1697 1698
1698 1699
1699 1700
1700 1701
1701 1702
1702 1703
1703 1704
1704 1705
1705 1706
1706 1707
1707 1708
1708 1709
1709 1710
1710 1711
1711 1712
1712 1713
1713 1714
1714 1715
1715 1716
1716 1717
1717 1718
1718 1719
1719 1720
1720 1721
1721 1722
1722 1723
1723 1724
1724 1725
1725 1726
1726 1727
1727 1728
1728 1729
1729 1730
1730 1731
1731 1732
1732 1733
1733 1734
1734 1735
1735 1736
1736 1737
1737 1738
1738 1739
1739 1740
1740 1741
1741 1742
1742 1743
1743 1744
1744 1745
1745 1746
1746 1747
1747 1748
1748 1749
1749 1750
1750 1751
1751 1752
1752 1753
1753 1754
1754 1755
1755 1756
1756 1757
1757 1758
1758 1759
1759 1760
1760 1761
1761 1762
1762 1763
1763 1764
1764 1765
1765 1766
1766 1767
1767 1768
1768 1769
1769 1770
1770 1771
1771 1772
1772 1773
1773 1774
1774 1775
1775 1776
1776 1777
1777 1778
1778 1779
1779 1780
1780 1781
1781 1782
1782 1783
1783 1784
1784 1785
1785 1786
1786 1787
1787 1788
1788 1789
1789 1790
1790 1791
1791 1792
1792 1793
1793 1794
1794 1795
1795 1796
1796 1797
1797 1798
1798 1799
1799 1800
1800 1801
1801 1802
1802 1803
1803 1804
1804 1805
1805 1806
1806 1807
1807 1808
1808 1809
1809 1810
1810 1811
1811 1812
1812 1813
1813 1814
1814 1815
1815 1816
1816 1817
1817 1818
1818 1819
1819 1820
1820 1821
1821 1822
1822 1823
1823 1824
1824 1825
1825 1826
1826 1827
1827 1828
1828 1829
1829 1830
1830 1831
1831 1832
1832 1833
1833 1834
1834 1835
1835 1836
1836 1837
1837 1838
1838 1839
1839 1840
1840 1841
1841 1842
1842 1843
1843 1844
1844 1845
1845 1846
1846 1847
1847 1848
1848 1849
1849 1850
1850 1851
1851 1852
1852 1853
1853 1854
1854 1855
1855 1856
1856 1857
1857 1858
1858 1859
1859 1860
1860 1861
1861 1862
1862 1863
1863 1864
1864 1865
1865 1866
1866 1867
1867 1868
1868 1869
1869 1870
1870 1871
1871 1872
1872 1873
1873 1874
1874 1875
1875 1876
1876 1877
1877 1878
1878 1879
1879 1880
1880 1881
1881 1882
1882 1883
1883 1884
1884 1885
1885 1886
1886 1887
1887 1888
1888 1889
1889 1890
1890 1891
1891 1892
1892 1893
1893 1894
1894 1895
1895 1896
1896 1897
1897 1898
1898 1899
1899 1900
1900 1901
1901 1902
1902 1903
1903 1904
1904 1905
1905 1906
1906 1907
1907 1908
1908 1909
1909 1910
1910 1911
1911 1912
1912 1913
1913 1914
1914 1915
1915 1916
1916 1917
1917 1918
1918 1919
1919 1920
1920 1921
1921 1922
1922 1923
1923 1924
1924 1925
1925 1926
1926 1927
1927 1928
1928 1929
1929 1930
1930 1931
1931 1932
1932 1933
1933 1934
1934 1935
1935 1936
1936 1937
1937 1938
1938 1939
1939 1940
1940 1941
1941 1942
1942 1943
1943 1944
1944 1945
1945 1946
1946 1947
1947 1948
1948 1949
1949 1950
1950 1951
1951 1952
1952 1953
1953 1954
1954 1955
1955 1956
1956 1957
1957 1958
1958 1959
1959 1960
1960 1961
1961 1962
1962 1963
1963 1964
1964 1965
1965 1966
1966 1967
1967 1968
1968 1969
1969 1970
1970 1971
1971 1972
1972 1973
1973 1974
1974 1975
1975 1976
1976 1977
1977 1978
1978 1979
1979 1980
1980 1981
1981 1982
1982 1983
1983 1984
1984 1985
1985 1986
1986 1987
1987 1988
1988 1989
1989 1990
1990 1991
1991 1992
1992 1993
1993 1994
1994 1995
1995 1996
1996 1997
1997 1998
1998 1999
1999 2000
2000 2001
2001 2002
2002 2003
2003 2004
2004 2005
2005 2006
2006 2007
2007 2008
2008 2009
2009 2010
2010 2011
2011 2012
2012 2013
2013 2014
2014 2015
2015 2016
2016 2017
2017 2018
2018 2019
2019 2020
2020 2021
2021 2022
2022 2023
2023 2024
2024 2025
2025 2026
2026 2027
2027 2028
2028 2029
2029 2030
2030 2031
2031 2032
2032 2033
2033 2034
2034 2035
2035 2036
2036 2037
2037 2038
2038 2039
2039 2040
2040 2041
2041 2042
2042 2043
2043 2044
2044 2045
2045 2046
2046 2047
2047 2048
2048 2049
2049 2050
2050 2051
2051 2052
2052 2053
2053 2054
2054 2055
2055 2056
2056 2057
2057 2058
2058 2059
2059 2060
2060 2061
2061 2062
2062 2063
2063 2064
2064 2065
2065 2066
2066 2067
2067 2068
2068 2069
2069 2070
2070 2071
2071 2072
2072 2073
2073 2074
2074 2075
2075 2076
2076 2077
2077 2078
2078 2079
2079 2080
2080 2081
2081 2082
2082 2083
2083 2084
2084 2085
2085 2086
2086 2087
2087 2088
2088 2089
2089 2090
2090 2091
2091 2092
2092 2093
2093 2094
2094 2095
2095 2096
2096 2097
2097 2098
2098 2099
2099 2100
2100 2101
2101 2102
2102 2103
2103 2104
2104 2105
2105 2106
2106 2107
2107 2108
2108 2109
2109 2110
2110 2111
2111 2112
2112 2113
2113 2114
2114 2115
2115 2116
2116 2117
2117 2118
2118 2119
2119 2120
2120 2121
2121 2122
2122 2123
2123 2124
2124 2125
2125 2126
2126 2127
2127 2128
2128 2129
2129 2130
2130 2131
2131 2132
2132 2133
2133 2134
2134 2135
2135 2136
2136 2137
2137 2138
2138 2139
2139 2140
2140 2141
2141 2142
2142 2143
2143 2144
2144 2145
2145 2146
2146 2147
2147 2148
2148 2149
2149 2150
2150 2151
2151 2152
2152 2153
2153 2154
2154 2155
2155 2156
2156 2157
2157 2158
2158 2159
2159 2160
2160 2161
2161 2162
2162 2163
2163 2164
2164 2165
2165 2166
2166 2167
2167 2168
2168 2169
2169 2170
2170 2171
2171 2172
2172 2173
2173 2174
2174 2175
2175 2176
2176 2177
2177 2178
2178 2179
2179 2180
2180 2181
2181 2182
2182 2183
2183 2184
2184 2185
2185 2186
2186 2187
2187 2188
2188 2189
2189 2190
2190 2191
2191 2192
2192 2193
2193 2194
2194 2195
2195 2196
2196 2197
2197 2198
2198 2199
2199 2200
2200 2201
2201 2202
2202 2203
2203 2204
2204 2205
2205 2206
2206 2207
2207 2208
2208 2209
2209 2210
2210 2211
2211 2212
2212 2213
2213 2214
2214 2215
2215 2216
2216 2217
2217 2218
2218 2219
2219 2220
2220 2221
2221 2222
2222 2223
2223 2224
2224 2225
2225 2226
2226 2227
2227 2228
2228 2229
2229 2230
2230 2231
2231 2232
2232 2233
2233 2234
2234 2235
2235 2236
2236 2237
2237 2238
2238 2239
2239 2240
2240 2241
2241 2242
2242 2243
2243 2244
2244 2245
2245 2246
2246 2247
2247 2248
2248 2249
2249 2250
2250 2251
2251 2252
2252 2253
2253 2254
2254 2255
2255 2256
2256 2257
2257 2258
2258 2259
2259 2260
2260 2261
2261 2262
2262 2263
2263 2264
2264 2265
2265 2266
2266 2267
2267 2268
2268 2269
2269 2270
2270 2271
2271 2272
2272 2273
2273 2274
2274 2275
2275 2276
2276 2277
2277 2278
2278 2279
2279 2280
2280 2281
2281 2282
2282 2283
2283 2284
2284 2285
2285 2286
2286 2287
2287 2288
2288 2289
2289 2290
2290 2291
2291 2292
2292 2293
2293 2294
2294 2295
2295 2296
2296 2297
2297 2298
2298 2299
2299 2300
2300 2301
2301 2302
2302 2303
2303 2304
2304 2305
2305 2306
2306 2307
2307 2308
2308 2309
2309 2310
2310 2311
2311 2312
2312 2313
2313 2314
2314 2315
2315 2316
2316 2317
2317 2318
2318 2319
2319 2320
2320 2321
2321 2322
2322 2323
2323 2324
2324 2325
2325 2326
2326 2327
2327 2328
2328 2329
2329 2330
2330 2331
2331 2332
2332 2333
2333 2334
2334 2335
2335 2336
2336 2337
2337 2338
2338 2339
2339 2340
2340 2341
2341 2342
2342 2343
2343 2344
2344 2345
2345 2346
2346 2347
2347 2348
2348 2349
2349 2350
2350 2351
2351 2352
2352 2353
2353 2354
2354 2355
2355 2356
2356 2357
2357 2358
2358 2359
2359 2360
2360 2361
2361 2362
2362 2363
2363 2364
2364 2365
2365 2366
2366 2367
2367 2368
2368 2369
2369 2370
2370 2371
2371 2372
2372 2373
2373 2374
2374 2375
2375 2376
2376 2377
2377 2378
2378 2379
2379 2380
2380 2381
2381 2382
2382 2383
2383 2384
2384 2385
2385 2386
2386 2387
2387 2388
2388 2389
2389 2390
2390 2391
2391 2392
2392 2393
2393 2394
2394 2395
2395 2396
2396 2397
2397 2398
2398 2399
2399 2400
2400 2401
2401 2402
2402 2403
2403 2404
2404 2405
2405 2406
2406 2407
2407 2408
2408 2409
2409 2410
2410 2411
2411 2412
2412 2413
2413 2414
2414 2415
2415 2416
2416 2417
2417 2418
2418 2419
2419 2420
2420 2421
2421 2422
2422 2423
2423 2424
2424 2425
2425 2426
2426 2427
2427 2428
2428 2429
2429 2430
2430 2431
2431 2432
2432 2433
2433 2434
2434 2435
2435 2436
2436 2437
2437 2438
2438 2439
2439 2440
2440 2441
2441 2442
2442 2443
2443 2444
2444 2445
2445 2446
2446 2447
2447 2448
2448 2449
2449 2450
2450 2451
2451 2452
2452 2453
2453 2454
2454 2455
2455 2456
2456 2457
2457 2458
2458 2459
2459 2460
2460 2461
2461 2462
2462 2463
2463 2464
2464 2465
2465 2466
2466 2467
2467 2468
2468 2469
2469 2470
2470 2471
2471 2472
2472 2473
2473 2474
2474 2475
2475 2476
2476 2477
2477 2478
2478 2479
2479 2480
2480 2481
2481 2482
2482 2483
2483 2484
2484 2485
2485 2486
2486 2487
2487 2488
2488 2489
2489 2490
2490 2491
2491 2492
2492 2493
2493 2494
2494 2495
2495 2496
2496 2497
2497 2498
2498 2499
2499 2500
2500 2501
2501 2502
2502 2503
2503 2504
2504 2505
2505 2506
2506 2507
2507 2508
2508 2509
2509 2510
2510 2511
2511 2512
2512 2513
2513 2514
2514 2515
2515 2516
2516 2517
2517 2518
2518 2519
2519 2520
2520 2521
2521 2522
2522 2523
2523 2524
2524 2525
2525 2526
2526 2527
2527 2528
2528 2529
2529 2530
2530 2531
2531 2532
2532 2533
2533 2534
2534 2535
2535 2536
2536 2537
2537 2538
2538 2539
2539 2540
2540 2541
2541 2542
2542 2543
2543 2544
2544 2545
2545 2546
2546 2547
2547 2548
2548 2549
2549 2550
2550 2551
2551 2552
2552 2553
2553 2554
2554 2555
2555 2556
2556 2557
2557 2558
2558 2559
2559 2560
2560 2561
2561 2562
2562 2563
2563 2564
2564 2565
2565 2566
2566 2567
2567 2568
2568 2569
2569 2570
2570 2571
2571 2572
2572 2573
2573 2574
2574 2575
2575 2576
2576 2577
2577 2578
2578 2579
2579 2580
2580 2581
2581 2582
2582 2583
2583 2584
2584 2585
2585 2586
2586 2587
2587 2588
2588 2589
2589 2590
2590 2591
2591 2592
2592 2593
2593 2594
2594 2595
2595 2596
2596 2597
2597 2598
2598 2599
2599 2600
2600 2601
2601 2602
2602 2603
2603 2604
2604 2605
2605 2606
2606 2607
2607 2608
2608 2609
2609 2610
2610 2611
2611 2612
2612 2613
2613 2614
2614 2615
2615 2616
2616 2617
2617 2618
2618 2619
2619 2620
2620 2621
2621 2622
2622 2623
2623 2624
2624 2625
2625 2626
2626 2627
2627 2628
2628 2629
2629 2630
2630 2631
2631 2632
2632 2633
2633 2634
2634 2635
2635 2636
2636 2637
2637 2638
2638 2639
2639 2640
2640 2641
2641 2642
2642 2643
2643 2644
2644 2645
2645 2646
2646 2647
2647 2648
2648 2649
2649 2650
2650 2651
2651 2652
2652 2653
2653 2654
2654 2655
2655 2656
2656 2657
2657 2658
2658 2659
2659 2660
2660 2661
2661 2662
2662 2663
2663 2664
2664 2665
2665 2666
2666 2667
2667 2668
2668 2669
2669 2670
2670 2671
2671 2672
2672 2673
2673 2674
2674 2675
2675 2676
2676 2677
2677 2678
2678 2679
2679 2680
2680 2681
2681 2682
2682 2683
2683 2684
2684 2685
2685 2686
2686 2687
2687 2688
2688 2689
2689 2690
2690 2691
2691 2692
2692 2693
2693 2694
2694 2695
2695 2696
2696 2697
2697 2698
2698 2699
2699 2700
2700 2701
2701 2702
2702 2703
2703 2704
2704 2705
2705 2706
2706 2707
2707 2708
2708 2709
2709 2710
2710 2711
2711 2712
2712 2713
2713 2714
2714 2715
2715 2716
2716 2717
2717 2718
2718 2719
2719 2720
2720 2721
2721 2722
2722 2723
2723 2724
2724 2725
2725 2726
2726 2727
2727 2728
2728 2729
2729 2730
2730 2731
2731 2732
2732 2733
2733 2734
2734 2735
2735 2736
2736 2737
2737 2738
2738 2739
2739 2740
2740 2741
2741 2742
2742 2743
2743 2744
2744 2745
2745 2746
2746 2747
2747 2748
2748 2749
2749 2750
2750 2751
2751 2752
2752 2753
2753 2754
2754 2755
2755 2756
2756 2757
2757 2758
2758 2759
2759 2760
2760 2761
2761 2762
2762 2763
2763 2764
2764 2765
2765 2766
2766 2767
2767 2768
2768 2769
2769 2770
2770 2771
2771 2772
2772 2773
2773 2774
2774 2775
2775 2776
2776 2777
2777 2778
2778 2779
2779 2780
2780 2781
2781 2782
2782 2783
2783 2784
2784 2785
2785 2786
2786 2787
2787 2788
2788 2789
2789 2790
2790 2791
2791 2792
2792 2793
2793 2794
2794 2795
2795 2796
2796 2797
2797 2798
2798 2799
2799 2800
2800 2801
2801 2802
2802 2803
2803 2804
2804 2805
2805 2806
2806 2807
2807 2808
2808 2809
2809 2810
2810 2811
2811 2812
2812 2813
2813 2814
2814 2815
2815 2816
2816 2817
2817 2818
2818 2819
2819 2820
2820 2821
2821 2822
2822 2823
2823 2824
2824 2825
2825 2826
2826 2827
2827 2828
2828 2829
2829 2830
2830 2831
2831 2832
2832 2833
2833 2834
2834 2835
2835 2836
2836 2837
2837 2838
2838 2839
2839 2840
2840 2841
2841 2842
2842 2843
2843 2844
2844 2845
2845 2846
2846 2847
2847 2848
2848 2849
2849 2850
2850 2851
2851 2852
2852 2853
2853 2854
2854 2855
2855 2856
2856 2857
2857 2858
2858 2859
2859 2860
2860 2861
2861 2862
2862 2863
2863 2864
2864 2865
2865 2866
2866 2867
2867 2868
2868 2869
2869 2870
2870 2871
2871 2872
2872 2873
2873 2874
2874 2875
2875 2876
2876 2877
2877 2878
2878 2879
2879 2880
2880 2881
2881 2882
2882 2883
2883 2884
2884 2885
2885 2886
2886 2887
2887 2888
2888 2889
2889 2890
2890 2891
2891 2892
2892 2893
2893 2894
2894 2895
2895 2896
2896 2897
2897 2898
2898 2899
2899 2900
2900 2901
2901 2902
2902 2903
2903 2904
2904 2905
2905 2906
2906 2907
2907 2908
2908 2909
2909 2910
2910 2911
2911 2912
2912 2913
2913 2914
2914 2915
2915 2916
2916 2917
2917 2918
2918 2919
2919 2920
2920 2921
2921 2922
2922 2923
2923 2924
2924 2925
2925 2926
2926 2927
2927 2928
2928 2929
2929 2930
2930 2931
2931 2932
2932 2933
2933 2934
2934 2935
2935 2936
2936 2937
2937 2938
2938 2939
2939 2940
2940 2941
2941 2942
2942 2943
2943 2944
2944 2945
2945 2946
2946 2947
2947 2948
2948 2949
2949 2950
2950 2951
2951 2952
2952 2953
2953 2954
2954 2955
2955 2956
2956 2957
2957 2958
2958 2959
2959 2960
2960 2961
2961 2962
2962 2963
2963 2964
2964 2965
2965 2966
2966 2967
2967 2968
2968 2969
2969 2970
2970 2971
2971 2972
2972 2973
2973 2974
2974 2975
2975 2976
2976 2977
2977 2978
2978 2979
2979 2980
2980 2981
2981 2982
2982 2983
2983 2984
2984 2985
2985 2986
2986 2987
2987 2988
2988 2989
2989 2990
2990 2991
2991 2992
2992 2993
2993 2994
2994 2995
2995 2996
2996 2997
2997 2998
2998 2999
2999 3000
3000 3001
3001 3002
3002 3003
3003 3004
3004 3005
3005 3006
3006 3007
3007 3008
3008 3009
3009 3010
3010 3011
3011 3012
3012 3013
3013 3014
3014 3015
3015 3016
3016 3017
3017 3018
3018 3019
3019 3020
3020 3021
3021 3022
3022 3023
3023 3024
3024 3025
3025 3026
3026 3027
3027 3028
3028 3029
3029 3030
3030 3031
3031 3032
3032 3033
3033 3034
3034 3035
3035 3036
3036 3037
3037 3038
3038 3039
3039 3040
3040 3041
3041 3042
3042 3043
3043 3044
3044 3045
3045 3046
3046 3047
3047 3048
3048 3049
3049 3050
3050 3051
3051 3052
3052 3053
3053 3054
3054 3055
3055 3056
3056 3057
3057 3058
3058 3059
3059 3060
3060 3061
3061 3062
3062 3063
3063 3064
3064 3065
3065 3066
3066 3067
3067 3068
3068 3069
3069 3070
3070 3071
3071 3072
3072 3073
3073 3074
3074 3075
3075 3076
3076 3077
3077 3078
3078 3079
3079 3080
3080 3081
3081 3082
3082 3083
3083 3084
3084 3085
3085 3086
3086 3087
3087 3088
3088 3089
3089 3090
3090 3091
3091 3092
3092 3093
3093 3094
3094 3095
3095 3096
3096 3097
3097 3098
3098 3099
3099 3100
3100 3101
3101 3102
3102 3103
3103 3104
3104 3105
3105 3106
3106 3107
3107 3108
3108 3109
3109 3110
3110 3111
3111 3112
3112 3113
3113 3114
3114 3115
3115 3116
3116 3117
3117 3118
3118 3119
3119 3120
3120 3121
3121 3122
3122 3123
3123 3124
3124 3125
3125 3126
3126 3127
3127 3128
3128 3129
3129 3130
3130 3131
3131 3132
3132 3133
3133 3134
3134 3135
3135 3136
3136 3137
3137 3138
3138 3139
3139 3140
3140 3141
3141 3142
3142 3143
3143 3144
3144 3145
3145 3146
3146 3147
3147 3148
3148 3149
3149 3150
3150 3151
3151 3152
3152 3153
3153 3154
3154 3155
3155 3156
3156 3157
3157 3158
3158 3159
3159 3160
3160 3161
3161 3162
3162 3163
3163 3164
3164 3165
3165 3166
3166 3167
3167 3168
3168 3169
3169 3170
3170 3171
3171 3172
3172 3173
3173 3174
3174 3175
3175 3176
3176 3177
3177 3178
3178 3179
3179 3180
3180 3181
3181 3182
3182 3183
3183 3184
3184 3185
3185 3186
3186 3187
3187 3188
3188 3189
3189 3190
3190 3191
3191 3192
3192 3193
3193 3194
3194 3195
3195 3196
3196 3197
3197 3198
3198 3199
3199 3200
3200 3201
3201 3202
3202 3203
3203 3204
3204 3205
3205 3206
3206 3207
3207 3208
3208 3209
3209 3210
3210 3211
3211 3212
3212 3213
3213 3214
3214 3215
3215 3216
3216 3217
3217 3218
3218 3219
3219 3220
3220 3221
3221 3222
3222 3223
3223 3224
3224 3225
3225 3226
3226 3227
3227 3228
3228 3229
3229 3230
3230 3231
3231 3232
3232 3233
3233 3234
3234 3235
3235 3236
3236 3237
3237 3238
3238 3239
3239 3240
3240 3241
3241 3242
3242 3243
3243 3244
3244 3245
3245 3246
3246 3247
3247 3248
3248 3249
3249 3250
3250 3251
3251 3252
3252 3253
3253 3254
3254 3255
3255 3256
3256 3257
3257 3258
3258 3259
3259 3260
3260 3261
3261 3262
3262 3263
3263 3264
3264 3265
3265 3266
3266 3267
3267 3268
3268 3269
3269 3270
3270 3271
3271 3272
3272 3273
3273 3274
3274 3275
3275 3276
3276 3277
3277 3278
3278 3279
3279 3280
3280 3281
3281 3282
3282 3283
3283 3284
3284 3285
3285 3286
3286 3287
3287 3288
3288 3289
3289 3290
3290 3291
3291 3292
3292 3293
3293 3294
3294 3295
3295 3296
3296 3297
3297 3298
3298 3299
3299 3300
3300 3301
3301 3302
3302 3303
3303 3304
3304 3305
3305 3306
3306 3307
3307 3308
3308 3309
3309 3310
3310 3311
3311 3312
3312 3313
3313 3314
3314 3315
3315 3316
3316 3317
3317 3318
3318 3319
3319 3320
3320 3321
3321 3322
3322 3323
3323 3324
3324 3325
3325 3326
3326 3327
3327 3328
3328 3329
3329 3330
3330 3331
3331 3332
3332 3333
3333 3334
3334 3335
3335 3336
3336 3337
3337 3338
3338 3339
3339 3340
3340 3341
3341 3342
3342 3343
3343 3344
3344 3345
3345 3346
3346 3347
3347 3348
3348 3349
3349 3350
3350 3351
3351 3352
3352 3353
3353 3354
3354 3355
3355 3356
3356 3357
3357 3358
3358 3359
3359 3360
3360 3361
3361 3362
3362 3363
3363 3364
3364 3365
3365 3366
3366 3367
3367 3368
3368 3369
3369 3370
3370 3371
3371 3372
3372 3373
3373 3374
3374 3375
3375 3376
3376 3377
3377 3378
3378 3379
3379 3380
3380 3381
3381 3382
3382 3383
3383 3384
3384 3385
3385 3386
3386 3387
3387 3388
3388 3389
3389 3390
3390 3391
3391 3392
3392 3393
3393 3394
3394 3395
3395 3396
3396 3397
3397 3398
3398 3399
3399 3400
3400 3401
3401 3402
3402 3403
3403 3404
3404 3405
3405 3406
3406 3407
3407 3408
3408 3409
3409 3410
3410 3411
3411 3412
3412 3413
3413 3414
3414 3415
3415 3416
3416 3417
3417 3418
3418 3419
3419 3420
3420 3421
3421 3422
3422 3423
3423 3424
3424 3425
3425 3426
3426 3427
3427 3428
3428 3429
3429 3430
3430 3431
3431 3432
3432 3433
3433 3434
3434 3435
3435 3436
3436 3437
3437 3438
3438 3439
3439 3440
3440 3441
3441 3442
3442 3443
3443 3444
3444 3445
3445 3446
3446 3447
3447 3448
3448 3449
3449 3450
3450 3451
3451 3452
3452 3453
3453 3454
3454 3455
3455 3456
3456 3457
3457 3458
3458 3459
3459 3460
3460 3461
3461 3462
3462 3463
3463 3464
3464 3465
3465 3466
3466 3467
3467 3468
3468 3469
3469 3470
3470 3471
3471 3472
3472 3473
3473 3474
3474 3475
3475 3476
3476 3477
3477 3478
3478 3479
3479 3480
3480 3481
3481 3482
3482 3483
3483 3484
3484 3485
3485 3486
3486 3487
3487 3488
3488 3489
3489 3490
3490 3491
3491 3492
3492 3493
3493 3494
3494 3495
3495 3496
3496 3497
3497 3498
3498 3499
3499 3500
3500 3501
3501 3502
3502 3503
3503 3504
3504 3505
3505 3506
3506 3507
3507 3508
3508 3509
3509 3510
3510 3511
3511 3512
3512 3513
3513 3514
3514 3515
3515 3516
3516 3517
3517 3518
3518 3519
3519 3520
3520 3521
3521 3522
3522 3523
3523 3524
3524 3525
3525 3526
3526 3527
3527 3528
3528 3529
3529 3530
3530 3531
3531 3532
3532 3533
3533 3534
3534 3535
3535 3536
3536 3537
3537 3538
3538 3539
3539 3540
3540 3541
3541 3542
3542 3543
3543 3544
3544 3545
3545 3546
3546 3547
3547 3548
3548 3549
3549 3550
3550 3551
3551 3552
3552 3553
3553 3554
3554 3555
3555 3556
3556 3557
3557 3558
3558 3559
3559 3560
3560 3561
3561 3562
3562 3563
3563 3564
3564 3565
3565 3566
3566 3567
3567 3568
3568 3569
3569 3570
3570 3571
3571 3572
3572 3573
3573 3574
3574 3575
3575 3576
3576 3577
3577 3578
3578 3579
3579 3580
3580 3581
3581 3582
3582 3583
3583 3584
3584 3585
3585 3586
3586 3587
3587 3588
3588 3589
3589 3590
3590 3591
3591 3592
3592 3593
3593 3594
3594 3595
3595 3596
3596 3597
3597 3598
3598 3599
3599 3600
3600 3601
3601 3602
3602 3603
3603 3604
3604 3605
3605 3606
3606 3607
3607 3608
3608 3609
3609 3610
3610 3611
3611 3612
3612 3613
3613 3614
3614 3615
3615 3616
3616 3617
3617 3618
3618 3619
3619 3620
3620 3621
3621 3622
3622 3623
3623 3624
3624 3625
3625 3626
3626 3627
3627 3628
3628 3629
3629 3630
3630 3631
3631 3632
3632 3633
3633 3634
3634 3635
3635 3636
3636 3637
3637 3638
3638 3639
3639 3640
3640 3641
3641 3642
3642 3643
3643 3644
3644 3645
3645 3646
3646 3647
3647 3648
3648 3649
3649 3650
3650 3651
3651 3652
3652 3653
3653 3654
3654 3655
3655 3656
3656 3657
3657 3658
3658 3659
3659 3660
3660 3661
3661 3662
3662 3663
3663 3664
3664 3665
3665 3666
3666 3667
3667 3668
3668 3669
3669 3670
3670 3671
3671 3672
3672 3673
3673 3674
3674 3675
3675 3676
3676 3677
3677 3678
3678 3679
3679 3680
3680 3681
3681 3682
3682 3683
3683 3684
3684 3685
3685 3686
3686 3687
3687 3688
3688 3689
3689 3690
3690 3691
3691 3692
3692 3693
3693 3694
3694 3695
3695 3696
3696 3697
3697 3698
3698 3699
3699 3700
3700 3701
3701 3702
3702 3703
3703 3704
3704 3705
3705 3706
3706 3707
3707 3708
3708 3709
3709 3710
3710 3711
3711 3712
3712 3713
3713 3714
3714 3715
3715 3716
3716 3717
3717 3718
3718 3719
3719 3720
3720 3721
3721 3722
3722 3723
3723 3724
3724 3725
3725 3726
3726 3727
3727 3728
3728 3729
3729 3730
3730 3731
3731 3732
3732 3733
3733 3734
3734 3735
3735 3736
3736 3737
3737 3738
3738 3739
0 2
2 4
4 6
7 9
9 11
11 13
13 15
14 16
16 18
17 19
19 21
20 22
22 24
23 25
25 27
26 28
28 30
29 31
31 33
32 34
34 36
35 37
37 39
38 40
40 42
41 43
43 45
44 46
46 48
47 49
49 51
50 52
52 54
53 55
55 57
56 58
58 60
59 61
61 63
62 64
64 66
65 67
67 69
68 70
70 72
71 73
73 75
74 76
76 78
77 79
79 81
80 82
82 84
83 85
85 87
86 88
88 90
89 91
91 93
92 94
94 96
95 97
97 99
98 100
100 102
101 103
103 105
104 106
106 108
107 109
109 111
110 112
112 114
113 115
115 117
116 118
118 120
121 123
124 126
126 128
128 130
129 131
131 133
132 134
134 136
135 137
137 139
138 140
140 142
141 143
143 145
144 146
146 148
147 149
149 151
150 152
152 154
153 155
155 157
156 158
158 160
159 161
161 163
162 164
164 166
167 169
170 172
172 174
174 176
176 178
177 179
179 181
180 182
182 184
183 185
185 187
186 188
188 190
189 191
191 193
192 194
194 196
195 197
197 199
198 200
200 202
201 203
203 205
204 206
206 208
207 209
209 211
210 212
212 214
213 215
215 217
216 218
218 220
219 221
221 223
222 224
224 226
225 227
227 229
228 230
230 232
231 233
233 235
234 236
236 238
237 239
239 241
240 242
242 244
243 245
245 247
246 248
248 250
249 251
251 253
252 254
254 256
255 257
257 259
258 260
260 262
261 263
263 265
264 266
266 268
267 269
269 271
270 272
272 274
273 275
275 277
276 278
278 280
279 281
281 283
282 284
284 286
285 287
287 289
288 290
290 292
291 293
293 295
294 296
296 298
297 299
299 301
300 302
302 304
303 305
305 307
306 308
308 310
309 311
311 313
312 314
314 316
317 319
320 322
322 324
324 326
325 327
327 329
328 330
330 332
331 333
333 335
334 336
336 338
337 339
339 341
340 342
342 344
343 345
345 347
346 348
348 350
349 351
351 353
352 354
354 356
355 357
357 359
358 360
360 362
361 363
363 365
364 366
366 368
367 369
369 371
370 372
372 374
373 375
375 377
376 378
378 380
379 381
381 383
382 384
384 386
385 387
387 389
388 390
390 392
391 393
393 395
394 396
396 398
399 401
402 404
404 406
406 408
407 409
409 411
410 412
412 414
413 415
415 417
416 418
418 420
419 421
421 423
422 424
424 426
425 427
427 429
428 430
430 432
433 435
436 438
438 440
441 443
443 445
444 446
446 448
447 449
449 451
450 452
452 454
453 455
455 457
456 458
458 460
459 461
461 463
462 464
464 466
465 467
467 469
468 470
470 472
471 473
473 475
474 476
476 478
477 479
479 481
480 482
482 484
483 485
485 487
486 488
488 490
489 491
491 493
492 494
494 496
495 497
497 499
498 500
500 502
501 503
503 505
504 506
506 508
507 509
509 511
510 512
512 514
513 515
515 517
516 518
518 520
519 521
521 523
522 524
524 526
525 527
527 529
528 530
530 532
531 533
533 535
534 536
536 538
537 539
539 541
540 542
542 544
543 545
545 547
546 548
548 550
549 551
551 553
552 554
554 556
555 557
557 559
558 560
560 562
561 563
563 565
564 566
566 568
567 569
569 571
570 572
572 574
573 575
575 577
576 578
578 580
579 581
581 583
582 584
584 586
585 587
587 589
588 590
590 592
591 593
593 595
594 596
596 598
597 599
599 601
600 602
602 604
603 605
605 607
606 608
608 610
609 611
611 613
612 614
614 616
615 617
617 619
618 620
620 622
621 623
623 625
624 626
626 628
627 629
629 631
630 632
632 634
633 635
635 637
636 638
638 640
639 641
641 643
642 644
644 646
645 647
647 649
648 650
650 652
651 653
653 655
654 656
656 658
657 659
659 661
660 662
662 664
663 665
665 667
666 668
668 670
669 671
671 673
672 674
674 676
675 677
677 679
678 680
680 682
683 685
686 688
688 690
690 692
692 694
693 695
695 697
696 698
698 700
699 701
701 703
702 704
704 706
705 707
707 709
708 710
710 712
711 713
713 715
714 716
716 718
717 719
719 721
720 722
722 724
725 727
728 730
730 732
732 734
734 736
735 737
737 739
738 740
740 742
741 743
743 745
744 746
746 748
749 751
752 754
754 756
756 758
757 759
759 761
760 762
762 764
763 765
765 767
766 768
768 770
769 771
771 773
772 774
774 776
775 777
777 779
778 780
780 782
781 783
783 785
784 786
786 788
787 789
789 791
790 792
792 794
793 795
795 797
796 798
798 800
799 801
801 803
802 804
804 806
805 807
807 809
808 810
810 812
811 813
813 815
814 816
816 818
817 819
819 821
820 822
822 824
823 825
825 827
826 828
828 830
829 831
831 833
832 834
834 836
835 837
837 839
838 840
840 842
841 843
843 845
844 846
846 848
847 849
849 851
850 852
852 854
853 855
855 857
856 858
858 860
859 861
861 863
862 864
864 866
865 867
867 869
868 870
870 872
871 873
873 875
874 876
876 878
877 879
879 881
880 882
882 884
883 885
885 887
886 888
888 890
889 891
891 893
892 894
894 896
895 897
897 899
898 900
900 902
901 903
903 905
904 906
906 908
907 909
909 911
910 912
912 914
913 915
915 917
916 918
918 920
921 923
924 926
926 928
928 930
931 933
933 935
935 937
938 940
940 942
942 944
945 947
948 950
950 952
951 953
953 955
954 956
956 958
957 959
959 961
960 962
962 964
963 965
965 967
966 968
968 970
969 971
971 973
972 974
974 976
975 977
977 979
978 980
980 982
981 983
983 985
984 986
986 988
987 989
989 991
990 992
992 994
993 995
995 997
996 998
998 1000
999 1001
1001 1003
1002 1004
1004 1006
1005 1007
1007 1009
1008 1010
1010 1012
1011 1013
1013 1015
1014 1016
1016 1018
1017 1019
1019 1021
1020 1022
1022 1024
1025 1027
1028 1030
1030 1032
1031 1033
1033 1035
1034 1036
1036 1038
1037 1039
1039 1041
1040 1042
1042 1044
1043 1045
1045 1047
1046 1048
1048 1050
1049 1051
1051 1053
1052 1054
1054 1056
1057 1059
1060 1062
1062 1064
1064 1066
1066 1068
1068 1070
1070 1072
1073 1075
1075 1077
1077 1079
1079 1081
1081 1083
1083 1085
1085 1087
1087 1089
1088 1090
1090 1092
1091 1093
1093 1095
1094 1096
1096 1098
1097 1099
1099 1101
1100 1102
1102 1104
1103 1105
1105 1107
1106 1108
1108 1110
1109 1111
1111 1113
1112 1114
1114 1116
1115 1117
1117 1119
1118 1120
1120 1122
1123 1125
1126 1128
1128 1130
1130 1132
1131 1133
1133 1135
1134 1136
1136 1138
1137 1139
1139 1141
1140 1142
1142 1144
1143 1145
1145 1147
1146 1148
1148 1150
1149 1151
1151 1153
1152 1154
1154 1156
1155 1157
1157 1159
1158 1160
1160 1162
1161 1163
1163 1165
1164 1166
1166 1168
1167 1169
1169 1171
1170 1172
1172 1174
1173 1175
1175 1177
1176 1178
1178 1180
1179 1181
1181 1183
1182 1184
1184 1186
1185 1187
1187 1189
1188 1190
1190 1192
1191 1193
1193 1195
1194 1196
1196 1198
1197 1199
1199 1201
1200 1202
1202 1204
1203 1205
1205 1207
1206 1208
1208 1210
1209 1211
1211 1213
1212 1214
1214 1216
1217 1219
1220 1222
1222 1224
1224 1226
1227 1229
1230 1232
1232 1234
1234 1236
1235 1237
1237 1239
1238 1240
1240 1242
1241 1243
1243 1245
1244 1246
1246 1248
1247 1249
1249 1251
1250 1252
1252 1254
1253 1255
1255 1257
1256 1258
1258 1260
1259 1261
1261 1263
1262 1264
1264 1266
1265 1267
1267 1269
1268 1270
1270 1272
1271 1273
1273 1275
1274 1276
1276 1278
1277 1279
1279 1281
1280 1282
1282 1284
1283 1285
1285 1287
1286 1288
1288 1290
1289 1291
1291 1293
1292 1294
1294 1296
1295 1297
1297 1299
1298 1300
1300 1302
1301 1303
1303 1305
1304 1306
1306 1308
1307 1309
1309 1311
1310 1312
1312 1314
1313 1315
1315 1317
1316 1318
1318 1320
1319 1321
1321 1323
1322 1324
1324 1326
1325 1327
1327 1329
1328 1330
1330 1332
1331 1333
1333 1335
1334 1336
1336 1338
1337 1339
1339 1341
1340 1342
1342 1344
1343 1345
1345 1347
1346 1348
1348 1350
1349 1351
1351 1353
1352 1354
1354 1356
1355 1357
1357 1359
1358 1360
1360 1362
1361 1363
1363 1365
1364 1366
1366 1368
1367 1369
1369 1371
1370 1372
1372 1374
1373 1375
1375 1377
1376 1378
1378 1380
1379 1381
1381 1383
1382 1384
1384 1386
1385 1387
1387 1389
1388 1390
1390 1392
1391 1393
1393 1395
1394 1396
1396 1398
1397 1399
1399 1401
1400 1402
1402 1404
1403 1405
1405 1407
1406 1408
1408 1410
1409 1411
1411 1413
1412 1414
1414 1416
1415 1417
1417 1419
1418 1420
1420 1422
1421 1423
1423 1425
1424 1426
1426 1428
1427 1429
1429 1431
1430 1432
1432 1434
1433 1435
1435 1437
1436 1438
1438 1440
1441 1443
1444 1446
1446 1448
1448 1450
1450 1452
1452 1454
1453 1455
1455 1457
1456 1458
1458 1460
1459 1461
1461 1463
1462 1464
1464 1466
1465 1467
1467 1469
1468 1470
1470 1472
1471 1473
1473 1475
1474 1476
1476 1478
1477 1479
1479 1481
1480 1482
1482 1484
1483 1485
1485 1487
1486 1488
1488 1490
1489 1491
1491 1493
1492 1494
1494 1496
1495 1497
1497 1499
1498 1500
1500 1502
1501 1503
1503 1505
1504 1506
1506 1508
1507 1509
1509 1511
1512 1514
1515 1517
1517 1519
1519 1521
1520 1522
1522 1524
1523 1525
1525 1527
1526 1528
1528 1530
1529 1531
1531 1533
1532 1534
1534 1536
1537 1539
1540 1542
1542 1544
1544 1546
1545 1547
1547 1549
1548 1550
1550 1552
1551 1553
1553 1555
1554 1556
1556 1558
1557 1559
1559 1561
1560 1562
1562 1564
1563 1565
1565 1567
1566 1568
1568 1570
1569 1571
1571 1573
1572 1574
1574 1576
1575 1577
1577 1579
1578 1580
1580 1582
1581 1583
1583 1585
1584 1586
1586 1588
1587 1589
1589 1591
1590 1592
1592 1594
1593 1595
1595 1597
1596 1598
1598 1600
1599 1601
1601 1603
1602 1604
1604 1606
1605 1607
1607 1609
1608 1610
1610 1612
1611 1613
1613 1615
1614 1616
1616 1618
1617 1619
1619 1621
1620 1622
1622 1624
1623 1625
1625 1627
1626 1628
1628 1630
1631 1633
1634 1636
1636 1638
1638 1640
1639 1641
1641 1643
1642 1644
1644 1646
1645 1647
1647 1649
1648 1650
1650 1652
1651 1653
1653 1655
1654 1656
1656 1658
1657 1659
1659 1661
1660 1662
1662 1664
1663 1665
1665 1667
1666 1668
1668 1670
1669 1671
1671 1673
1672 1674
1674 1676
1675 1677
1677 1679
1678 1680
1680 1682
1681 1683
1683 1685
1684 1686
1686 1688
1689 1691
1692 1694
1694 1696
1696 1698
1697 1699
1699 1701
1700 1702
1702 1704
1703 1705
1705 1707
1706 1708
1708 1710
1711 1713
1714 1716
1716 1718
1718 1720
1719 1721
1721 1723
1722 1724
1724 1726
1725 1727
1727 1729
1728 1730
1730 1732
1731 1733
1733 1735
1734 1736
1736 1738
1737 1739
1739 1741
1740 1742
1742 1744
1743 1745
1745 1747
1746 1748
1748 1750
1749 1751
1751 1753
1752 1754
1754 1756
1755 1757
1757 1759
1758 1760
1760 1762
1761 1763
1763 1765
1764 1766
1766 1768
1767 1769
1769 1771
1770 1772
1772 1774
1773 1775
1775 1777
1776 1778
1778 1780
1779 1781
1781 1783
1782 1784
1784 1786
1785 1787
1787 1789
1788 1790
1790 1792
1791 1793
1793 1795
1794 1796
1796 1798
1797 1799
1799 1801
1800 1802
1802 1804
1803 1805
1805 1807
1806 1808
1808 1810
1809 1811
1811 1813
1812 1814
1814 1816
1815 1817
1817 1819
1818 1820
1820 1822
1821 1823
1823 1825
1824 1826
1826 1828
1827 1829
1829 1831
1830 1832
1832 1834
1833 1835
1835 1837
1836 1838
1838 1840
1839 1841
1841 1843
1842 1844
1844 1846
1845 1847
1847 1849
1848 1850
1850 1852
1851 1853
1853 1855
1854 1856
1856 1858
1857 1859
1859 1861
1860 1862
1862 1864
1863 1865
1865 1867
1866 1868
1868 1870
1871 1873
1874 1876
1876 1878
1878 1880
1879 1881
1881 1883
1882 1884
1884 1886
1885 1887
1887 1889
1888 1890
1890 1892
1891 1893
1893 1895
1894 1896
1896 1898
1897 1899
1899 1901
1900 1902
1902 1904
1905 1907
1908 1910
1910 1912
1913 1915
1915 1917
1916 1918
1918 1920
1919 1921
1921 1923
1922 1924
1924 1926
1925 1927
1927 1929
1928 1930
1930 1932
1931 1933
1933 1935
1934 1936
1936 1938
1937 1939
1939 1941
1940 1942
1942 1944
1943 1945
1945 1947
1946 1948
1948 1950
1949 1951
1951 1953
1952 1954
1954 1956
1955 1957
1957 1959
1958 1960
1960 1962
1961 1963
1963 1965
1964 1966
1966 1968
1967 1969
1969 1971
1970 1972
1972 1974
1973 1975
1975 1977
1976 1978
1978 1980
1979 1981
1981 1983
1982 1984
1984 1986
1985 1987
1987 1989
1988 1990
1990 1992
1991 1993
1993 1995
1994 1996
1996 1998
1997 1999
1999 2001
2000 2002
2002 2004
2003 2005
2005 2007
2006 2008
2008 2010
2009 2011
2011 2013
2012 2014
2014 2016
2015 2017
2017 2019
2018 2020
2020 2022
2021 2023
2023 2025
2024 2026
2026 2028
2027 2029
2029 2031
2030 2032
2032 2034
2033 2035
2035 2037
2036 2038
2038 2040
2039 2041
2041 2043
2042 2044
2044 2046
2045 2047
2047 2049
2048 2050
2050 2052
2051 2053
2053 2055
2054 2056
2056 2058
2057 2059
2059 2061
2060 2062
2062 2064
2063 2065
2065 2067
2066 2068
2068 2070
2069 2071
2071 2073
2072 2074
2074 2076
2075 2077
2077 2079
2078 2080
2080 2082
2081 2083
2083 2085
2084 2086
2086 2088
2087 2089
2089 2091
2090 2092
2092 2094
2093 2095
2095 2097
2096 2098
2098 2100
2099 2101
2101 2103
2102 2104
2104 2106
2105 2107
2107 2109
2108 2110
2110 2112
2111 2113
2113 2115
2114 2116
2116 2118
2117 2119
2119 2121
2120 2122
2122 2124
2123 2125
2125 2127
2126 2128
2128 2130
2129 2131
2131 2133
2132 2134
2134 2136
2135 2137
2137 2139
2138 2140
2140 2142
2141 2143
2143 2145
2144 2146
2146 2148
2147 2149
2149 2151
2150 2152
2152 2154
2155 2157
2158 2160
2160 2162
2162 2164
2164 2166
2165 2167
2167 2169
2168 2170
2170 2172
2171 2173
2173 2175
2174 2176
2176 2178
2177 2179
2179 2181
2180 2182
2182 2184
2183 2185
2185 2187
2186 2188
2188 2190
2189 2191
2191 2193
2192 2194
2194 2196
2197 2199
2200 2202
2202 2204
2204 2206
2206 2208
2207 2209
2209 2211
2210 2212
2212 2214
2213 2215
2215 2217
2216 2218
2218 2220
2221 2223
2224 2226
2226 2228
2228 2230
2229 2231
2231 2233
2232 2234
2234 2236
2235 2237
2237 2239
2238 2240
2240 2242
2241 2243
2243 2245
2244 2246
2246 2248
2247 2249
2249 2251
2250 2252
2252 2254
2253 2255
2255 2257
2256 2258
2258 2260
2259 2261
2261 2263
2262 2264
2264 2266
2265 2267
2267 2269
2268 2270
2270 2272
2271 2273
2273 2275
2274 2276
2276 2278
2277 2279
2279 2281
2280 2282
2282 2284
2283 2285
2285 2287
2286 2288
2288 2290
2289 2291
2291 2293
2292 2294
2294 2296
2295 2297
2297 2299
2298 2300
2300 2302
2301 2303
2303 2305
2304 2306
2306 2308
2307 2309
2309 2311
2310 2312
2312 2314
2313 2315
2315 2317
2316 2318
2318 2320
2319 2321
2321 2323
2322 2324
2324 2326
2325 2327
2327 2329
2328 2330
2330 2332
2331 2333
2333 2335
2334 2336
2336 2338
2337 2339
2339 2341
2340 2342
2342 2344
2343 2345
2345 2347
2346 2348
2348 2350
2349 2351
2351 2353
2352 2354
2354 2356
2355 2357
2357 2359
2358 2360
2360 2362
2361 2363
2363 2365
2364 2366
2366 2368
2367 2369
2369 2371
2370 2372
2372 2374
2373 2375
2375 2377
2376 2378
2378 2380
2379 2381
2381 2383
2382 2384
2384 2386
2385 2387
2387 2389
2388 2390
2390 2392
2393 2395
2396 2398
2398 2400
2400 2402
2403 2405
2405 2407
2407 2409
2410 2412
2412 2414
2414 2416
2417 2419
2420 2422
2422 2424
2423 2425
2425 2427
2426 2428
2428 2430
2429 2431
2431 2433
2432 2434
2434 2436
2435 2437
2437 2439
2438 2440
2440 2442
2441 2443
2443 2445
2444 2446
2446 2448
2447 2449
2449 2451
2450 2452
2452 2454
2453 2455
2455 2457
2456 2458
2458 2460
2459 2461
2461 2463
2462 2464
2464 2466
2465 2467
2467 2469
2468 2470
2470 2472
2471 2473
2473 2475
2474 2476
2476 2478
2477 2479
2479 2481
2480 2482
2482 2484
2483 2485
2485 2487
2486 2488
2488 2490
2489 2491
2491 2493
2492 2494
2494 2496
2497 2499
2500 2502
2502 2504
2503 2505
2505 2507
2506 2508
2508 2510
2509 2511
2511 2513
2512 2514
2514 2516
2515 2517
2517 2519
2518 2520
2520 2522
2521 2523
2523 2525
2524 2526
2526 2528
2529 2531
2532 2534
2534 2536
2536 2538
2538 2540
2540 2542
2542 2544
2545 2547
2547 2549
2549 2551
2551 2553
2553 2555
2555 2557
2557 2559
2559 2561
2560 2562
2562 2564
2563 2565
2565 2567
2566 2568
2568 2570
2569 2571
2571 2573
2572 2574
2574 2576
2575 2577
2577 2579
2578 2580
2580 2582
2581 2583
2583 2585
2584 2586
2586 2588
2587 2589
2589 2591
2590 2592
2592 2594
2595 2597
2598 2600
2600 2602
2602 2604
2603 2605
2605 2607
2606 2608
2608 2610
2609 2611
2611 2613
2612 2614
2614 2616
2615 2617
2617 2619
2618 2620
2620 2622
2621 2623
2623 2625
2624 2626
2626 2628
2627 2629
2629 2631
2630 2632
2632 2634
2633 2635
2635 2637
2636 2638
2638 2640
2639 2641
2641 2643
2642 2644
2644 2646
2645 2647
2647 2649
2648 2650
2650 2652
2651 2653
2653 2655
2654 2656
2656 2658
2657 2659
2659 2661
2660 2662
2662 2664
2663 2665
2665 2667
2666 2668
2668 2670
2669 2671
2671 2673
2672 2674
2674 2676
2675 2677
2677 2679
2678 2680
2680 2682
2681 2683
2683 2685
2684 2686
2686 2688
2689 2691
2692 2694
2694 2696
2696 2698
2699 2701
2702 2704
2704 2706
2706 2708
2707 2709
2709 2711
2710 2712
2712 2714
2713 2715
2715 2717
2716 2718
2718 2720
2719 2721
2721 2723
2722 2724
2724 2726
2725 2727
2727 2729
2728 2730
2730 2732
2731 2733
2733 2735
2734 2736
2736 2738
2737 2739
2739 2741
2740 2742
2742 2744
2743 2745
2745 2747
2746 2748
2748 2750
2749 2751
2751 2753
2752 2754
2754 2756
2755 2757
2757 2759
2758 2760
2760 2762
2761 2763
2763 2765
2764 2766
2766 2768
2767 2769
2769 2771
2770 2772
2772 2774
2773 2775
2775 2777
2776 2778
2778 2780
2779 2781
2781 2783
2782 2784
2784 2786
2785 2787
2787 2789
2788 2790
2790 2792
2791 2793
2793 2795
2794 2796
2796 2798
2797 2799
2799 2801
2800 2802
2802 2804
2803 2805
2805 2807
2806 2808
2808 2810
2809 2811
2811 2813
2812 2814
2814 2816
2815 2817
2817 2819
2818 2820
2820 2822
2821 2823
2823 2825
2824 2826
2826 2828
2827 2829
2829 2831
2830 2832
2832 2834
2833 2835
2835 2837
2836 2838
2838 2840
2839 2841
2841 2843
2842 2844
2844 2846
2845 2847
2847 2849
2848 2850
2850 2852
2851 2853
2853 2855
2854 2856
2856 2858
2857 2859
2859 2861
2860 2862
2862 2864
2863 2865
2865 2867
2866 2868
2868 2870
2869 2871
2871 2873
2872 2874
2874 2876
2875 2877
2877 2879
2878 2880
2880 2882
2881 2883
2883 2885
2884 2886
2886 2888
2887 2889
2889 2891
2890 2892
2892 2894
2893 2895
2895 2897
2896 2898
2898 2900
2899 2901
2901 2903
2902 2904
2904 2906
2905 2907
2907 2909
2908 2910
2910 2912
2913 2915
2916 2918
2918 2920
2920 2922
2922 2924
2924 2926
2925 2927
2927 2929
2928 2930
2930 2932
2931 2933
2933 2935
2934 2936
2936 2938
2937 2939
2939 2941
2940 2942
2942 2944
2943 2945
2945 2947
2946 2948
2948 2950
2949 2951
2951 2953
2952 2954
2954 2956
2955 2957
2957 2959
2958 2960
2960 2962
2961 2963
2963 2965
2964 2966
2966 2968
2967 2969
2969 2971
2970 2972
2972 2974
2973 2975
2975 2977
2976 2978
2978 2980
2979 2981
2981 2983
2984 2986
2987 2989
2989 2991
2991 2993
2992 2994
2994 2996
2995 2997
2997 2999
2998 3000
3000 3002
3001 3003
3003 3005
3004 3006
3006 3008
3009 3011
3012 3014
3014 3016
3016 3018
3017 3019
3019 3021
3020 3022
3022 3024
3023 3025
3025 3027
3026 3028
3028 3030
3029 3031
3031 3033
3032 3034
3034 3036
3035 3037
3037 3039
3038 3040
3040 3042
3041 3043
3043 3045
3044 3046
3046 3048
3047 3049
3049 3051
3050 3052
3052 3054
3053 3055
3055 3057
3056 3058
3058 3060
3059 3061
3061 3063
3062 3064
3064 3066
3065 3067
3067 3069
3068 3070
3070 3072
3071 3073
3073 3075
3074 3076
3076 3078
3077 3079
3079 3081
3080 3082
3082 3084
3083 3085
3085 3087
3086 3088
3088 3090
3089 3091
3091 3093
3092 3094
3094 3096
3095 3097
3097 3099
3098 3100
3100 3102
3103 3105
3106 3108
3108 3110
3110 3112
3111 3113
3113 3115
3114 3116
3116 3118
3117 3119
3119 3121
3120 3122
3122 3124
3123 3125
3125 3127
3126 3128
3128 3130
3129 3131
3131 3133
3132 3134
3134 3136
3135 3137
3137 3139
3138 3140
3140 3142
3141 3143
3143 3145
3144 3146
3146 3148
3147 3149
3149 3151
3150 3152
3152 3154
3153 3155
3155 3157
3156 3158
3158 3160
3161 3163
3164 3166
3166 3168
3168 3170
3169 3171
3171 3173
3172 3174
3174 3176
3175 3177
3177 3179
3178 3180
3180 3182
3183 3185
3186 3188
3188 3190
3190 3192
3191 3193
3193 3195
3194 3196
3196 3198
3197 3199
3199 3201
3200 3202
3202 3204
3203 3205
3205 3207
3206 3208
3208 3210
3209 3211
3211 3213
3212 3214
3214 3216
3215 3217
3217 3219
3218 3220
3220 3222
3221 3223
3223 3225
3224 3226
3226 3228
3227 3229
3229 3231
3230 3232
3232 3234
3233 3235
3235 3237
3236 3238
3238 3240
3239 3241
3241 3243
3242 3244
3244 3246
3245 3247
3247 3249
3248 3250
3250 3252
3251 3253
3253 3255
3254 3256
3256 3258
3257 3259
3259 3261
3260 3262
3262 3264
3263 3265
3265 3267
3266 3268
3268 3270
3269 3271
3271 3273
3272 3274
3274 3276
3275 3277
3277 3279
3278 3280
3280 3282
3281 3283
3283 3285
3284 3286
3286 3288
3287 3289
3289 3291
3290 3292
3292 3294
3293 3295
3295 3297
3296 3298
3298 3300
3299 3301
3301 3303
3302 3304
3304 3306
3305 3307
3307 3309
3308 3310
3310 3312
3311 3313
3313 3315
3314 3316
3316 3318
3317 3319
3319 3321
3320 3322
3322 3324
3323 3325
3325 3327
3326 3328
3328 3330
3329 3331
3331 3333
3332 3334
3334 3336
3335 3337
3337 3339
3338 3340
3340 3342
3343 3345
3346 3348
3348 3350
3350 3352
3351 3353
3353 3355
3354 3356
3356 3358
3357 3359
3359 3361
3360 3362
3362 3364
3363 3365
3365 3367
3366 3368
3368 3370
3369 3371
3371 3373
3372 3374
3374 3376
3377 3379
3380 3382
3382 3384
3385 3387
3387 3389
3388 3390
3390 3392
3391 3393
3393 3395
3394 3396
3396 3398
3397 3399
3399 3401
3400 3402
3402 3404
3403 3405
3405 3407
3406 3408
3408 3410
3409 3411
3411 3413
3412 3414
3414 3416
3415 3417
3417 3419
3418 3420
3420 3422
3421 3423
3423 3425
3424 3426
3426 3428
3427 3429
3429 3431
3430 3432
3432 3434
3433 3435
3435 3437
3436 3438
3438 3440
3439 3441
3441 3443
3442 3444
3444 3446
3445 3447
3447 3449
3448 3450
3450 3452
3451 3453
3453 3455
3454 3456
3456 3458
3457 3459
3459 3461
3460 3462
3462 3464
3463 3465
3465 3467
3466 3468
3468 3470
3469 3471
3471 3473
3472 3474
3474 3476
3475 3477
3477 3479
3478 3480
3480 3482
3481 3483
3483 3485
3484 3486
3486 3488
3487 3489
3489 3491
3490 3492
3492 3494
3493 3495
3495 3497
3496 3498
3498 3500
3499 3501
3501 3503
3502 3504
3504 3506
3505 3507
3507 3509
3508 3510
3510 3512
3511 3513
3513 3515
3514 3516
3516 3518
3517 3519
3519 3521
3520 3522
3522 3524
3523 3525
3525 3527
3526 3528
3528 3530
3529 3531
3531 3533
3532 3534
3534 3536
3535 3537
3537 3539
3538 3540
3540 3542
3541 3543
3543 3545
3544 3546
3546 3548
3547 3549
3549 3551
3550 3552
3552 3554
3553 3555
3555 3557
3556 3558
3558 3560
3559 3561
3561 3563
3562 3564
3564 3566
3565 3567
3567 3569
3568 3570
3570 3572
3571 3573
3573 3575
3574 3576
3576 3578
3577 3579
3579 3581
3580 3582
3582 3584
3583 3585
3585 3587
3586 3588
3588 3590
3589 3591
3591 3593
3592 3594
3594 3596
3595 3597
3597 3599
3598 3600
3600 3602
3601 3603
3603 3605
3604 3606
3606 3608
3607 3609
3609 3611
3610 3612
3612 3614
3613 3615
3615 3617
3616 3618
3618 3620
3619 3621
3621 3623
3622 3624
3624 3626
3627 3629
3630 3632
3632 3634
3634 3636
3636 3638
3637 3639
3639 3641
3640 3642
3642 3644
3643 3645
3645 3647
3646 3648
3648 3650
3649 3651
3651 3653
3652 3654
3654 3656
3655 3657
3657 3659
3658 3660
3660 3662
3661 3663
3663 3665
3664 3666
3666 3668
3669 3671
3672 3674
3674 3676
3676 3678
3678 3680
3679 3681
3681 3683
3682 3684
3684 3686
3685 3687
3687 3689
3688 3690
3690 3692
3693 3695
3696 3698
3698 3700
3700 3702
3701 3703
3703 3705
3704 3706
3706 3708
3707 3709
3709 3711
3710 3712
3712 3714
3713 3715
3715 3717
3716 3718
3718 3720
3719 3721
3721 3723
3722 3724
3724 3726
3725 3727
3727 3729
3728 3730
3730 3732
3731 3733
3733 3735
3734 3736
3736 3738
3737 3739
4 7
13 16
16 19
19 22
22 25
25 28
28 31
31 34
34 37
37 40
40 43
43 46
46 49
49 52
52 55
55 58
58 61
61 64
64 67
67 70
70 73
73 76
76 79
79 82
82 85
85 88
88 91
91 94
94 97
97 100
100 103
103 106
106 109
109 112
112 115
115 118
118 121
121 124
128 131
131 134
134 137
137 140
140 143
143 146
146 149
149 152
152 155
155 158
158 161
161 164
164 167
167 170
176 179
179 182
182 185
185 188
188 191
191 194
194 197
197 200
200 203
203 206
206 209
209 212
212 215
215 218
218 221
221 224
224 227
227 230
230 233
233 236
236 239
239 242
242 245
245 248
248 251
251 254
254 257
257 260
260 263
263 266
266 269
269 272
272 275
275 278
278 281
281 284
284 287
287 290
290 293
293 296
296 299
299 302
302 305
305 308
308 311
311 314
314 317
317 320
324 327
327 330
330 333
333 336
336 339
339 342
342 345
345 348
348 351
351 354
354 357
357 360
360 363
363 366
366 369
369 372
372 375
375 378
378 381
381 384
384 387
387 390
390 393
393 396
396 399
399 402
406 409
409 412
412 415
415 418
418 421
421 424
424 427
427 430
430 433
433 436
438 441
443 446
446 449
449 452
452 455
455 458
458 461
461 464
464 467
467 470
470 473
473 476
476 479
479 482
482 485
485 488
488 491
491 494
494 497
497 500
500 503
503 506
506 509
509 512
512 515
515 518
518 521
521 524
524 527
527 530
530 533
533 536
536 539
539 542
542 545
545 548
548 551
551 554
554 557
557 560
560 563
563 566
566 569
569 572
572 575
575 578
578 581
581 584
584 587
587 590
590 593
593 596
596 599
599 602
602 605
605 608
608 611
611 614
614 617
617 620
620 623
623 626
626 629
629 632
632 635
635 638
638 641
641 644
644 647
647 650
650 653
653 656
656 659
659 662
662 665
665 668
668 671
671 674
674 677
677 680
680 683
683 686
692 695
695 698
698 701
701 704
704 707
707 710
710 713
713 716
716 719
719 722
722 725
725 728
734 737
737 740
740 743
743 746
746 749
749 752
756 759
759 762
762 765
765 768
768 771
771 774
774 777
777 780
780 783
783 786
786 789
789 792
792 795
795 798
798 801
801 804
804 807
807 810
810 813
813 816
816 819
819 822
822 825
825 828
828 831
831 834
834 837
837 840
840 843
843 846
846 849
849 852
852 855
855 858
858 861
861 864
864 867
867 870
870 873
873 876
876 879
879 882
882 885
885 888
888 891
891 894
894 897
897 900
900 903
903 906
906 909
909 912
912 915
915 918
918 921
921 924
928 931
935 938
942 945
945 948
950 953
953 956
956 959
959 962
962 965
965 968
968 971
971 974
974 977
977 980
980 983
983 986
986 989
989 992
992 995
995 998
998 1001
1001 1004
1004 1007
1007 1010
1010 1013
1013 1016
1016 1019
1019 1022
1022 1025
1025 1028
1030 1033
1033 1036
1036 1039
1039 1042
1042 1045
1045 1048
1048 1051
1051 1054
1054 1057
1057 1060
1060 1063
1070 1073
1075 1078
1087 1090
1090 1093
1093 1096
1096 1099
1099 1102
1102 1105
1105 1108
1108 1111
1111 1114
1114 1117
1117 1120
1120 1123
1123 1126
1130 1133
1133 1136
1136 1139
1139 1142
1142 1145
1145 1148
1148 1151
1151 1154
1154 1157
1157 1160
1160 1163
1163 1166
1166 1169
1169 1172
1172 1175
1175 1178
1178 1181
1181 1184
1184 1187
1187 1190
1190 1193
1193 1196
1196 1199
1199 1202
1202 1205
1205 1208
1208 1211
1211 1214
1214 1217
1217 1220
1224 1227
1227 1230
1234 1237
1237 1240
1240 1243
1243 1246
1246 1249
1249 1252
1252 1255
1255 1258
1258 1261
1261 1264
1264 1267
1267 1270
1270 1273
1273 1276
1276 1279
1279 1282
1282 1285
1285 1288
1288 1291
1291 1294
1294 1297
1297 1300
1300 1303
1303 1306
1306 1309
1309 1312
1312 1315
1315 1318
1318 1321
1321 1324
1324 1327
1327 1330
1330 1333
1333 1336
1336 1339
1339 1342
1342 1345
1345 1348
1348 1351
1351 1354
1354 1357
1357 1360
1360 1363
1363 1366
1366 1369
1369 1372
1372 1375
1375 1378
1378 1381
1381 1384
1384 1387
1387 1390
1390 1393
1393 1396
1396 1399
1399 1402
1402 1405
1405 1408
1408 1411
1411 1414
1414 1417
1417 1420
1420 1423
1423 1426
1426 1429
1429 1432
1432 1435
1435 1438
1438 1441
1441 1444
1452 1455
1455 1458
1458 1461
1461 1464
1464 1467
1467 1470
1470 1473
1473 1476
1476 1479
1479 1482
1482 1485
1485 1488
1488 1491
1491 1494
1494 1497
1497 1500
1500 1503
1503 1506
1506 1509
1509 1512
1512 1515
1519 1522
1522 1525
1525 1528
1528 1531
1531 1534
1534 1537
1537 1540
1544 1547
1547 1550
1550 1553
1553 1556
1556 1559
1559 1562
1562 1565
1565 1568
1568 1571
1571 1574
1574 1577
1577 1580
1580 1583
1583 1586
1586 1589
1589 1592
1592 1595
1595 1598
1598 1601
1601 1604
1604 1607
1607 1610
1610 1613
1613 1616
1616 1619
1619 1622
1622 1625
1625 1628
1628 1631
1631 1634
1638 1641
1641 1644
1644 1647
1647 1650
1650 1653
1653 1656
1656 1659
1659 1662
1662 1665
1665 1668
1668 1671
1671 1674
1674 1677
1677 1680
1680 1683
1683 1686
1686 1689
1689 1692
1696 1699
1699 1702
1702 1705
1705 1708
1708 1711
1711 1714
1718 1721
1721 1724
1724 1727
1727 1730
1730 1733
1733 1736
1736 1739
1739 1742
1742 1745
1745 1748
1748 1751
1751 1754
1754 1757
1757 1760
1760 1763
1763 1766
1766 1769
1769 1772
1772 1775
1775 1778
1778 1781
1781 1784
1784 1787
1787 1790
1790 1793
1793 1796
1796 1799
1799 1802
1802 1805
1805 1808
1808 1811
1811 1814
1814 1817
1817 1820
1820 1823
1823 1826
1826 1829
1829 1832
1832 1835
1835 1838
1838 1841
1841 1844
1844 1847
1847 1850
1850 1853
1853 1856
1856 1859
1859 1862
1862 1865
1865 1868
1868 1871
1871 1874
1878 1881
1881 1884
1884 1887
1887 1890
1890 1893
1893 1896
1896 1899
1899 1902
1902 1905
1905 1908
1910 1913
1915 1918
1918 1921
1921 1924
1924 1927
1927 1930
1930 1933
1933 1936
1936 1939
1939 1942
1942 1945
1945 1948
1948 1951
1951 1954
1954 1957
1957 1960
1960 1963
1963 1966
1966 1969
1969 1972
1972 1975
1975 1978
1978 1981
1981 1984
1984 1987
1987 1990
1990 1993
1993 1996
1996 1999
1999 2002
2002 2005
2005 2008
2008 2011
2011 2014
2014 2017
2017 2020
2020 2023
2023 2026
2026 2029
2029 2032
2032 2035
2035 2038
2038 2041
2041 2044
2044 2047
2047 2050
2050 2053
2053 2056
2056 2059
2059 2062
2062 2065
2065 2068
2068 2071
2071 2074
2074 2077
2077 2080
2080 2083
2083 2086
2086 2089
2089 2092
2092 2095
2095 2098
2098 2101
2101 2104
2104 2107
2107 2110
2110 2113
2113 2116
2116 2119
2119 2122
2122 2125
2125 2128
2128 2131
2131 2134
2134 2137
2137 2140
2140 2143
2143 2146
2146 2149
2149 2152
2152 2155
2155 2158
2164 2167
2167 2170
2170 2173
2173 2176
2176 2179
2179 2182
2182 2185
2185 2188
2188 2191
2191 2194
2194 2197
2197 2200
2206 2209
2209 2212
2212 2215
2215 2218
2218 2221
2221 2224
2228 2231
2231 2234
2234 2237
2237 2240
2240 2243
2243 2246
2246 2249
2249 2252
2252 2255
2255 2258
2258 2261
2261 2264
2264 2267
2267 2270
2270 2273
2273 2276
2276 2279
2279 2282
2282 2285
2285 2288
2288 2291
2291 2294
2294 2297
2297 2300
2300 2303
2303 2306
2306 2309
2309 2312
2312 2315
2315 2318
2318 2321
2321 2324
2324 2327
2327 2330
2330 2333
2333 2336
2336 2339
2339 2342
2342 2345
2345 2348
2348 2351
2351 2354
2354 2357
2357 2360
2360 2363
2363 2366
2366 2369
2369 2372
2372 2375
2375 2378
2378 2381
2381 2384
2384 2387
2387 2390
2390 2393
2393 2396
2400 2403
2407 2410
2414 2417
2417 2420
2422 2425
2425 2428
2428 2431
2431 2434
2434 2437
2437 2440
2440 2443
2443 2446
2446 2449
2449 2452
2452 2455
2455 2458
2458 2461
2461 2464
2464 2467
2467 2470
2470 2473
2473 2476
2476 2479
2479 2482
2482 2485
2485 2488
2488 2491
2491 2494
2494 2497
2497 2500
2502 2505
2505 2508
2508 2511
2511 2514
2514 2517
2517 2520
2520 2523
2523 2526
2526 2529
2529 2532
2532 2535
2542 2545
2547 2550
2559 2562
2562 2565
2565 2568
2568 2571
2571 2574
2574 2577
2577 2580
2580 2583
2583 2586
2586 2589
2589 2592
2592 2595
2595 2598
2602 2605
2605 2608
2608 2611
2611 2614
2614 2617
2617 2620
2620 2623
2623 2626
2626 2629
2629 2632
2632 2635
2635 2638
2638 2641
2641 2644
2644 2647
2647 2650
2650 2653
2653 2656
2656 2659
2659 2662
2662 2665
2665 2668
2668 2671
2671 2674
2674 2677
2677 2680
2680 2683
2683 2686
2686 2689
2689 2692
2696 2699
2699 2702
2706 2709
2709 2712
2712 2715
2715 2718
2718 2721
2721 2724
2724 2727
2727 2730
2730 2733
2733 2736
2736 2739
2739 2742
2742 2745
2745 2748
2748 2751
2751 2754
2754 2757
2757 2760
2760 2763
2763 2766
2766 2769
2769 2772
2772 2775
2775 2778
2778 2781
2781 2784
2784 2787
2787 2790
2790 2793
2793 2796
2796 2799
2799 2802
2802 2805
2805 2808
2808 2811
2811 2814
2814 2817
2817 2820
2820 2823
2823 2826
2826 2829
2829 2832
2832 2835
2835 2838
2838 2841
2841 2844
2844 2847
2847 2850
2850 2853
2853 2856
2856 2859
2859 2862
2862 2865
2865 2868
2868 2871
2871 2874
2874 2877
2877 2880
2880 2883
2883 2886
2886 2889
2889 2892
2892 2895
2895 2898
2898 2901
2901 2904
2904 2907
2907 2910
2910 2913
2913 2916
2924 2927
2927 2930
2930 2933
2933 2936
2936 2939
2939 2942
2942 2945
2945 2948
2948 2951
2951 2954
2954 2957
2957 2960
2960 2963
2963 2966
2966 2969
2969 2972
2972 2975
2975 2978
2978 2981
2981 2984
2984 2987
2991 2994
2994 2997
2997 3000
3000 3003
3003 3006
3006 3009
3009 3012
3016 3019
3019 3022
3022 3025
3025 3028
3028 3031
3031 3034
3034 3037
3037 3040
3040 3043
3043 3046
3046 3049
3049 3052
3052 3055
3055 3058
3058 3061
3061 3064
3064 3067
3067 3070
3070 3073
3073 3076
3076 3079
3079 3082
3082 3085
3085 3088
3088 3091
3091 3094
3094 3097
3097 3100
3100 3103
3103 3106
3110 3113
3113 3116
3116 3119
3119 3122
3122 3125
3125 3128
3128 3131
3131 3134
3134 3137
3137 3140
3140 3143
3143 3146
3146 3149
3149 3152
3152 3155
3155 3158
3158 3161
3161 3164
3168 3171
3171 3174
3174 3177
3177 3180
3180 3183
3183 3186
3190 3193
3193 3196
3196 3199
3199 3202
3202 3205
3205 3208
3208 3211
3211 3214
3214 3217
3217 3220
3220 3223
3223 3226
3226 3229
3229 3232
3232 3235
3235 3238
3238 3241
3241 3244
3244 3247
3247 3250
3250 3253
3253 3256
3256 3259
3259 3262
3262 3265
3265 3268
3268 3271
3271 3274
3274 3277
3277 3280
3280 3283
3283 3286
3286 3289
3289 3292
3292 3295
3295 3298
3298 3301
3301 3304
3304 3307
3307 3310
3310 3313
3313 3316
3316 3319
3319 3322
3322 3325
3325 3328
3328 3331
3331 3334
3334 3337
3337 3340
3340 3343
3343 3346
3350 3353
3353 3356
3356 3359
3359 3362
3362 3365
3365 3368
3368 3371
3371 3374
3374 3377
3377 3380
3382 3385
3387 3390
3390 3393
3393 3396
3396 3399
3399 3402
3402 3405
3405 3408
3408 3411
3411 3414
3414 3417
3417 3420
3420 3423
3423 3426
3426 3429
3429 3432
3432 3435
3435 3438
3438 3441
3441 3444
3444 3447
3447 3450
3450 3453
3453 3456
3456 3459
3459 3462
3462 3465
3465 3468
3468 3471
3471 3474
3474 3477
3477 3480
3480 3483
3483 3486
3486 3489
3489 3492
3492 3495
3495 3498
3498 3501
3501 3504
3504 3507
3507 3510
3510 3513
3513 3516
3516 3519
3519 3522
3522 3525
3525 3528
3528 3531
3531 3534
3534 3537
3537 3540
3540 3543
3543 3546
3546 3549
3549 3552
3552 3555
3555 3558
3558 3561
3561 3564
3564 3567
3567 3570
3570 3573
3573 3576
3576 3579
3579 3582
3582 3585
3585 3588
3588 3591
3591 3594
3594 3597
3597 3600
3600 3603
3603 3606
3606 3609
3609 3612
3612 3615
3615 3618
3618 3621
3621 3624
3624 3627
3627 3630
3636 3639
3639 3642
3642 3645
3645 3648
3648 3651
3651 3654
3654 3657
3657 3660
3660 3663
3663 3666
3666 3669
3669 3672
3678 3681
3681 3684
3684 3687
3687 3690
3690 3693
3693 3696
3700 3703
3703 3706
3706 3709
3709 3712
3712 3715
3715 3718
3718 3721
3721 3724
3724 3727
3727 3730
3730 3733
3733 3736
3736 3739
9 13
124 128
170 174
172 176
320 324
402 406
686 690
688 692
728 732
730 734
752 756
924 928
931 935
938 942
1060 1064
1062 1066
1064 1068
1075 1079
1077 1081
1079 1083
1081 1085
1083 1087
1126 1130
1220 1224
1230 1234
1444 1448
1448 1452
1515 1519
1540 1544
1634 1638
1692 1696
1714 1718
1874 1878
2158 2162
2160 2164
2200 2204
2202 2206
2224 2228
2396 2400
2403 2407
2410 2414
2532 2536
2534 2538
2536 2540
2547 2551
2549 2553
2551 2555
2553 2557
2555 2559
2598 2602
2692 2696
2702 2706
2916 2920
2920 2924
2987 2991
3012 3016
3106 3110
3164 3168
3186 3190
3346 3350
3630 3634
3632 3636
3672 3676
3674 3678
3696 3700
4 9
433 438
438 443
935 940
937 942
945 950
1025 1030
1060 1065
1063 1068
1070 1075
1075 1080
1078 1083
1080 1085
1082 1087
1227 1232
1229 1234
1905 1910
1910 1915
2407 2412
2409 2414
2417 2422
2497 2502
2532 2537
2535 2540
2542 2547
2547 2552
2550 2555
2552 2557
2554 2559
2699 2704
2701 2706
3377 3382
3382 3387
7 13
16 22
25 31
31 37
37 43
46 52
55 61
64 70
70 76
79 85
82 88
88 94
91 97
100 106
103 109
109 115
128 134
131 137
137 143
143 149
149 155
155 161
170 176
176 182
179 185
185 191
191 197
197 203
203 209
206 212
212 218
215 221
224 230
230 236
233 239
236 242
239 245
242 248
248 254
251 257
257 263
263 269
266 272
272 278
278 284
284 290
290 296
299 305
305 311
327 333
330 336
333 339
342 348
345 351
351 357
357 363
363 369
372 378
378 384
381 387
387 393
409 415
415 421
443 449
446 452
449 455
452 458
458 464
461 467
467 473
470 476
473 479
479 485
485 491
488 494
494 500
503 509
509 515
512 518
515 521
518 524
521 527
524 530
530 536
536 542
545 551
551 557
560 566
566 572
572 578
578 584
584 590
587 593
590 596
599 605
608 614
614 620
623 629
629 635
632 638
638 644
644 650
650 656
659 665
665 671
671 677
686 692
695 701
701 707
707 713
713 719
728 734
737 743
756 762
765 771
771 777
777 783
783 789
789 795
792 798
798 804
801 807
807 813
813 819
816 822
822 828
828 834
837 843
846 852
852 858
858 864
861 867
867 873
870 876
876 882
879 885
888 894
891 897
897 903
900 906
903 909
909 915
950 956
953 959
956 962
959 965
965 971
971 977
977 983
983 989
992 998
998 1004
1001 1007
1007 1013
1033 1039
1036 1042
1039 1045
1045 1051
1060 1066
1062 1068
1064 1070
1075 1081
1077 1083
1079 1085
1081 1087
1090 1096
1096 1102
1102 1108
1105 1111
1111 1117
1133 1139
1136 1142
1145 1151
1151 1157
1160 1166
1166 1172
1172 1178
1175 1181
1178 1184
1184 1190
1187 1193
1193 1199
1196 1202
1199 1205
1205 1211
1237 1243
1246 1252
1249 1255
1255 1261
1258 1264
1264 1270
1270 1276
1276 1282
1282 1288
1288 1294
1294 1300
1297 1303
1303 1309
1306 1312
1315 1321
1321 1327
1327 1333
1333 1339
1336 1342
1339 1345
1348 1354
1357 1363
1363 1369
1366 1372
1369 1375
1375 1381
1378 1384
1381 1387
1384 1390
1387 1393
1393 1399
1399 1405
1402 1408
1405 1411
1408 1414
1414 1420
1420 1426
1423 1429
1429 1435
1455 1461
1458 1464
1467 1473
1470 1476
1476 1482
1479 1485
1482 1488
1488 1494
1491 1497
1494 1500
1500 1506
1519 1525
1525 1531
1544 1550
1550 1556
1559 1565
1565 1571
1571 1577
1574 1580
1583 1589
1586 1592
1595 1601
1601 1607
1607 1613
1613 1619
1619 1625
1638 1644
1647 1653
1650 1656
1659 1665
1665 1671
1671 1677
1677 1683
1699 1705
1721 1727
1724 1730
1727 1733
1733 1739
1736 1742
1739 1745
1742 1748
1745 1751
1754 1760
1760 1766
1766 1772
1772 1778
1778 1784
1781 1787
1784 1790
1787 1793
1793 1799
1796 1802
1799 1805
1808 1814
1814 1820
1820 1826
1829 1835
1832 1838
1838 1844
1847 1853
1853 1859
1859 1865
1881 1887
1887 1893
1915 1921
1918 1924
1921 1927
1924 1930
1930 1936
1933 1939
1939 1945
1942 1948
1945 1951
1951 1957
1957 1963
1960 1966
1966 1972
1975 1981
1981 1987
1984 1990
1987 1993
1990 1996
1993 1999
1996 2002
2002 2008
2008 2014
2017 2023
2023 2029
2032 2038
2038 2044
2044 2050
2050 2056
2056 2062
2059 2065
2062 2068
2071 2077
2080 2086
2086 2092
2095 2101
2101 2107
2104 2110
2110 2116
2116 2122
2122 2128
2131 2137
2137 2143
2143 2149
2158 2164
2167 2173
2173 2179
2179 2185
2185 2191
2200 2206
2209 2215
2228 2234
2237 2243
2243 2249
2249 2255
2255 2261
2261 2267
2264 2270
2270 2276
2273 2279
2279 2285
2285 2291
2288 2294
2294 2300
2300 2306
2309 2315
2318 2324
2324 2330
2330 2336
2333 2339
2339 2345
2342 2348
2348 2354
2351 2357
2360 2366
2363 2369
2369 2375
2372 2378
2375 2381
2381 2387
2422 2428
2425 2431
2428 2434
2431 2437
2437 2443
2443 2449
2449 2455
2455 2461
2464 2470
2470 2476
2473 2479
2479 2485
2505 2511
2508 2514
2511 2517
2517 2523
2532 2538
2534 2540
2536 2542
2547 2553
2549 2555
2551 2557
2553 2559
2562 2568
2568 2574
2574 2580
2577 2583
2583 2589
2605 2611
2608 2614
2617 2623
2623 2629
2632 2638
2638 2644
2644 2650
2647 2653
2650 2656
2656 2662
2659 2665
2665 2671
2668 2674
2671 2677
2677 2683
2709 2715
2718 2724
2721 2727
2727 2733
2730 2736
2736 2742
2742 2748
2748 2754
2754 2760
2760 2766
2766 2772
2769 2775
2775 2781
2778 2784
2787 2793
2793 2799
2799 2805
2805 2811
2808 2814
2811 2817
2820 2826
2829 2835
2835 2841
2838 2844
2841 2847
2847 2853
2850 2856
2853 2859
2856 2862
2859 2865
2865 2871
2871 2877
2874 2880
2877 2883
2880 2886
2886 2892
2892 2898
2895 2901
2901 2907
2927 2933
2930 2936
2939 2945
2942 2948
2948 2954
2951 2957
2954 2960
2960 2966
2963 2969
2966 2972
2972 2978
2991 2997
2997 3003
3016 3022
3022 3028
3031 3037
3037 3043
3043 3049
3046 3052
3055 3061
3058 3064
3067 3073
3073 3079
3079 3085
3085 3091
3091 3097
3110 3116
3119 3125
3122 3128
3131 3137
3137 3143
3143 3149
3149 3155
3171 3177
3193 3199
3196 3202
3199 3205
3205 3211
3208 3214
3211 3217
3214 3220
3217 3223
3226 3232
3232 3238
3238 3244
3244 3250
3250 3256
3253 3259
3256 3262
3259 3265
3265 3271
3268 3274
3271 3277
3280 3286
3286 3292
3292 3298
3301 3307
3304 3310
3310 3316
3319 3325
3325 3331
3331 3337
3353 3359
3359 3365
3387 3393
3390 3396
3393 3399
3396 3402
3402 3408
3405 3411
3411 3417
3414 3420
3417 3423
3423 3429
3429 3435
3432 3438
3438 3444
3447 3453
3453 3459
3456 3462
3459 3465
3462 3468
3465 3471
3468 3474
3474 3480
3480 3486
3489 3495
3495 3501
3504 3510
3510 3516
3516 3522
3522 3528
3528 3534
3531 3537
3534 3540
3543 3549
3552 3558
3558 3564
3567 3573
3573 3579
3576 3582
3582 3588
3588 3594
3594 3600
3603 3609
3609 3615
3615 3621
3630 3636
3639 3645
3645 3651
3651 3657
3657 3663
3672 3678
3681 3687
3700 3706
3709 3715
3715 3721
3721 3727
3727 3733
3733 3739
121 128
317 324
399 406
749 756
921 928
928 935
935 942
1063 1070
1075 1082
1078 1085
1080 1087
1123 1130
1217 1224
1227 1234
1441 1448
1512 1519
1537 1544
1631 1638
1689 1696
1711 1718
1871 1878
2221 2228
2393 2400
2400 2407
2407 2414
2535 2542
2547 2554
2550 2557
2552 2559
2595 2602
2689 2696
2699 2706
2913 2920
2984 2991
3009 3016
3103 3110
3161 3168
3183 3190
3343 3350
3693 3700
430 438
942 950
1022 1030
1060 1068
1062 1070
1075 1083
1077 1085
1079 1087
1444 1452
1902 1910
2414 2422
2494 2502
2532 2540
2534 2542
2547 2555
2549 2557
2551 2559
2916 2924
3374 3382
4 13
16 25
37 46
46 55
55 64
70 79
79 88
88 97
91 100
100 109
109 118
128 137
155 164
167 176
176 185
203 212
212 221
230 239
233 242
236 245
239 248
248 257
263 272
290 299
305 314
327 336
330 339
333 342
342 351
363 372
378 387
387 396
415 424
443 452
446 455
449 458
458 467
467 476
470 479
485 494
494 503
509 518
512 521
515 524
518 527
521 530
536 545
551 560
584 593
587 596
599 608
614 623
629 638
650 659
671 680
683 692
713 722
725 734
737 746
756 765
789 798
798 807
813 822
828 837
837 846
858 867
867 876
876 885
879 888
888 897
897 906
900 909
909 918
950 959
953 962
956 965
983 992
998 1007
1007 1016
1033 1042
1036 1045
1045 1054
1078 1087
1087 1096
1102 1111
1111 1120
1133 1142
1151 1160
1172 1181
1175 1184
1184 1193
1193 1202
1196 1205
1205 1214
1237 1246
1246 1255
1255 1264
1294 1303
1303 1312
1312 1321
1333 1342
1336 1345
1339 1348
1348 1357
1363 1372
1366 1375
1375 1384
1378 1387
1381 1390
1384 1393
1399 1408
1402 1411
1405 1414
1420 1429
1429 1438
1455 1464
1458 1467
1467 1476
1476 1485
1479 1488
1488 1497
1491 1500
1500 1509
1525 1534
1550 1559
1571 1580
1574 1583
1583 1592
1592 1601
1598 1607
1619 1628
1638 1647
1647 1656
1677 1686
1699 1708
1721 1730
1724 1733
1733 1742
1736 1745
1739 1748
1742 1751
1751 1760
1778 1787
1781 1790
1784 1793
1793 1802
1796 1805
1820 1829
1829 1838
1838 1847
1859 1868
1887 1896
1915 1924
1918 1927
1921 1930
1930 1939
1939 1948
1942 1951
1957 1966
1966 1975
1981 1990
1984 1993
1987 1996
1990 1999
1993 2002
2008 2017
2023 2032
2056 2065
2059 2068
2071 2080
2086 2095
2101 2110
2122 2131
2143 2152
2155 2164
2185 2194
2197 2206
2209 2218
2228 2237
2261 2270
2270 2279
2285 2294
2300 2309
2309 2318
2330 2339
2339 2348
2348 2357
2351 2360
2360 2369
2369 2378
2372 2381
2381 2390
2422 2431
2425 2434
2428 2437
2455 2464
2470 2479
2479 2488
2505 2514
2508 2517
2517 2526
2550 2559
2559 2568
2574 2583
2583 2592
2605 2614
2623 2632
2644 2653
2647 2656
2656 2665
2665 2674
2668 2677
2677 2686
2709 2718
2718 2727
2727 2736
2766 2775
2775 2784
2784 2793
2805 2814
2808 2817
2811 2820
2820 2829
2835 2844
2838 2847
2847 2856
2850 2859
2853 2862
2856 2865
2871 2880
2874 2883
2877 2886
2892 2901
2901 2910
2927 2936
2930 2939
2939 2948
2948 2957
2951 2960
2960 2969
2963 2972
2972 2981
2997 3006
3022 3031
3043 3052
3046 3055
3055 3064
3064 3073
3070 3079
3091 3100
3110 3119
3119 3128
3149 3158
3171 3180
3193 3202
3196 3205
3205 3214
3208 3217
3211 3220
3214 3223
3223 3232
3250 3259
3253 3262
3256 3265
3265 3274
3268 3277
3292 3301
3301 3310
3310 3319
3331 3340
3359 3368
3387 3396
3390 3399
3393 3402
3402 3411
3411 3420
3414 3423
3429 3438
3438 3447
3453 3462
3456 3465
3459 3468
3462 3471
3465 3474
3480 3489
3495 3504
3528 3537
3531 3540
3543 3552
3558 3567
3573 3582
3594 3603
3615 3624
3627 3636
3657 3666
3669 3678
3681 3690
3700 3709
118 128
314 324
396 406
433 443
746 756
918 928
1060 1070
1075 1085
1077 1087
1120 1130
1123 1133
1214 1224
1224 1234
1509 1519
1534 1544
1628 1638
1686 1696
1708 1718
1868 1878
1905 1915
2218 2228
2390 2400
2532 2542
2547 2557
2549 2559
2592 2602
2595 2605
2686 2696
2696 2706
2981 2991
3006 3016
3100 3110
3158 3168
3180 3190
3340 3350
3377 3387
3690 3700
1019 1030
1022 1033
1057 1068
1441 1452
2491 2502
2494 2505
2529 2540
2913 2924
25 37
88 100
137 149
143 155
164 176
185 197
212 224
230 242
233 245
236 248
278 290
327 339
330 342
351 363
415 427
443 455
446 458
467 479
509 521
512 524
515 527
518 530
572 584
584 596
587 599
629 641
638 650
659 671
680 692
695 707
701 713
722 734
725 737
771 783
846 858
876 888
897 909
950 962
953 965
971 983
1007 1019
1033 1045
1045 1057
1075 1087
1090 1102
1133 1145
1160 1172
1172 1184
1193 1205
1270 1282
1282 1294
1303 1315
1315 1327
1321 1333
1333 1345
1336 1348
1363 1375
1375 1387
1378 1390
1381 1393
1399 1411
1402 1414
1455 1467
1476 1488
1488 1500
1559 1571
1571 1583
1583 1595
1595 1607
1601 1613
1607 1619
1647 1659
1665 1677
1721 1733
1733 1745
1736 1748
1739 1751
1754 1766
1766 1778
1778 1790
1781 1793
1793 1805
1796 1808
1808 1820
1847 1859
1887 1899
1915 1927
1918 1930
1939 1951
1981 1993
1984 1996
1987 1999
1990 2002
2044 2056
2056 2068
2059 2071
2101 2113
2110 2122
2131 2143
2152 2164
2167 2179
2173 2185
2194 2206
2197 2209
2243 2255
2318 2330
2348 2360
2369 2381
2422 2434
2425 2437
2443 2455
2479 2491
2505 2517
2517 2529
2547 2559
2562 2574
2605 2617
2632 2644
2644 2656
2665 2677
2742 2754
2754 2766
2775 2787
2787 2799
2793 2805
2805 2817
2808 2820
2835 2847
2847 2859
2850 2862
2853 2865
2871 2883
2874 2886
2927 2939
2948 2960
2960 2972
3031 3043
3043 3055
3055 3067
3067 3079
3073 3085
3079 3091
3119 3131
3137 3149
3193 3205
3205 3217
3208 3220
3211 3223
3226 3238
3238 3250
3250 3262
3253 3265
3265 3277
3268 3280
3280 3292
3319 3331
3359 3371
3387 3399
3390 3402
3411 3423
3453 3465
3456 3468
3459 3471
3462 3474
3516 3528
3528 3540
3531 3543
3573 3585
3582 3594
3603 3615
3624 3636
3639 3651
3645 3657
3666 3678
3669 3681
3715 3727
115 128
311 324
314 327
393 406
430 443
743 756
1057 1070
1117 1130
1120 1133
1211 1224
1224 1237
1506 1519
1531 1544
1625 1638
1683 1696
1686 1699
1705 1718
1708 1721
1865 1878
1902 1915
2215 2228
2529 2542
2589 2602
2592 2605
2683 2696
2696 2709
2978 2991
3003 3016
3097 3110
3155 3168
3158 3171
3177 3190
3180 3193
3337 3350
3374 3387
3687 3700
928 942
1016 1030
1019 1033
1438 1452
1441 1455
2400 2414
2488 2502
2491 2505
2910 2924
2913 2927
16 31
55 70
161 176
230 245
233 248
248 263
263 278
290 305
327 342
342 357
363 378
415 430
443 458
494 509
509 524
512 527
515 530
536 551
551 566
584 599
599 614
614 629
629 644
677 692
680 695
719 734
722 737
756 771
798 813
813 828
950 965
983 998
1007 1022
1087 1102
1151 1166
1157 1172
1255 1270
1303 1318
1312 1327
1318 1333
1333 1348
1348 1363
1375 1390
1378 1393
1399 1414
1583 1598
1592 1607
1598 1613
1604 1619
1733 1748
1736 1751
1751 1766
1778 1793
1793 1808
1887 1902
1915 1930
1966 1981
1981 1996
1984 1999
1987 2002
2008 2023
2023 2038
2056 2071
2071 2086
2086 2101
2101 2116
2149 2164
2152 2167
2191 2206
2194 2209
2228 2243
2270 2285
2285 2300
2422 2437
2455 2470
2479 2494
2559 2574
2623 2638
2629 2644
2727 2742
2775 2790
2784 2799
2790 2805
2805 2820
2820 2835
2847 2862
2850 2865
2871 2886
3055 3070
3064 3079
3070 3085
3076 3091
3205 3220
3208 3223
3223 3238
3250 3265
3265 3280
3359 3374
3387 3402
3438 3453
3453 3468
3456 3471
3459 3474
3480 3495
3495 3510
3528 3543
3543 3558
3558 3573
3573 3588
3621 3636
3624 3639
3663 3678
3666 3681
3700 3715
112 128
308 324
311 327
390 406
427 443
740 756
1054 1070
1114 1130
1117 1133
1503 1519
1528 1544
1622 1638
1680 1696
1683 1699
1702 1718
1705 1721
1862 1878
1899 1915
2212 2228
2526 2542
2586 2602
2589 2605
2975 2991
3000 3016
3094 3110
3152 3168
3155 3171
3174 3190
3177 3193
3334 3350
3371 3387
3684 3700
1013 1030
1016 1033
1070 1087
1217 1234
1435 1452
1438 1455
2485 2502
2488 2505
2542 2559
2689 2706
2907 2924
2910 2927
70 88
137 155
158 176
185 203
212 230
230 248
467 485
509 527
512 530
566 584
674 692
677 695
695 713
716 734
719 737
771 789
858 876
1133 1151
1303 1321
1315 1333
1375 1393
1583 1601
1595 1613
1601 1619
1647 1665
1733 1751
1939 1957
1981 1999
1984 2002
2038 2056
2146 2164
2149 2167
2167 2185
2188 2206
2191 2209
2243 2261
2330 2348
2605 2623
2775 2793
2787 2805
2847 2865
3055 3073
3067 3085
3073 3091
3119 3137
3205 3223
3411 3429
3453 3471
3456 3474
3510 3528
3618 3636
3621 3639
3639 3657
3660 3678
3663 3681
3715 3733
109 128
305 324
308 327
387 406
390 409
424 443
737 756
909 928
1111 1130
1114 1133
1205 1224
1500 1519
1525 1544
1619 1638
1677 1696
1680 1699
1699 1718
1702 1721
1859 1878
1862 1881
1896 1915
2209 2228
2381 2400
2583 2602
2586 2605
2677 2696
2972 2991
2997 3016
3091 3110
3149 3168
3152 3171
3171 3190
3174 3193
3331 3350
3334 3353
3368 3387
3681 3700
1010 1030
1013 1033
1214 1234
1217 1237
1432 1452
1435 1455
2482 2502
2485 2505
2686 2706
2689 2709
2904 2924
2907 2927
16 37
88 109
155 176
176 197
263 284
342 363
509 530
551 572
629 650
650 671
671 692
674 695
713 734
716 737
837 858
876 897
921 942
950 971
1151 1172
1172 1193
1312 1333
1399 1420
1455 1476
1550 1571
1583 1604
1592 1613
1598 1619
1733 1754
1838 1859
1981 2002
2023 2044
2101 2122
2122 2143
2143 2164
2146 2167
2185 2206
2188 2209
2309 2330
2348 2369
2393 2414
2422 2443
2623 2644
2644 2665
2784 2805
2871 2892
2927 2948
3022 3043
3055 3076
3064 3085
3070 3091
3205 3226
3310 3331
3453 3474
3495 3516
3573 3594
3594 3615
3615 3636
3618 3639
3657 3678
3660 3681
305 327
387 409
421 443
928 950
1111 1133
1677 1699
1699 1721
1859 1881
1893 1915
2400 2422
2583 2605
3149 3171
3171 3193
3331 3353
3365 3387
1007 1030
1010 1033
1211 1234
1214 1237
1429 1452
1432 1455
2479 2502
2482 2505
2683 2706
2686 2709
2901 2924
2904 2927
46 70
363 387
443 467
485 509
671 695
713 737
813 837
918 942
983 1007
1270 1294
1303 1327
1375 1399
1476 1500
1583 1607
1595 1619
1915 1939
1957 1981
2143 2167
2185 2209
2285 2309
2390 2414
2455 2479
2742 2766
2775 2799
2847 2871
2948 2972
3055 3079
3067 3091
3387 3411
3429 3453
3615 3639
3657 3681
418 443
1045 1070
1500 1525
1525 1550
1890 1915
2517 2542
2972 2997
2997 3022
3362 3387
1007 1033
1208 1234
1211 1237
1429 1455
2479 2505
2680 2706
2683 2709
2901 2927
128 155
176 203
263 290
278 305
509 536
915 942
950 977
1255 1282
1592 1619
1733 1760
1793 1820
1981 2008
2387 2414
2422 2449
2727 2754
3064 3091
3205 3232
3265 3292
3453 3480
387 415
415 443
1619 1647
1859 1887
1887 1915
3091 3119
3331 3359
3359 3387
921 950
1205 1234
1208 1237
2393 2422
2677 2706
2680 2709
584 614
599 629
828 858
912 942
1057 1087
1303 1333
1333 1363
1399 1429
1583 1613
1647 1677
1829 1859
2056 2086
2071 2101
2300 2330
2384 2414
2529 2559
2775 2805
2805 2835
2871 2901
3055 3085
3119 3149
3301 3331
3528 3558
3543 3573
918 950
1205 1237
2390 2422
2677 2709
37 70
46 79
55 88
230 263
551 584
756 789
876 909
909 942
950 983
1054 1087
1172 1205
1455 1488
1733 1766
2023 2056
2228 2261
2348 2381
2381 2414
2422 2455
2526 2559
2644 2677
2927 2960
3205 3238
3495 3528
3700 3733
737 771
1699 1733
2209 2243
3171 3205
3681 3715
915 950
2387 2422
176 212
342 378
351 387
1051 1087
1583 1619
1793 1829
2523 2559
3055 3091
3265 3301
912 950
1007 1045
2384 2422
2479 2517
1048 1087
1133 1172
1255 1294
2520 2559
2605 2644
2727 2766
909 950
1205 1246
2381 2422
2677 2718
37 79
46 88
263 305
467 509
509 551
629 671
671 713
756 798
1045 1087
1333 1375
1939 1981
1981 2023
2101 2143
2143 2185
2228 2270
2517 2559
2805 2847
3411 3453
3453 3495
3573 3615
3615 3657
342 387
584 629
813 858
1045 1090
1455 1500
1733 1778
2056 2101
2285 2330
2517 2562
2927 2972
3205 3250
3528 3573
109 155
1525 1571
2997 3043
1429 1476
2901 2948
155 203
536 584
828 876
950 998
1255 1303
1571 1619
2008 2056
2300 2348
2422 2470
2727 2775
3043 3091
3480 3528
1205 1255
2677 2727
37 88
327 378
1045 1096
2517 2568
737 789
2209 2261
3681 3733
176 230
1375 1429
2847 2901
155 212
248 305
950 1007
1045 1102
2422 2479
2517 2574
1619 1677
3091 3149
1429 1488
2901 2960
327 387
737 798
1111 1172
2209 2270
2583 2644
509 572
813 876
1981 2044
2285 2348
3453 3516
443 509
671 737
1045 1111
1793 1859
1915 1981
2143 2209
2517 2583
3265 3331
3387 3453
3615 3681
1429 1500
2901 2972
16 88
37 109
1133 1205
2605 2677
155 230
230 305
509 584
1981 2056
3453 3528
737 813
2209 2285
798 876
1255 1333
2270 2348
2727 2805
1699 1778
3171 3250
1778 1859
3250 3331
305 387
1111 1193
2583 2665
813 897
2285 2369
584 671
2056 2143
3528 3615
1205 1294
2677 2766
16 109
415 509
1111 1205
1525 1619
1887 1981
2583 2677
2997 3091
3359 3453
950 1045
2422 2517
813 909
1429 1525
2285 2381
2901 2997
909 1007
1205 1303
2381 2479
2677 2775
798 897
2270 2369
798 909
2270 2381
737 858
2209 2330
387 509
1859 1981
3331 3453
1733 1859
3205 3331
1205 1333
2677 2805
909 1045
2381 2517
737 876
2209 2348
155 305
1525 1677
2997 3149
737 897
1699 1859
2209 2369
3171 3331
509 671
1981 2143
3453 3615
1205 1375
2677 2847
737 909
2209 2381
109 305
909 1111
2381 2583
1205 1429
2677 2901
415 671
1887 2143
3359 3615
387 671
1859 2143
3331 3615
1205 1500
2677 2972
1111 1429
2583 2901
1205 1525
2677 2997
415 737
1887 2209
3359 3681
387 713
1859 2185
3331 3657
387 737
1859 2209
3331 3681
737 1111
2209 2583
1111 1500
2583 2972
1111 1525
2583 2997
305 737
909 1525
2381 2997
737 1500
2209 2972
737 1525
2209 2997
737 1677
2209 3149
387 1525
1859 2997
305 1500
305 1525
387 1677
1859 3149
1699 2997
1677 2997
305 1677
1699 3149
1677 3149
305 3149
