0 1
1 2
2 3
3 4
4 5
5 6
6 7
7 8
8 9
9 10
10 11
11 12
12 13
13 14
14 15
15 16
16 17
17 18
18 19
19 20
20 21
21 22
22 23
23 24
24 25
25 26
26 27
27 28
28 29
29 30
30 31
31 32
32 33
33 34
34 35
35 36
36 37
37 38
38 39
39 40
40 41
41 42
42 43
43 44
44 45
45 46
46 47
47 48
48 49
49 50
50 51
51 52
52 53
53 54
54 55
55 56
56 57
57 58
58 59
59 60
60 61
61 62
62 63
63 64
64 65
65 66
66 67
67 68
68 69
69 70
70 71
71 72
72 73
73 74
74 75
75 76
76 77
77 78
78 79
79 80
80 81
81 82
82 83
83 84
84 85
85 86
86 87
87 88
88 89
89 90
90 91
91 92
92 93
93 94
94 95
95 96
96 97
97 98
98 99
99 100
100 101
101 102
102 103
103 104
104 105
105 106
106 107
107 108
108 109
109 110
110 111
111 112
112 113
113 114
114 115
115 116
116 117
117 118
118 119
119 120
120 121
121 122
122 123
123 124
124 125
125 126
126 127
127 128
128 129
129 130
130 131
131 132
132 133
133 134
134 135
135 136
136 137
137 138
138 139
139 140
140 141
141 142
142 143
143 144
144 145
145 146
146 147
147 148
148 149
149 150
150 151
151 152
152 153
153 154
154 155
155 156
156 157
157 158
158 159
159 160
160 161
161 162
162 163
163 164
164 165
165 166
166 167
167 168
168 169
169 170
170 171
171 172
172 173
173 174
174 175
175 176
176 177
177 178
178 179
179 180
180 181
181 182
182 183
183 184
184 185
185 186
186 187
187 188
188 189
189 190
190 191
191 192
192 193
193 194
194 195
195 196
196 197
197 198
198 199
199 200
200 201
201 202
202 203
203 204
204 205
205 206
206 207
207 208
208 209
209 210
210 211
211 212
212 213
213 214
214 215
215 216
216 217
217 218
218 219
219 220
220 221
221 222
222 223
223 224
224 225
225 226
226 227
227 228
228 229
229 230
230 231
231 232
232 233
233 234
234 235
235 236
236 237
237 238
238 239
239 240
240 241
241 242
242 243
243 244
244 245
245 246
246 247
247 248
248 249
249 250
250 251
251 252
252 253
253 254
254 255
255 256
256 257
257 258
258 259
259 260
260 261
261 262
262 263
263 264
264 265
265 266
266 267
267 268
268 269
269 270
270 271
271 272
272 273
273 274
274 275
275 276
276 277
277 278
278 279
279 280
280 281
281 282
282 283
283 284
284 285
285 286
286 287
287 288
288 289
289 290
290 291
291 292
292 293
293 294
294 295
295 296
296 297
297 298
298 299
299 300
300 301
301 302
302 303
303 304
304 305
305 306
306 307
307 308
308 309
309 310
310 311
311 312
312 313
313 314
314 315
315 316
316 317
317 318
318 319
319 320
320 321
321 322
322 323
323 324
324 325
325 326
326 327
327 328
328 329
329 330
330 331
331 332
332 333
333 334
334 335
335 336
336 337
337 338
338 339
339 340
340 341
341 342
342 343
343 344
344 345
345 346
346 347
347 348
348 349
349 350
350 351
351 352
352 353
353 354
354 355
355 356
356 357
357 358
358 359
359 360
360 361
361 362
362 363
363 364
364 365
365 366
366 367
367 368
368 369
369 370
370 371
371 372
372 373
373 374
374 375
375 376
376 377
377 378
378 379
379 380
380 381
381 382
382 383
383 384
384 385
385 386
386 387
387 388
388 389
389 390
390 391
391 392
392 393
393 394
394 395
395 396
396 397
397 398
398 399
399 400
400 401
401 402
402 403
403 404
404 405
405 406
406 407
407 408
408 409
409 410
410 411
411 412
412 413
413 414
414 415
415 416
416 417
417 418
418 419
419 420
420 421
421 422
422 423
423 424
424 425
425 426
426 427
427 428
428 429
429 430
430 431
431 432
432 433
433 434
434 435
435 436
436 437
437 438
438 439
439 440
440 441
441 442
442 443
443 444
444 445
445 446
446 447
447 448
448 449
449 450
450 451
451 452
452 453
453 454
454 455
455 456
456 457
457 458
458 459
459 460
460 461
461 462
462 463
463 464
464 465
465 466
466 467
467 468
468 469
469 470
470 471
471 472
472 473
473 474
474 475
475 476
476 477
477 478
478 479
479 480
480 481
481 482
482 483
483 484
484 485
485 486
486 487
487 488
488 489
489 490
490 491
491 492
492 493
493 494
494 495
495 496
496 497
497 498
498 499
499 500
500 501
501 502
502 503
503 504
504 505
505 506
506 507
507 508
508 509
509 510
510 511
511 512
512 513
513 514
514 515
515 516
516 517
517 518
518 519
519 520
520 521
521 522
522 523
523 524
524 525
525 526
526 527
527 528
528 529
529 530
530 531
531 532
532 533
533 534
534 535
535 536
536 537
537 538
538 539
539 540
540 541
541 542
542 543
543 544
544 545
545 546
546 547
547 548
548 549
549 550
550 551
551 552
552 553
553 554
554 555
555 556
556 557
557 558
558 559
559 560
560 561
561 562
562 563
563 564
564 565
565 566
566 567
567 568
0 2
2 4
4 6
7 9
9 11
11 13
13 15
14 16
16 18
17 19
19 21
20 22
22 24
23 25
25 27
26 28
28 30
29 31
31 33
32 34
34 36
35 37
37 39
38 40
40 42
41 43
43 45
44 46
46 48
47 49
49 51
50 52
52 54
53 55
55 57
56 58
58 60
59 61
61 63
62 64
64 66
65 67
67 69
68 70
70 72
71 73
73 75
74 76
76 78
77 79
79 81
80 82
82 84
83 85
85 87
86 88
88 90
89 91
91 93
92 94
94 96
95 97
97 99
98 100
100 102
101 103
103 105
104 106
106 108
107 109
109 111
110 112
112 114
113 115
115 117
116 118
118 120
121 123
124 126
126 128
128 130
129 131
131 133
132 134
134 136
135 137
137 139
138 140
140 142
141 143
143 145
144 146
146 148
147 149
149 151
150 152
152 154
153 155
155 157
156 158
158 160
159 161
161 163
162 164
164 166
167 169
170 172
172 174
174 176
176 178
177 179
179 181
180 182
182 184
183 185
185 187
186 188
188 190
189 191
191 193
192 194
194 196
195 197
197 199
198 200
200 202
201 203
203 205
204 206
206 208
207 209
209 211
210 212
212 214
213 215
215 217
216 218
218 220
219 221
221 223
222 224
224 226
225 227
227 229
228 230
230 232
231 233
233 235
234 236
236 238
237 239
239 241
240 242
242 244
243 245
245 247
246 248
248 250
249 251
251 253
252 254
254 256
255 257
257 259
258 260
260 262
261 263
263 265
264 266
266 268
267 269
269 271
270 272
272 274
273 275
275 277
276 278
278 280
279 281
281 283
282 284
284 286
285 287
287 289
288 290
290 292
291 293
293 295
294 296
296 298
297 299
299 301
300 302
302 304
303 305
305 307
306 308
308 310
309 311
311 313
312 314
314 316
317 319
320 322
322 324
324 326
325 327
327 329
328 330
330 332
331 333
333 335
334 336
336 338
337 339
339 341
340 342
342 344
343 345
345 347
346 348
348 350
349 351
351 353
352 354
354 356
355 357
357 359
358 360
360 362
361 363
363 365
364 366
366 368
367 369
369 371
370 372
372 374
373 375
375 377
376 378
378 380
379 381
381 383
382 384
384 386
385 387
387 389
388 390
390 392
391 393
393 395
394 396
396 398
399 401
402 404
404 406
406 408
407 409
409 411
410 412
412 414
413 415
415 417
416 418
418 420
419 421
421 423
422 424
424 426
425 427
427 429
428 430
430 432
433 435
436 438
438 440
441 443
443 445
444 446
446 448
447 449
449 451
450 452
452 454
453 455
455 457
456 458
458 460
459 461
461 463
462 464
464 466
465 467
467 469
468 470
470 472
471 473
473 475
474 476
476 478
477 479
479 481
480 482
482 484
483 485
485 487
486 488
488 490
489 491
491 493
492 494
494 496
495 497
497 499
498 500
500 502
501 503
503 505
504 506
506 508
507 509
509 511
510 512
512 514
513 515
515 517
516 518
518 520
519 521
521 523
522 524
524 526
525 527
527 529
528 530
530 532
531 533
533 535
534 536
536 538
537 539
539 541
540 542
542 544
543 545
545 547
546 548
548 550
549 551
551 553
552 554
554 556
555 557
557 559
558 560
560 562
561 563
563 565
564 566
566 568
4 7
13 16
16 19
19 22
22 25
25 28
28 31
31 34
34 37
37 40
40 43
43 46
46 49
49 52
52 55
55 58
58 61
61 64
64 67
67 70
70 73
73 76
76 79
79 82
82 85
85 88
88 91
91 94
94 97
97 100
100 103
103 106
106 109
109 112
112 115
115 118
118 121
121 124
128 131
131 134
134 137
137 140
140 143
143 146
146 149
149 152
152 155
155 158
158 161
161 164
164 167
167 170
176 179
179 182
182 185
185 188
188 191
191 194
194 197
197 200
200 203
203 206
206 209
209 212
212 215
215 218
218 221
221 224
224 227
227 230
230 233
233 236
236 239
239 242
242 245
245 248
248 251
251 254
254 257
257 260
260 263
263 266
266 269
269 272
272 275
275 278
278 281
281 284
284 287
287 290
290 293
293 296
296 299
299 302
302 305
305 308
308 311
311 314
314 317
317 320
324 327
327 330
330 333
333 336
336 339
339 342
342 345
345 348
348 351
351 354
354 357
357 360
360 363
363 366
366 369
369 372
372 375
375 378
378 381
381 384
384 387
387 390
390 393
393 396
396 399
399 402
406 409
409 412
412 415
415 418
418 421
421 424
424 427
427 430
430 433
433 436
438 441
443 446
446 449
449 452
452 455
455 458
458 461
461 464
464 467
467 470
470 473
473 476
476 479
479 482
482 485
485 488
488 491
491 494
494 497
497 500
500 503
503 506
506 509
509 512
512 515
515 518
518 521
521 524
524 527
527 530
530 533
533 536
536 539
539 542
542 545
545 548
548 551
551 554
554 557
557 560
560 563
563 566
9 13
124 128
170 174
172 176
320 324
402 406
4 9
433 438
438 443
7 13
16 22
25 31
31 37
37 43
46 52
55 61
64 70
70 76
79 85
82 88
88 94
91 97
100 106
103 109
109 115
128 134
131 137
137 143
143 149
149 155
155 161
170 176
176 182
179 185
185 191
191 197
197 203
203 209
206 212
212 218
215 221
224 230
230 236
233 239
236 242
239 245
242 248
248 254
251 257
257 263
263 269
266 272
272 278
278 284
284 290
290 296
299 305
305 311
327 333
330 336
333 339
342 348
345 351
351 357
357 363
363 369
372 378
378 384
381 387
387 393
409 415
415 421
443 449
446 452
449 455
452 458
458 464
461 467
467 473
470 476
473 479
479 485
485 491
488 494
494 500
503 509
509 515
512 518
515 521
518 524
521 527
524 530
530 536
536 542
545 551
551 557
560 566
121 128
317 324
399 406
430 438
4 13
16 25
37 46
46 55
55 64
70 79
79 88
88 97
91 100
100 109
109 118
128 137
155 164
167 176
176 185
203 212
212 221
230 239
233 242
236 245
239 248
248 257
263 272
290 299
305 314
327 336
330 339
333 342
342 351
363 372
378 387
387 396
415 424
443 452
446 455
449 458
458 467
467 476
470 479
485 494
494 503
509 518
512 521
515 524
518 527
521 530
536 545
551 560
118 128
314 324
396 406
433 443
25 37
88 100
137 149
143 155
164 176
185 197
212 224
230 242
233 245
236 248
278 290
327 339
330 342
351 363
415 427
443 455
446 458
467 479
509 521
512 524
515 527
518 530
115 128
311 324
314 327
393 406
430 443
16 31
55 70
161 176
230 245
233 248
248 263
263 278
290 305
327 342
342 357
363 378
415 430
443 458
494 509
509 524
512 527
515 530
536 551
551 566
112 128
308 324
311 327
390 406
427 443
70 88
137 155
158 176
185 203
212 230
230 248
467 485
509 527
512 530
109 128
305 324
308 327
387 406
390 409
424 443
16 37
88 109
155 176
176 197
263 284
342 363
509 530
305 327
387 409
421 443
46 70
363 387
443 467
485 509
418 443
128 155
176 203
263 290
278 305
509 536
387 415
415 443
37 70
46 79
55 88
230 263
176 212
342 378
351 387
37 79
46 88
263 305
467 509
509 551
342 387
109 155
155 203
37 88
327 378
176 230
155 212
248 305
327 387
443 509
16 88
37 109
155 230
230 305
305 387
16 109
415 509
387 509
155 305
109 305
