0, 1
1, 2
2, 3
3, 4
4, 5
5, 6
6, 7
7, 8
8, 9
9, 10
10, 11
11, 12
12, 13
13, 14
14, 15
15, 16
16, 17
17, 18
18, 19
19, 20
20, 21
21, 22
22, 23
23, 24
24, 25
25, 26
26, 27
27, 28
28, 29
29, 30
30, 31
31, 32
32, 33
33, 34
34, 35
35, 36
36, 37
37, 38
38, 39
39, 40
40, 41
41, 42
42, 43
43, 44
44, 45
45, 46
46, 47
47, 48
48, 49
49, 50
50, 51
51, 52
52, 53
53, 54
54, 55
55, 56
56, 57
57, 58
58, 59
59, 60
60, 61
61, 62
62, 63
63, 64
64, 65
65, 66
66, 67
67, 68
68, 69
69, 70
70, 71
71, 72
72, 73
73, 74
74, 75
75, 76
76, 77
77, 78
78, 79
79, 80
80, 81
81, 82
82, 83
83, 84
84, 85
85, 86
86, 87
87, 88
88, 89
89, 90
90, 91
91, 92
92, 93
93, 94
94, 95
95, 96
96, 97
97, 98
98, 99
99, 100
100, 101
101, 102
102, 103
103, 104
104, 105
105, 106
106, 107
107, 108
108, 109
109, 110
110, 111
111, 112
112, 113
113, 114
114, 115
115, 116
116, 117
117, 118
118, 119
119, 120
120, 121
121, 122
122, 123
123, 124
124, 125
125, 126
126, 127
127, 128
128, 129
129, 130
130, 131
131, 132
132, 133
133, 134
134, 135
135, 136
136, 137
137, 138
138, 139
139, 140
140, 141
141, 142
142, 143
143, 144
144, 145
145, 146
146, 147
147, 148
148, 149
149, 150
150, 151
151, 152
152, 153
153, 154
154, 155
155, 156
156, 157
157, 158
158, 159
159, 160
160, 161
161, 162
162, 163
163, 164
164, 165
165, 166
166, 167
167, 168
168, 169
169, 170
170, 171
171, 172
172, 173
173, 174
174, 175
175, 176
176, 177
177, 178
178, 179
179, 180
180, 181
181, 182
182, 183
183, 184
184, 185
185, 186
186, 187
187, 188
188, 189
189, 190
190, 191
191, 192
192, 193
193, 194
194, 195
195, 196
196, 197
197, 198
198, 199
199, 200
200, 201
201, 202
202, 203
203, 204
204, 205
205, 206
206, 207
207, 208
208, 209
209, 210
210, 211
211, 212
212, 213
213, 214
214, 215
215, 216
216, 217
217, 218
218, 219
219, 220
220, 221
221, 222
222, 223
223, 224
224, 225
225, 226
226, 227
227, 228
228, 229
229, 230
230, 231
231, 232
232, 233
233, 234
234, 235
235, 236
236, 237
237, 238
238, 239
239, 240
240, 241
241, 242
242, 243
243, 244
244, 245
245, 246
246, 247
247, 248
248, 249
249, 250
250, 251
251, 252
252, 253
253, 254
254, 255
255, 256
256, 257
257, 258
258, 259
259, 260
260, 261
261, 262
262, 263
263, 264
264, 265
265, 266
266, 267
267, 268
268, 269
269, 270
270, 271
271, 272
272, 273
273, 274
274, 275
275, 276
276, 277
277, 278
278, 279
279, 280
280, 281
281, 282
282, 283
283, 284
284, 285
285, 286
286, 287
287, 288
288, 289
289, 290
290, 291
291, 292
292, 293
293, 294
294, 295
295, 296
296, 297
297, 298
298, 299
299, 300
300, 301
301, 302
302, 303
303, 304
304, 305
305, 306
306, 307
307, 308
308, 309
309, 310
310, 311
311, 312
312, 313
313, 314
314, 315
315, 316
316, 317
317, 318
318, 319
319, 320
320, 321
321, 322
322, 323
323, 324
324, 325
325, 326
326, 327
327, 328
328, 329
329, 330
330, 331
331, 332
332, 333
333, 334
334, 335
335, 336
336, 337
337, 338
338, 339
339, 340
340, 341
341, 342
342, 343
343, 344
344, 345
345, 346
346, 347
347, 348
348, 349
349, 350
350, 351
351, 352
352, 353
353, 354
354, 355
355, 356
356, 357
357, 358
358, 359
359, 360
360, 361
361, 362
362, 363
363, 364
364, 365
365, 366
366, 367
367, 368
368, 369
369, 370
370, 371
371, 372
372, 373
373, 374
374, 375
375, 376
376, 377
377, 378
378, 379
379, 380
380, 381
381, 382
382, 383
383, 384
384, 385
385, 386
386, 387
387, 388
388, 389
389, 390
390, 391
391, 392
392, 393
393, 394
394, 395
395, 396
396, 397
397, 398
398, 399
399, 400
400, 401
401, 402
402, 403
403, 404
404, 405
405, 406
406, 407
407, 408
408, 409
409, 410
410, 411
411, 412
412, 413
413, 414
414, 415
415, 416
416, 417
417, 418
418, 419
419, 420
420, 421
421, 422
422, 423
423, 424
424, 425
425, 426
426, 427
427, 428
428, 429
429, 430
430, 431
431, 432
432, 433
433, 434
434, 435
435, 436
436, 437
437, 438
438, 439
439, 440
440, 441
441, 442
442, 443
443, 444
444, 445
445, 446
446, 447
447, 448
448, 449
449, 450
450, 451
451, 452
452, 453
453, 454
454, 455
455, 456
456, 457
457, 458
458, 459
459, 460
460, 461
461, 462
462, 463
463, 464
464, 465
465, 466
466, 467
467, 468
468, 469
469, 470
470, 471
471, 472
472, 473
473, 474
474, 475
475, 476
476, 477
477, 478
478, 479
479, 480
480, 481
481, 482
482, 483
483, 484
484, 485
485, 486
486, 487
487, 488
488, 489
489, 490
490, 491
491, 492
492, 493
493, 494
494, 495
495, 496
496, 497
497, 498
498, 499
499, 500
500, 501
501, 502
502, 503
503, 504
504, 505
505, 506
506, 507
507, 508
508, 509
509, 510
510, 511
511, 512
512, 513
513, 514
514, 515
515, 516
516, 517
517, 518
518, 519
519, 520
520, 521
521, 522
522, 523
523, 524
524, 525
525, 526
526, 527
527, 528
528, 529
529, 530
530, 531
531, 532
532, 533
533, 534
534, 535
535, 536
536, 537
537, 538
538, 539
539, 540
540, 541
541, 542
542, 543
543, 544
544, 545
545, 546
546, 547
547, 548
548, 549
549, 550
550, 551
551, 552
552, 553
553, 554
554, 555
555, 556
556, 557
557, 558
558, 559
559, 560
560, 561
561, 562
562, 563
563, 564
564, 565
565, 566
566, 567
567, 568
568, 569
569, 570
570, 571
571, 572
572, 573
573, 574
574, 575
575, 576
576, 577
577, 578
578, 579
579, 580
580, 581
581, 582
582, 583
583, 584
584, 585
585, 586
586, 587
587, 588
588, 589
589, 590
590, 591
591, 592
592, 593
593, 594
594, 595
595, 596
596, 597
597, 598
598, 599
599, 600
600, 601
601, 602
602, 603
603, 604
604, 605
605, 606
606, 607
607, 608
608, 609
609, 610
610, 611
611, 612
612, 613
613, 614
614, 615
615, 616
616, 617
617, 618
618, 619
619, 620
620, 621
621, 622
622, 623
623, 624
624, 625
625, 626
626, 627
627, 628
628, 629
629, 630
630, 631
631, 632
632, 633
633, 634
634, 635
635, 636
636, 637
637, 638
638, 639
639, 640
640, 641
641, 642
642, 643
643, 644
644, 645
645, 646
646, 647
647, 648
648, 649
649, 650
650, 651
651, 652
652, 653
653, 654
654, 655
655, 656
656, 657
657, 658
658, 659
659, 660
660, 661
661, 662
662, 663
663, 664
664, 665
665, 666
666, 667
667, 668
668, 669
669, 670
670, 671
671, 672
672, 673
673, 674
674, 675
675, 676
676, 677
677, 678
678, 679
679, 680
680, 681
681, 682
682, 683
683, 684
684, 685
685, 686
686, 687
687, 688
688, 689
689, 690
690, 691
691, 692
692, 693
693, 694
694, 695
695, 696
696, 697
697, 698
698, 699
699, 700
700, 701
701, 702
702, 703
703, 704
704, 705
705, 706
706, 707
707, 708
708, 709
709, 710
710, 711
711, 712
712, 713
713, 714
714, 715
715, 716
716, 717
717, 718
718, 719
719, 720
720, 721
721, 722
722, 723
723, 724
724, 725
725, 726
726, 727
727, 728
728, 729
729, 730
730, 731
731, 732
732, 733
733, 734
734, 735
735, 736
736, 737
737, 738
738, 739
739, 740
740, 741
741, 742
742, 743
743, 744
744, 745
745, 746
746, 747
747, 748
748, 749
749, 750
750, 751
751, 752
752, 753
753, 754
754, 755
755, 756
756, 757
757, 758
758, 759
759, 760
760, 761
761, 762
762, 763
763, 764
764, 765
765, 766
766, 767
767, 768
768, 769
769, 770
770, 771
771, 772
772, 773
773, 774
774, 775
775, 776
776, 777
777, 778
778, 779
779, 780
780, 781
781, 782
782, 783
783, 784
784, 785
785, 786
786, 787
787, 788
788, 789
789, 790
790, 791
791, 792
792, 793
793, 794
794, 795
795, 796
796, 797
797, 798
798, 799
799, 800
800, 801
801, 802
802, 803
803, 804
804, 805
805, 806
806, 807
807, 808
808, 809
809, 810
810, 811
811, 812
812, 813
813, 814
814, 815
815, 816
816, 817
817, 818
818, 819
819, 820
820, 821
821, 822
822, 823
823, 824
824, 825
825, 826
826, 827
827, 828
828, 829
829, 830
830, 831
831, 832
832, 833
833, 834
834, 835
835, 836
836, 837
837, 838
838, 839
839, 840
840, 841
841, 842
842, 843
843, 844
844, 845
845, 846
846, 847
847, 848
848, 849
849, 850
850, 851
851, 852
852, 853
853, 854
854, 855
855, 856
856, 857
857, 858
858, 859
859, 860
860, 861
861, 862
862, 863
863, 864
864, 865
865, 866
866, 867
867, 868
868, 869
869, 870
870, 871
871, 872
872, 873
873, 874
874, 875
875, 876
876, 877
877, 878
878, 879
879, 880
880, 881
881, 882
882, 883
883, 884
884, 885
885, 886
886, 887
887, 888
888, 889
889, 890
890, 891
891, 892
892, 893
893, 894
894, 895
895, 896
896, 897
897, 898
898, 899
899, 900
900, 901
901, 902
902, 903
903, 904
904, 905
905, 906
906, 907
907, 908
908, 909
909, 910
910, 911
911, 912
912, 913
913, 914
914, 915
915, 916
916, 917
917, 918
918, 919
919, 920
920, 921
921, 922
922, 923
923, 924
924, 925
925, 926
926, 927
927, 928
928, 929
929, 930
930, 931
931, 932
932, 933
933, 934
934, 935
935, 936
936, 937
937, 938
938, 939
939, 940
940, 941
941, 942
942, 943
943, 944
944, 945
945, 946
946, 947
947, 948
948, 949
949, 950
950, 951
951, 952
952, 953
953, 954
954, 955
955, 956
956, 957
957, 958
958, 959
959, 960
960, 961
961, 962
962, 963
963, 964
964, 965
965, 966
966, 967
967, 968
968, 969
969, 970
970, 971
971, 972
972, 973
973, 974
974, 975
975, 976
976, 977
977, 978
978, 979
979, 980
980, 981
981, 982
982, 983
983, 984
984, 985
985, 986
986, 987
987, 988
988, 989
989, 990
990, 991
991, 992
992, 993
993, 994
994, 995
995, 996
996, 997
997, 998
998, 999
999, 1000
1000, 1001
1001, 1002
1002, 1003
1003, 1004
1004, 1005
1005, 1006
1006, 1007
1007, 1008
1008, 1009
1009, 1010
1010, 1011
1011, 1012
1012, 1013
1013, 1014
1014, 1015
1015, 1016
1016, 1017
1017, 1018
1018, 1019
1019, 1020
1020, 1021
1021, 1022
1022, 1023
1023, 1024
1024, 1025
1025, 1026
1026, 1027
1027, 1028
1028, 1029
1029, 1030
1030, 1031
1031, 1032
1032, 1033
1033, 1034
1034, 1035
1035, 1036
1036, 1037
1037, 1038
1038, 1039
1039, 1040
1040, 1041
1041, 1042
1042, 1043
1043, 1044
1044, 1045
1045, 1046
1046, 1047
1047, 1048
1048, 1049
1049, 1050
1050, 1051
1051, 1052
1052, 1053
1053, 1054
1054, 1055
1055, 1056
1056, 1057
1057, 1058
1058, 1059
1059, 1060
1060, 1061
1061, 1062
1062, 1063
1063, 1064
1064, 1065
1065, 1066
1066, 1067
1067, 1068
1068, 1069
1069, 1070
1070, 1071
1071, 1072
1072, 1073
1073, 1074
1074, 1075
1075, 1076
1076, 1077
1077, 1078
1078, 1079
1079, 1080
1080, 1081
1081, 1082
1082, 1083
1083, 1084
1084, 1085
1085, 1086
1086, 1087
1087, 1088
1088, 1089
1089, 1090
1090, 1091
1091, 1092
1092, 1093
1093, 1094
1094, 1095
1095, 1096
1096, 1097
1097, 1098
1098, 1099
1099, 1100
1100, 1101
1101, 1102
1102, 1103
1103, 1104
1104, 1105
1105, 1106
1106, 1107
1107, 1108
1108, 1109
1109, 1110
1110, 1111
1111, 1112
1112, 1113
1113, 1114
1114, 1115
1115, 1116
1116, 1117
1117, 1118
1118, 1119
1119, 1120
1120, 1121
1121, 1122
1122, 1123
1123, 1124
1124, 1125
1125, 1126
1126, 1127
1127, 1128
1128, 1129
1129, 1130
1130, 1131
1131, 1132
1132, 1133
1133, 1134
1134, 1135
1135, 1136
1136, 1137
1137, 1138
1138, 1139
1139, 1140
1140, 1141
1141, 1142
1142, 1143
1143, 1144
1144, 1145
1145, 1146
1146, 1147
1147, 1148
1148, 1149
1149, 1150
1150, 1151
1151, 1152
1152, 1153
1153, 1154
1154, 1155
1155, 1156
1156, 1157
1157, 1158
1158, 1159
1159, 1160
1160, 1161
1161, 1162
1162, 1163
1163, 1164
1164, 1165
1165, 1166
1166, 1167
1167, 1168
1168, 1169
1169, 1170
1170, 1171
1171, 1172
1172, 1173
1173, 1174
1174, 1175
1175, 1176
1176, 1177
1177, 1178
1178, 1179
1179, 1180
1180, 1181
1181, 1182
1182, 1183
1183, 1184
1184, 1185
1185, 1186
1186, 1187
1187, 1188
1188, 1189
1189, 1190
1190, 1191
1191, 1192
1192, 1193
1193, 1194
1194, 1195
1195, 1196
1196, 1197
1197, 1198
1198, 1199
1199, 1200
1200, 1201
1201, 1202
1202, 1203
1203, 1204
1204, 1205
1205, 1206
1206, 1207
1207, 1208
1208, 1209
1209, 1210
1210, 1211
1211, 1212
1212, 1213
1213, 1214
1214, 1215
1215, 1216
1216, 1217
1217, 1218
1218, 1219
1219, 1220
1220, 1221
1221, 1222
1222, 1223
1223, 1224
1224, 1225
1225, 1226
1226, 1227
1227, 1228
1228, 1229
1229, 1230
1230, 1231
1231, 1232
1232, 1233
1233, 1234
1234, 1235
1235, 1236
1236, 1237
1237, 1238
1238, 1239
1239, 1240
1240, 1241
1241, 1242
1242, 1243
1243, 1244
1244, 1245
1245, 1246
1246, 1247
1247, 1248
1248, 1249
1249, 1250
1250, 1251
1251, 1252
1252, 1253
1253, 1254
1254, 1255
1255, 1256
1256, 1257
1257, 1258
1258, 1259
1259, 1260
1260, 1261
1261, 1262
1262, 1263
1263, 1264
1264, 1265
1265, 1266
1266, 1267
1267, 1268
1268, 1269
1269, 1270
1270, 1271
1271, 1272
1272, 1273
1273, 1274
1274, 1275
1275, 1276
1276, 1277
1277, 1278
1278, 1279
1279, 1280
1280, 1281
1281, 1282
1282, 1283
1283, 1284
1284, 1285
1285, 1286
1286, 1287
1287, 1288
1288, 1289
1289, 1290
1290, 1291
1291, 1292
1292, 1293
1293, 1294
1294, 1295
1295, 1296
1296, 1297
1297, 1298
1298, 1299
1299, 1300
1300, 1301
1301, 1302
1302, 1303
1303, 1304
1304, 1305
1305, 1306
1306, 1307
1307, 1308
1308, 1309
1309, 1310
1310, 1311
1311, 1312
1312, 1313
1313, 1314
1314, 1315
1315, 1316
1316, 1317
1317, 1318
1318, 1319
1319, 1320
1320, 1321
1321, 1322
1322, 1323
1323, 1324
1324, 1325
1325, 1326
1326, 1327
1327, 1328
1328, 1329
1329, 1330
1330, 1331
1331, 1332
1332, 1333
1333, 1334
1334, 1335
1335, 1336
1336, 1337
1337, 1338
1338, 1339
1339, 1340
1340, 1341
1341, 1342
1342, 1343
1343, 1344
1344, 1345
1345, 1346
1346, 1347
1347, 1348
1348, 1349
1349, 1350
1350, 1351
1351, 1352
1352, 1353
1353, 1354
1354, 1355
1355, 1356
1356, 1357
1357, 1358
1358, 1359
1359, 1360
1360, 1361
1361, 1362
1362, 1363
1363, 1364
1364, 1365
1365, 1366
1366, 1367
1367, 1368
1368, 1369
1369, 1370
1370, 1371
1371, 1372
1372, 1373
1373, 1374
1374, 1375
1375, 1376
1376, 1377
1377, 1378
1378, 1379
1379, 1380
1380, 1381
1381, 1382
1382, 1383
1383, 1384
1384, 1385
1385, 1386
1386, 1387
1387, 1388
1388, 1389
1389, 1390
1390, 1391
1391, 1392
1392, 1393
1393, 1394
1394, 1395
1395, 1396
1396, 1397
1397, 1398
1398, 1399
1399, 1400
1400, 1401
1401, 1402
1402, 1403
1403, 1404
1404, 1405
1405, 1406
1406, 1407
1407, 1408
1408, 1409
1409, 1410
1410, 1411
1411, 1412
1412, 1413
1413, 1414
1414, 1415
1415, 1416
1416, 1417
1417, 1418
1418, 1419
1419, 1420
1420, 1421
1421, 1422
1422, 1423
1423, 1424
1424, 1425
1425, 1426
1426, 1427
1427, 1428
1428, 1429
1429, 1430
1430, 1431
1431, 1432
1432, 1433
1433, 1434
1434, 1435
1435, 1436
1436, 1437
1437, 1438
1438, 1439
1439, 1440
1440, 1441
1441, 1442
1442, 1443
1443, 1444
1444, 1445
1445, 1446
1446, 1447
1447, 1448
1448, 1449
1449, 1450
1450, 1451
1451, 1452
1452, 1453
1453, 1454
1454, 1455
1455, 1456
1456, 1457
1457, 1458
1458, 1459
1459, 1460
1460, 1461
1461, 1462
1462, 1463
1463, 1464
1464, 1465
1465, 1466
1466, 1467
1467, 1468
1468, 1469
1469, 1470
1470, 1471
1471, 1472
1472, 1473
1473, 1474
1474, 1475
1475, 1476
1476, 1477
1477, 1478
1478, 1479
1479, 1480
1480, 1481
1481, 1482
1482, 1483
1483, 1484
1484, 1485
1485, 1486
1486, 1487
1487, 1488
1488, 1489
1489, 1490
1490, 1491
1491, 1492
1492, 1493
1493, 1494
1494, 1495
1495, 1496
1496, 1497
1497, 1498
1498, 1499
1499, 1500
1500, 1501
1501, 1502
1502, 1503
1503, 1504
1504, 1505
1505, 1506
1506, 1507
1507, 1508
1508, 1509
1509, 1510
1510, 1511
1511, 1512
1512, 1513
1513, 1514
1514, 1515
1515, 1516
1516, 1517
1517, 1518
1518, 1519
1519, 1520
1520, 1521
1521, 1522
1522, 1523
1523, 1524
1524, 1525
1525, 1526
1526, 1527
1527, 1528
1528, 1529
1529, 1530
1530, 1531
1531, 1532
1532, 1533
1533, 1534
1534, 1535
1535, 1536
1536, 1537
1537, 1538
1538, 1539
1539, 1540
1540, 1541
1541, 1542
1542, 1543
1543, 1544
1544, 1545
1545, 1546
1546, 1547
1547, 1548
1548, 1549
1549, 1550
1550, 1551
1551, 1552
1552, 1553
1553, 1554
1554, 1555
1555, 1556
1556, 1557
1557, 1558
1558, 1559
1559, 1560
1560, 1561
1561, 1562
1562, 1563
1563, 1564
1564, 1565
1565, 1566
1566, 1567
1567, 1568
1568, 1569
1569, 1570
1570, 1571
1571, 1572
1572, 1573
1573, 1574
1574, 1575
1575, 1576
1576, 1577
1577, 1578
1578, 1579
1579, 1580
1580, 1581
1581, 1582
1582, 1583
1583, 1584
1584, 1585
1585, 1586
1586, 1587
1587, 1588
1588, 1589
1589, 1590
1590, 1591
1591, 1592
1592, 1593
1593, 1594
1594, 1595
1595, 1596
1596, 1597
1597, 1598
1598, 1599
1599, 1600
1600, 1601
1601, 1602
1602, 1603
1603, 1604
1604, 1605
1605, 1606
1606, 1607
1607, 1608
1608, 1609
1609, 1610
1610, 1611
1611, 1612
1612, 1613
1613, 1614
1614, 1615
1615, 1616
1616, 1617
1617, 1618
1618, 1619
1619, 1620
1620, 1621
1621, 1622
1622, 1623
1623, 1624
1624, 1625
1625, 1626
1626, 1627
1627, 1628
1628, 1629
1629, 1630
1630, 1631
1631, 1632
1632, 1633
1633, 1634
1634, 1635
1635, 1636
1636, 1637
1637, 1638
1638, 1639
1639, 1640
1640, 1641
1641, 1642
1642, 1643
1643, 1644
1644, 1645
1645, 1646
1646, 1647
1647, 1648
1648, 1649
1649, 1650
1650, 1651
1651, 1652
1652, 1653
1653, 1654
1654, 1655
1655, 1656
1656, 1657
1657, 1658
1658, 1659
1659, 1660
1660, 1661
1661, 1662
1662, 1663
1663, 1664
1664, 1665
1665, 1666
1666, 1667
1667, 1668
1668, 1669
1669, 1670
1670, 1671
1671, 1672
1672, 1673
1673, 1674
1674, 1675
1675, 1676
1676, 1677
1677, 1678
1678, 1679
1679, 1680
1680, 1681
1681, 1682
1682, 1683
1683, 1684
1684, 1685
1685, 1686
1686, 1687
1687, 1688
1688, 1689
1689, 1690
1690, 1691
1691, 1692
1692, 1693
1693, 1694
1694, 1695
1695, 1696
1696, 1697
1697, 1698
1698, 1699
1699, 1700
1700, 1701
1701, 1702
1702, 1703
1703, 1704
1704, 1705
1705, 1706
1706, 1707
1707, 1708
1708, 1709
1709, 1710
1710, 1711
1711, 1712
1712, 1713
1713, 1714
1714, 1715
1715, 1716
1716, 1717
1717, 1718
1718, 1719
1719, 1720
1720, 1721
1721, 1722
1722, 1723
1723, 1724
1724, 1725
1725, 1726
1726, 1727
1727, 1728
1728, 1729
1729, 1730
1730, 1731
1731, 1732
1732, 1733
1733, 1734
1734, 1735
1735, 1736
1736, 1737
1737, 1738
1738, 1739
1739, 1740
1740, 1741
1741, 1742
1742, 1743
1743, 1744
1744, 1745
1745, 1746
1746, 1747
1747, 1748
1748, 1749
1749, 1750
1750, 1751
1751, 1752
1752, 1753
1753, 1754
1754, 1755
1755, 1756
1756, 1757
1757, 1758
1758, 1759
1759, 1760
1760, 1761
1761, 1762
1762, 1763
1763, 1764
1764, 1765
1765, 1766
1766, 1767
1767, 1768
1768, 1769
1769, 1770
1770, 1771
1771, 1772
1772, 1773
1773, 1774
1774, 1775
1775, 1776
1776, 1777
1777, 1778
1778, 1779
1779, 1780
1780, 1781
1781, 1782
1782, 1783
1783, 1784
1784, 1785
1785, 1786
1786, 1787
1787, 1788
1788, 1789
1789, 1790
1790, 1791
1791, 1792
1792, 1793
1793, 1794
1794, 1795
1795, 1796
1796, 1797
1797, 1798
1798, 1799
1799, 1800
1800, 1801
1801, 1802
1802, 1803
1803, 1804
1804, 1805
1805, 1806
1806, 1807
1807, 1808
1808, 1809
1809, 1810
1810, 1811
1811, 1812
1812, 1813
1813, 1814
1814, 1815
1815, 1816
1816, 1817
1817, 1818
1818, 1819
1819, 1820
1820, 1821
1821, 1822
1822, 1823
1823, 1824
1824, 1825
1825, 1826
1826, 1827
1827, 1828
1828, 1829
1829, 1830
1830, 1831
1831, 1832
1832, 1833
1833, 1834
1834, 1835
1835, 1836
1836, 1837
1837, 1838
1838, 1839
1839, 1840
1840, 1841
1841, 1842
1842, 1843
1843, 1844
1844, 1845
1845, 1846
1846, 1847
1847, 1848
0, 2
2, 4
4, 6
6, 8
8, 10
10, 12
12, 14
14, 16
16, 18
18, 20
20, 22
22, 24
24, 26
26, 28
28, 30
30, 32
32, 34
34, 36
36, 38
38, 40
40, 42
42, 44
44, 46
46, 48
48, 50
50, 52
52, 54
54, 56
56, 58
58, 60
60, 62
62, 64
64, 66
66, 68
68, 70
70, 72
72, 74
74, 76
76, 78
78, 80
80, 82
82, 84
84, 86
86, 88
88, 90
90, 92
92, 94
94, 96
96, 98
98, 100
100, 102
102, 104
104, 106
106, 108
108, 110
110, 112
112, 114
114, 116
116, 118
118, 120
120, 122
122, 124
124, 126
126, 128
128, 130
130, 132
132, 134
134, 136
136, 138
138, 140
140, 142
142, 144
144, 146
146, 148
148, 150
150, 152
152, 154
154, 156
156, 158
158, 160
160, 162
162, 164
164, 166
166, 168
168, 170
170, 172
172, 174
174, 176
176, 178
178, 180
180, 182
182, 184
184, 186
186, 188
188, 190
190, 192
192, 194
194, 196
196, 198
198, 200
200, 202
202, 204
204, 206
206, 208
208, 210
210, 212
212, 214
214, 216
216, 218
218, 220
220, 222
222, 224
224, 226
226, 228
228, 230
230, 232
232, 234
234, 236
236, 238
238, 240
240, 242
242, 244
244, 246
246, 248
248, 250
250, 252
252, 254
254, 256
256, 258
258, 260
260, 262
262, 264
264, 266
266, 268
268, 270
270, 272
272, 274
274, 276
276, 278
278, 280
280, 282
282, 284
284, 286
286, 288
288, 290
290, 292
292, 294
294, 296
296, 298
298, 300
300, 302
302, 304
304, 306
306, 308
308, 310
310, 312
312, 314
314, 316
316, 318
318, 320
320, 322
322, 324
324, 326
326, 328
328, 330
330, 332
332, 334
334, 336
336, 338
338, 340
340, 342
342, 344
344, 346
346, 348
348, 350
350, 352
352, 354
354, 356
356, 358
358, 360
360, 362
362, 364
364, 366
366, 368
368, 370
370, 372
372, 374
374, 376
376, 378
378, 380
380, 382
382, 384
384, 386
386, 388
388, 390
390, 392
392, 394
394, 396
396, 398
398, 400
400, 402
402, 404
404, 406
406, 408
408, 410
410, 412
412, 414
414, 416
416, 418
418, 420
420, 422
422, 424
424, 426
426, 428
428, 430
430, 432
432, 434
434, 436
436, 438
438, 440
440, 442
442, 444
444, 446
446, 448
448, 450
450, 452
452, 454
454, 456
456, 458
458, 460
460, 462
462, 464
464, 466
466, 468
468, 470
470, 472
472, 474
474, 476
476, 478
478, 480
480, 482
482, 484
484, 486
486, 488
488, 490
490, 492
492, 494
494, 496
496, 498
498, 500
500, 502
502, 504
504, 506
506, 508
508, 510
510, 512
512, 514
514, 516
516, 518
518, 520
520, 522
522, 524
524, 526
526, 528
528, 530
530, 532
532, 534
534, 536
536, 538
538, 540
540, 542
542, 544
544, 546
546, 548
548, 550
550, 552
552, 554
554, 556
556, 558
558, 560
560, 562
562, 564
564, 566
566, 568
568, 570
570, 572
572, 574
574, 576
576, 578
578, 580
580, 582
582, 584
584, 586
586, 588
588, 590
590, 592
592, 594
594, 596
596, 598
598, 600
600, 602
602, 604
604, 606
606, 608
608, 610
610, 612
612, 614
614, 616
616, 618
618, 620
620, 622
622, 624
624, 626
626, 628
628, 630
630, 632
632, 634
634, 636
636, 638
638, 640
640, 642
642, 644
644, 646
646, 648
648, 650
650, 652
652, 654
654, 656
656, 658
658, 660
660, 662
662, 664
664, 666
666, 668
668, 670
670, 672
672, 674
674, 676
676, 678
678, 680
680, 682
682, 684
684, 686
686, 688
688, 690
690, 692
692, 694
694, 696
696, 698
698, 700
700, 702
702, 704
704, 706
706, 708
708, 710
710, 712
712, 714
714, 716
716, 718
718, 720
720, 722
722, 724
724, 726
726, 728
728, 730
730, 732
732, 734
734, 736
736, 738
738, 740
740, 742
742, 744
744, 746
746, 748
748, 750
750, 752
752, 754
754, 756
756, 758
758, 760
760, 762
762, 764
764, 766
766, 768
768, 770
770, 772
772, 774
774, 776
776, 778
778, 780
780, 782
782, 784
784, 786
786, 788
788, 790
790, 792
792, 794
794, 796
796, 798
798, 800
800, 802
802, 804
804, 806
806, 808
808, 810
810, 812
812, 814
814, 816
816, 818
818, 820
820, 822
822, 824
824, 826
826, 828
828, 830
830, 832
832, 834
834, 836
836, 838
838, 840
840, 842
842, 844
844, 846
846, 848
848, 850
850, 852
852, 854
854, 856
856, 858
858, 860
860, 862
862, 864
864, 866
866, 868
868, 870
870, 872
872, 874
874, 876
876, 878
878, 880
880, 882
882, 884
884, 886
886, 888
888, 890
890, 892
892, 894
894, 896
896, 898
898, 900
900, 902
902, 904
904, 906
906, 908
908, 910
910, 912
912, 914
914, 916
916, 918
918, 920
920, 922
922, 924
924, 926
926, 928
928, 930
930, 932
932, 934
934, 936
936, 938
938, 940
940, 942
942, 944
944, 946
946, 948
948, 950
950, 952
952, 954
954, 956
956, 958
958, 960
960, 962
962, 964
964, 966
966, 968
968, 970
970, 972
972, 974
974, 976
976, 978
978, 980
980, 982
982, 984
984, 986
986, 988
988, 990
990, 992
992, 994
994, 996
996, 998
998, 1000
1000, 1002
1002, 1004
1004, 1006
1006, 1008
1008, 1010
1010, 1012
1012, 1014
1014, 1016
1016, 1018
1018, 1020
1020, 1022
1022, 1024
1024, 1026
1026, 1028
1028, 1030
1030, 1032
1032, 1034
1034, 1036
1036, 1038
1038, 1040
1040, 1042
1042, 1044
1044, 1046
1046, 1048
1048, 1050
1050, 1052
1052, 1054
1054, 1056
1056, 1058
1058, 1060
1060, 1062
1062, 1064
1064, 1066
1066, 1068
1068, 1070
1070, 1072
1072, 1074
1074, 1076
1076, 1078
1078, 1080
1080, 1082
1082, 1084
1084, 1086
1086, 1088
1088, 1090
1090, 1092
1092, 1094
1094, 1096
1096, 1098
1098, 1100
1100, 1102
1102, 1104
1104, 1106
1106, 1108
1108, 1110
1110, 1112
1112, 1114
1114, 1116
1116, 1118
1118, 1120
1120, 1122
1122, 1124
1124, 1126
1126, 1128
1128, 1130
1130, 1132
1132, 1134
1134, 1136
1136, 1138
1138, 1140
1140, 1142
1142, 1144
1144, 1146
1146, 1148
1148, 1150
1150, 1152
1152, 1154
1154, 1156
1156, 1158
1158, 1160
1160, 1162
1162, 1164
1164, 1166
1166, 1168
1168, 1170
1170, 1172
1172, 1174
1174, 1176
1176, 1178
1178, 1180
1180, 1182
1182, 1184
1184, 1186
1186, 1188
1188, 1190
1190, 1192
1192, 1194
1194, 1196
1196, 1198
1198, 1200
1200, 1202
1202, 1204
1204, 1206
1206, 1208
1208, 1210
1210, 1212
1212, 1214
1214, 1216
1216, 1218
1218, 1220
1220, 1222
1222, 1224
1224, 1226
1226, 1228
1228, 1230
1230, 1232
1232, 1234
1234, 1236
1236, 1238
1238, 1240
1240, 1242
1242, 1244
1244, 1246
1246, 1248
1248, 1250
1250, 1252
1252, 1254
1254, 1256
1256, 1258
1258, 1260
1260, 1262
1262, 1264
1264, 1266
1266, 1268
1268, 1270
1270, 1272
1272, 1274
1274, 1276
1276, 1278
1278, 1280
1280, 1282
1282, 1284
1284, 1286
1286, 1288
1288, 1290
1290, 1292
1292, 1294
1294, 1296
1296, 1298
1298, 1300
1300, 1302
1302, 1304
1304, 1306
1306, 1308
1308, 1310
1310, 1312
1312, 1314
1314, 1316
1316, 1318
1318, 1320
1320, 1322
1322, 1324
1324, 1326
1326, 1328
1328, 1330
1330, 1332
1332, 1334
1334, 1336
1336, 1338
1338, 1340
1340, 1342
1342, 1344
1344, 1346
1346, 1348
1348, 1350
1350, 1352
1352, 1354
1354, 1356
1356, 1358
1358, 1360
1360, 1362
1362, 1364
1364, 1366
1366, 1368
1368, 1370
1370, 1372
1372, 1374
1374, 1376
1376, 1378
1378, 1380
1380, 1382
1382, 1384
1384, 1386
1386, 1388
1388, 1390
1390, 1392
1392, 1394
1394, 1396
1396, 1398
1398, 1400
1400, 1402
1402, 1404
1404, 1406
1406, 1408
1408, 1410
1410, 1412
1412, 1414
1414, 1416
1416, 1418
1418, 1420
1420, 1422
1422, 1424
1424, 1426
1426, 1428
1428, 1430
1430, 1432
1432, 1434
1434, 1436
1436, 1438
1438, 1440
1440, 1442
1442, 1444
1444, 1446
1446, 1448
1448, 1450
1450, 1452
1452, 1454
1454, 1456
1456, 1458
1458, 1460
1460, 1462
1462, 1464
1464, 1466
1466, 1468
1468, 1470
1470, 1472
1472, 1474
1474, 1476
1476, 1478
1478, 1480
1480, 1482
1482, 1484
1484, 1486
1486, 1488
1488, 1490
1490, 1492
1492, 1494
1494, 1496
1496, 1498
1498, 1500
1500, 1502
1502, 1504
1504, 1506
1506, 1508
1508, 1510
1510, 1512
1512, 1514
1514, 1516
1516, 1518
1518, 1520
1520, 1522
1522, 1524
1524, 1526
1526, 1528
1528, 1530
1530, 1532
1532, 1534
1534, 1536
1536, 1538
1538, 1540
1540, 1542
1542, 1544
1544, 1546
1546, 1548
1548, 1550
1550, 1552
1552, 1554
1554, 1556
1556, 1558
1558, 1560
1560, 1562
1562, 1564
1564, 1566
1566, 1568
1568, 1570
1570, 1572
1572, 1574
1574, 1576
1576, 1578
1578, 1580
1580, 1582
1582, 1584
1584, 1586
1586, 1588
1588, 1590
1590, 1592
1592, 1594
1594, 1596
1596, 1598
1598, 1600
1600, 1602
1602, 1604
1604, 1606
1606, 1608
1608, 1610
1610, 1612
1612, 1614
1614, 1616
1616, 1618
1618, 1620
1620, 1622
1622, 1624
1624, 1626
1626, 1628
1628, 1630
1630, 1632
1632, 1634
1634, 1636
1636, 1638
1638, 1640
1640, 1642
1642, 1644
1644, 1646
1646, 1648
1648, 1650
1650, 1652
1652, 1654
1654, 1656
1656, 1658
1658, 1660
1660, 1662
1662, 1664
1664, 1666
1666, 1668
1668, 1670
1670, 1672
1672, 1674
1674, 1676
1676, 1678
1678, 1680
1680, 1682
1682, 1684
1684, 1686
1686, 1688
1688, 1690
1690, 1692
1692, 1694
1694, 1696
1696, 1698
1698, 1700
1700, 1702
1702, 1704
1704, 1706
1706, 1708
1708, 1710
1710, 1712
1712, 1714
1714, 1716
1716, 1718
1718, 1720
1720, 1722
1722, 1724
1724, 1726
1726, 1728
1728, 1730
1730, 1732
1732, 1734
1734, 1736
1736, 1738
1738, 1740
1740, 1742
1742, 1744
1744, 1746
1746, 1748
1748, 1750
1750, 1752
1752, 1754
1754, 1756
1756, 1758
1758, 1760
1760, 1762
1762, 1764
1764, 1766
1766, 1768
1768, 1770
1770, 1772
1772, 1774
1774, 1776
1776, 1778
1778, 1780
1780, 1782
1782, 1784
1784, 1786
1786, 1788
1788, 1790
1790, 1792
1792, 1794
1794, 1796
1796, 1798
1798, 1800
1800, 1802
1802, 1804
1804, 1806
1806, 1808
1808, 1810
1810, 1812
1812, 1814
1814, 1816
1816, 1818
1818, 1820
1820, 1822
1822, 1824
1824, 1826
1826, 1828
1828, 1830
1830, 1832
1832, 1834
1834, 1836
1836, 1838
1838, 1840
1840, 1842
1842, 1844
1844, 1846
1846, 1848
6, 10
10, 14
14, 18
18, 22
22, 26
26, 30
30, 34
34, 38
38, 42
42, 46
46, 50
50, 54
54, 58
58, 62
62, 66
66, 70
70, 74
74, 78
78, 82
82, 86
86, 90
90, 94
94, 98
98, 102
102, 106
106, 110
110, 114
114, 118
118, 122
122, 126
126, 130
130, 134
134, 138
138, 142
142, 146
146, 150
150, 154
154, 158
158, 162
162, 166
166, 170
170, 174
174, 178
178, 182
182, 186
186, 190
190, 194
194, 198
198, 202
202, 206
206, 210
210, 214
214, 218
218, 222
222, 226
226, 230
230, 234
234, 238
238, 242
242, 246
246, 250
250, 254
254, 258
258, 262
262, 266
266, 270
270, 274
274, 278
278, 282
282, 286
286, 290
290, 294
294, 298
298, 302
302, 306
306, 310
310, 314
314, 318
318, 322
322, 326
326, 330
330, 334
334, 338
338, 342
342, 346
346, 350
350, 354
354, 358
358, 362
362, 366
366, 370
370, 374
374, 378
378, 382
382, 386
386, 390
390, 394
394, 398
398, 402
402, 406
406, 410
410, 414
414, 418
418, 422
422, 426
426, 430
430, 434
434, 438
438, 442
442, 446
446, 450
450, 454
454, 458
458, 462
462, 466
466, 470
470, 474
474, 478
478, 482
482, 486
486, 490
490, 494
494, 498
498, 502
502, 506
506, 510
510, 514
514, 518
518, 522
522, 526
526, 530
530, 534
534, 538
538, 542
542, 546
546, 550
550, 554
554, 558
558, 562
562, 566
566, 570
570, 574
574, 578
578, 582
582, 586
586, 590
590, 594
594, 598
598, 602
602, 606
606, 610
610, 614
614, 618
618, 622
622, 626
626, 630
630, 634
634, 638
638, 642
642, 646
646, 650
650, 654
654, 658
658, 662
662, 666
666, 670
670, 674
674, 678
678, 682
682, 686
686, 690
690, 694
694, 698
698, 702
702, 706
706, 710
710, 714
714, 718
718, 722
722, 726
726, 730
730, 734
734, 738
738, 742
742, 746
746, 750
750, 754
754, 758
758, 762
762, 766
766, 770
770, 774
774, 778
778, 782
782, 786
786, 790
790, 794
794, 798
798, 802
802, 806
806, 810
810, 814
814, 818
818, 822
822, 826
826, 830
830, 834
834, 838
838, 842
842, 846
846, 850
850, 854
854, 858
858, 862
862, 866
866, 870
870, 874
874, 878
878, 882
882, 886
886, 890
890, 894
894, 898
898, 902
902, 906
906, 910
910, 914
914, 918
918, 922
922, 926
926, 930
930, 934
934, 938
938, 942
942, 946
946, 950
950, 954
954, 958
958, 962
962, 966
966, 970
970, 974
974, 978
978, 982
982, 986
986, 990
990, 994
994, 998
998, 1002
1002, 1006
1006, 1010
1010, 1014
1014, 1018
1018, 1022
1022, 1026
1026, 1030
1030, 1034
1034, 1038
1038, 1042
1042, 1046
1046, 1050
1050, 1054
1054, 1058
1058, 1062
1062, 1066
1066, 1070
1070, 1074
1074, 1078
1078, 1082
1082, 1086
1086, 1090
1090, 1094
1094, 1098
1098, 1102
1102, 1106
1106, 1110
1110, 1114
1114, 1118
1118, 1122
1122, 1126
1126, 1130
1130, 1134
1134, 1138
1138, 1142
1142, 1146
1146, 1150
1150, 1154
1154, 1158
1158, 1162
1162, 1166
1166, 1170
1170, 1174
1174, 1178
1178, 1182
1182, 1186
1186, 1190
1190, 1194
1194, 1198
1198, 1202
1202, 1206
1206, 1210
1210, 1214
1214, 1218
1218, 1222
1222, 1226
1226, 1230
1230, 1234
1234, 1238
1238, 1242
1242, 1246
1246, 1250
1250, 1254
1254, 1258
1258, 1262
1262, 1266
1266, 1270
1270, 1274
1274, 1278
1278, 1282
1282, 1286
1286, 1290
1290, 1294
1294, 1298
1298, 1302
1302, 1306
1306, 1310
1310, 1314
1314, 1318
1318, 1322
1322, 1326
1326, 1330
1330, 1334
1334, 1338
1338, 1342
1342, 1346
1346, 1350
1350, 1354
1354, 1358
1358, 1362
1362, 1366
1366, 1370
1370, 1374
1374, 1378
1378, 1382
1382, 1386
1386, 1390
1390, 1394
1394, 1398
1398, 1402
1402, 1406
1406, 1410
1410, 1414
1414, 1418
1418, 1422
1422, 1426
1426, 1430
1430, 1434
1434, 1438
1438, 1442
1442, 1446
1446, 1450
1450, 1454
1454, 1458
1458, 1462
1462, 1466
1466, 1470
1470, 1474
1474, 1478
1478, 1482
1482, 1486
1486, 1490
1490, 1494
1494, 1498
1498, 1502
1502, 1506
1506, 1510
1510, 1514
1514, 1518
1518, 1522
1522, 1526
1526, 1530
1530, 1534
1534, 1538
1538, 1542
1542, 1546
1546, 1550
1550, 1554
1554, 1558
1558, 1562
1562, 1566
1566, 1570
1570, 1574
1574, 1578
1578, 1582
1582, 1586
1586, 1590
1590, 1594
1594, 1598
1598, 1602
1602, 1606
1606, 1610
1610, 1614
1614, 1618
1618, 1622
1622, 1626
1626, 1630
1630, 1634
1634, 1638
1638, 1642
1642, 1646
1646, 1650
1650, 1654
1654, 1658
1658, 1662
1662, 1666
1666, 1670
1670, 1674
1674, 1678
1678, 1682
1682, 1686
1686, 1690
1690, 1694
1694, 1698
1698, 1702
1702, 1706
1706, 1710
1710, 1714
1714, 1718
1718, 1722
1722, 1726
1726, 1730
1730, 1734
1734, 1738
1738, 1742
1742, 1746
1746, 1750
1750, 1754
1754, 1758
1758, 1762
1762, 1766
1766, 1770
1770, 1774
1774, 1778
1778, 1782
1782, 1786
1786, 1790
1790, 1794
1794, 1798
1798, 1802
1802, 1806
1806, 1810
1810, 1814
1814, 1818
1818, 1822
1822, 1826
1826, 1830
1830, 1834
1834, 1838
1838, 1842
1842, 1846
6, 14
14, 22
22, 30
30, 38
38, 46
46, 54
54, 62
62, 70
70, 78
78, 86
86, 94
94, 102
102, 110
110, 118
118, 126
126, 134
134, 142
142, 150
150, 158
158, 166
166, 174
174, 182
182, 190
190, 198
198, 206
206, 214
214, 222
222, 230
230, 238
238, 246
246, 254
254, 262
262, 270
270, 278
278, 286
286, 294
294, 302
302, 310
310, 318
318, 326
326, 334
334, 342
342, 350
350, 358
358, 366
366, 374
374, 382
382, 390
390, 398
398, 406
406, 414
414, 422
422, 430
430, 438
438, 446
446, 454
454, 462
462, 470
470, 478
478, 486
486, 494
494, 502
502, 510
510, 518
518, 526
526, 534
534, 542
542, 550
550, 558
558, 566
566, 574
574, 582
582, 590
590, 598
598, 606
606, 614
614, 622
622, 630
630, 638
638, 646
646, 654
654, 662
662, 670
670, 678
678, 686
686, 694
694, 702
702, 710
710, 718
718, 726
726, 734
734, 742
742, 750
750, 758
758, 766
766, 774
774, 782
782, 790
790, 798
798, 806
806, 814
814, 822
822, 830
830, 838
838, 846
846, 854
854, 862
862, 870
870, 878
878, 886
886, 894
894, 902
902, 910
910, 918
918, 926
926, 934
934, 942
942, 950
950, 958
958, 966
966, 974
974, 982
982, 990
990, 998
998, 1006
1006, 1014
1014, 1022
1022, 1030
1030, 1038
1038, 1046
1046, 1054
1054, 1062
1062, 1070
1070, 1078
1078, 1086
1086, 1094
1094, 1102
1102, 1110
1110, 1118
1118, 1126
1126, 1134
1134, 1142
1142, 1150
1150, 1158
1158, 1166
1166, 1174
1174, 1182
1182, 1190
1190, 1198
1198, 1206
1206, 1214
1214, 1222
1222, 1230
1230, 1238
1238, 1246
1246, 1254
1254, 1262
1262, 1270
1270, 1278
1278, 1286
1286, 1294
1294, 1302
1302, 1310
1310, 1318
1318, 1326
1326, 1334
1334, 1342
1342, 1350
1350, 1358
1358, 1366
1366, 1374
1374, 1382
1382, 1390
1390, 1398
1398, 1406
1406, 1414
1414, 1422
1422, 1430
1430, 1438
1438, 1446
1446, 1454
1454, 1462
1462, 1470
1470, 1478
1478, 1486
1486, 1494
1494, 1502
1502, 1510
1510, 1518
1518, 1526
1526, 1534
1534, 1542
1542, 1550
1550, 1558
1558, 1566
1566, 1574
1574, 1582
1582, 1590
1590, 1598
1598, 1606
1606, 1614
1614, 1622
1622, 1630
1630, 1638
1638, 1646
1646, 1654
1654, 1662
1662, 1670
1670, 1678
1678, 1686
1686, 1694
1694, 1702
1702, 1710
1710, 1718
1718, 1726
1726, 1734
1734, 1742
1742, 1750
1750, 1758
1758, 1766
1766, 1774
1774, 1782
1782, 1790
1790, 1798
1798, 1806
1806, 1814
1814, 1822
1822, 1830
1830, 1838
1838, 1846
6, 22
30, 46
46, 62
62, 78
78, 94
94, 110
110, 126
126, 142
142, 158
158, 174
174, 190
190, 206
206, 222
222, 238
238, 254
254, 270
270, 286
286, 302
302, 318
318, 334
334, 350
350, 366
366, 382
382, 398
398, 414
414, 430
430, 446
446, 462
462, 478
478, 494
494, 510
510, 526
526, 542
542, 558
558, 574
574, 590
590, 606
606, 622
622, 638
638, 654
654, 670
670, 686
686, 702
702, 718
718, 734
734, 750
750, 766
766, 782
782, 798
798, 814
814, 830
830, 846
846, 862
862, 878
878, 894
894, 910
910, 926
926, 942
942, 958
958, 974
974, 990
990, 1006
1006, 1022
1022, 1038
1038, 1054
1054, 1070
1070, 1086
1086, 1102
1102, 1118
1118, 1134
1134, 1150
1150, 1166
1166, 1182
1182, 1198
1198, 1214
1214, 1230
1230, 1246
1246, 1262
1262, 1278
1278, 1294
1294, 1310
1310, 1326
1326, 1342
1342, 1358
1358, 1374
1374, 1390
1390, 1406
1406, 1422
1422, 1438
1438, 1454
1454, 1470
1470, 1486
1486, 1502
1502, 1518
1518, 1534
1534, 1550
1550, 1566
1566, 1582
1582, 1598
1598, 1614
1614, 1630
1630, 1646
1646, 1662
1662, 1678
1678, 1694
1694, 1710
1710, 1726
1726, 1742
1742, 1758
1758, 1774
1774, 1790
1790, 1806
1806, 1822
1822, 1838
46, 78
78, 110
110, 142
142, 174
174, 206
206, 238
238, 270
270, 302
302, 334
334, 366
366, 398
398, 430
430, 462
462, 494
494, 526
526, 558
558, 590
590, 622
622, 654
654, 686
686, 718
718, 750
750, 782
782, 814
814, 846
846, 878
878, 910
910, 942
942, 974
974, 1006
1006, 1038
1038, 1070
1070, 1102
1102, 1134
1134, 1166
1166, 1198
1198, 1230
1230, 1262
1262, 1294
1294, 1326
1326, 1358
1358, 1390
1390, 1422
1422, 1454
1454, 1486
1486, 1518
1518, 1550
1550, 1582
1582, 1614
1614, 1646
1646, 1678
1678, 1710
1710, 1742
1742, 1774
1774, 1806
1806, 1838
46, 110
110, 174
174, 238
238, 302
302, 366
366, 430
430, 494
494, 558
558, 622
622, 686
686, 750
750, 814
814, 878
878, 942
942, 1006
1006, 1070
1070, 1134
1134, 1198
1198, 1262
1262, 1326
1326, 1390
1390, 1454
1454, 1518
1518, 1582
1582, 1646
1646, 1710
1710, 1774
1774, 1838
46, 174
174, 302
302, 430
430, 558
558, 686
686, 814
814, 942
942, 1070
1070, 1198
1198, 1326
1326, 1454
1454, 1582
1582, 1710
1710, 1838
46, 302
302, 558
558, 814
814, 1070
1070, 1326
1326, 1582
1582, 1838
302, 814
814, 1326
1326, 1838
