0 1
1 2
2 3
3 4
4 5
5 6
6 7
7 8
8 9
9 10
10 11
11 12
12 13
13 14
14 15
15 16
16 17
17 18
18 19
19 20
20 21
21 22
22 23
23 24
24 25
25 26
26 27
27 28
28 29
29 30
30 31
31 32
32 33
33 34
34 35
35 36
36 37
37 38
38 39
39 40
40 41
41 42
42 43
43 44
44 45
45 46
46 47
47 48
48 49
49 50
50 51
51 52
52 53
53 54
54 55
55 56
56 57
57 58
58 59
59 60
60 61
61 62
62 63
63 64
64 65
65 66
66 67
67 68
68 69
69 70
70 71
71 72
72 73
73 74
74 75
75 76
76 77
77 78
78 79
79 80
80 81
81 82
82 83
83 84
84 85
85 86
86 87
87 88
88 89
89 90
90 91
91 92
92 93
93 94
94 95
95 96
96 97
97 98
98 99
99 100
100 101
101 102
102 103
103 104
104 105
105 106
106 107
107 108
108 109
109 110
110 111
111 112
112 113
113 114
114 115
115 116
116 117
117 118
118 119
119 120
120 121
121 122
122 123
123 124
124 125
125 126
126 127
127 128
128 129
129 130
130 131
131 132
132 133
133 134
134 135
135 136
136 137
137 138
138 139
139 140
140 141
141 142
142 143
143 144
144 145
145 146
146 147
147 148
148 149
149 150
150 151
151 152
152 153
153 154
154 155
155 156
156 157
157 158
158 159
159 160
160 161
161 162
162 163
163 164
164 165
165 166
166 167
167 168
168 169
169 170
170 171
171 172
172 173
173 174
174 175
175 176
176 177
177 178
178 179
179 180
180 181
181 182
182 183
183 184
184 185
185 186
186 187
187 188
188 189
189 190
190 191
191 192
192 193
193 194
194 195
195 196
196 197
197 198
198 199
199 200
200 201
201 202
202 203
203 204
204 205
205 206
206 207
207 208
208 209
209 210
210 211
211 212
212 213
213 214
214 215
215 216
216 217
217 218
218 219
219 220
220 221
221 222
222 223
223 224
224 225
225 226
226 227
227 228
228 229
229 230
230 231
231 232
232 233
233 234
234 235
235 236
236 237
237 238
238 239
239 240
240 241
241 242
242 243
243 244
244 245
245 246
246 247
247 248
248 249
249 250
250 251
251 252
252 253
253 254
254 255
255 256
256 257
257 258
258 259
259 260
260 261
261 262
262 263
263 264
264 265
265 266
266 267
267 268
268 269
269 270
270 271
271 272
272 273
273 274
274 275
275 276
276 277
277 278
278 279
279 280
280 281
281 282
282 283
283 284
284 285
285 286
286 287
287 288
288 289
289 290
290 291
291 292
292 293
293 294
294 295
295 296
296 297
297 298
298 299
299 300
300 301
301 302
302 303
303 304
304 305
305 306
306 307
307 308
308 309
309 310
310 311
311 312
312 313
313 314
314 315
315 316
316 317
317 318
318 319
319 320
320 321
321 322
322 323
323 324
324 325
325 326
326 327
327 328
328 329
329 330
330 331
331 332
332 333
333 334
334 335
335 336
336 337
337 338
338 339
339 340
340 341
341 342
342 343
343 344
344 345
345 346
346 347
347 348
348 349
349 350
350 351
351 352
352 353
353 354
354 355
355 356
356 357
357 358
358 359
359 360
360 361
361 362
362 363
363 364
364 365
365 366
366 367
367 368
368 369
369 370
370 371
371 372
372 373
373 374
374 375
375 376
376 377
377 378
378 379
379 380
380 381
381 382
382 383
383 384
384 385
385 386
386 387
387 388
388 389
389 390
390 391
391 392
392 393
393 394
394 395
395 396
396 397
397 398
398 399
399 400
400 401
401 402
402 403
403 404
404 405
405 406
406 407
407 408
408 409
409 410
410 411
411 412
412 413
413 414
414 415
415 416
416 417
417 418
418 419
419 420
420 421
421 422
422 423
423 424
424 425
425 426
426 427
427 428
428 429
429 430
430 431
431 432
432 433
433 434
434 435
435 436
436 437
437 438
438 439
439 440
440 441
441 442
442 443
443 444
444 445
445 446
446 447
447 448
448 449
449 450
450 451
451 452
452 453
453 454
454 455
455 456
456 457
457 458
458 459
459 460
460 461
461 462
462 463
463 464
464 465
465 466
466 467
467 468
468 469
469 470
470 471
471 472
472 473
473 474
474 475
475 476
476 477
477 478
478 479
479 480
480 481
481 482
482 483
483 484
484 485
485 486
486 487
487 488
488 489
489 490
490 491
491 492
492 493
493 494
494 495
495 496
496 497
497 498
498 499
499 500
500 501
501 502
502 503
503 504
504 505
505 506
506 507
507 508
508 509
509 510
510 511
511 512
512 513
513 514
514 515
515 516
516 517
517 518
518 519
519 520
520 521
521 522
522 523
523 524
524 525
525 526
526 527
527 528
528 529
529 530
530 531
531 532
0 2
2 4
4 6
6 8
8 10
10 12
12 14
14 16
16 18
18 20
20 22
22 24
24 26
26 28
28 30
30 32
32 34
34 36
36 38
38 40
40 42
42 44
44 46
46 48
48 50
50 52
52 54
54 56
56 58
58 60
60 62
62 64
64 66
66 68
68 70
70 72
72 74
74 76
76 78
78 80
80 82
82 84
84 86
86 88
88 90
90 92
92 94
94 96
96 98
98 100
100 102
102 104
104 106
106 108
108 110
110 112
112 114
114 116
116 118
118 120
120 122
122 124
124 126
126 128
128 130
130 132
132 134
134 136
136 138
138 140
140 142
142 144
144 146
146 148
148 150
150 152
152 154
154 156
156 158
158 160
160 162
162 164
164 166
166 168
168 170
170 172
172 174
174 176
176 178
178 180
180 182
182 184
184 186
186 188
188 190
190 192
192 194
194 196
196 198
198 200
200 202
202 204
204 206
206 208
208 210
210 212
212 214
214 216
216 218
218 220
220 222
222 224
224 226
226 228
228 230
230 232
232 234
234 236
236 238
238 240
240 242
242 244
244 246
246 248
248 250
250 252
252 254
254 256
256 258
258 260
260 262
262 264
264 266
266 268
268 270
270 272
272 274
274 276
276 278
278 280
280 282
282 284
284 286
286 288
288 290
290 292
292 294
294 296
296 298
298 300
300 302
302 304
304 306
306 308
308 310
310 312
312 314
314 316
316 318
318 320
320 322
322 324
324 326
326 328
328 330
330 332
332 334
334 336
336 338
338 340
340 342
342 344
344 346
346 348
348 350
350 352
352 354
354 356
356 358
358 360
360 362
362 364
364 366
366 368
368 370
370 372
372 374
374 376
376 378
378 380
380 382
382 384
384 386
386 388
388 390
390 392
392 394
394 396
396 398
398 400
400 402
402 404
404 406
406 408
408 410
410 412
412 414
414 416
416 418
418 420
420 422
422 424
424 426
426 428
428 430
430 432
432 434
434 436
436 438
438 440
440 442
442 444
444 446
446 448
448 450
450 452
452 454
454 456
456 458
458 460
460 462
462 464
464 466
466 468
468 470
470 472
472 474
474 476
476 478
478 480
480 482
482 484
484 486
486 488
488 490
490 492
492 494
494 496
496 498
498 500
500 502
502 504
504 506
506 508
508 510
510 512
512 514
514 516
516 518
518 520
520 522
522 524
524 526
526 528
528 530
530 532
6 10
10 14
14 18
18 22
22 26
26 30
30 34
34 38
38 42
42 46
46 50
50 54
54 58
58 62
62 66
66 70
70 74
74 78
78 82
82 86
86 90
90 94
94 98
98 102
102 106
106 110
110 114
114 118
118 122
122 126
126 130
130 134
134 138
138 142
142 146
146 150
150 154
154 158
158 162
162 166
166 170
170 174
174 178
178 182
182 186
186 190
190 194
194 198
198 202
202 206
206 210
210 214
214 218
218 222
222 226
226 230
230 234
234 238
238 242
242 246
246 250
250 254
254 258
258 262
262 266
266 270
270 274
274 278
278 282
282 286
286 290
290 294
294 298
298 302
302 306
306 310
310 314
314 318
318 322
322 326
326 330
330 334
334 338
338 342
342 346
346 350
350 354
354 358
358 362
362 366
366 370
370 374
374 378
378 382
382 386
386 390
390 394
394 398
398 402
402 406
406 410
410 414
414 418
418 422
422 426
426 430
430 434
434 438
438 442
442 446
446 450
450 454
454 458
458 462
462 466
466 470
470 474
474 478
478 482
482 486
486 490
490 494
494 498
498 502
502 506
506 510
510 514
514 518
518 522
522 526
526 530
6 14
14 22
22 30
30 38
38 46
46 54
54 62
62 70
70 78
78 86
86 94
94 102
102 110
110 118
118 126
126 134
134 142
142 150
150 158
158 166
166 174
174 182
182 190
190 198
198 206
206 214
214 222
222 230
230 238
238 246
246 254
254 262
262 270
270 278
278 286
286 294
294 302
302 310
310 318
318 326
326 334
334 342
342 350
350 358
358 366
366 374
374 382
382 390
390 398
398 406
406 414
414 422
422 430
430 438
438 446
446 454
454 462
462 470
470 478
478 486
486 494
494 502
502 510
510 518
518 526
6 22
30 46
46 62
62 78
78 94
94 110
110 126
126 142
142 158
158 174
174 190
190 206
206 222
222 238
238 254
254 270
270 286
286 302
302 318
318 334
334 350
350 366
366 382
382 398
398 414
414 430
430 446
446 462
462 478
478 494
494 510
510 526
46 78
78 110
110 142
142 174
174 206
206 238
238 270
270 302
302 334
334 366
366 398
398 430
430 462
462 494
494 526
46 110
110 174
174 238
238 302
302 366
366 430
430 494
46 174
174 302
302 430
46 302
