0 1
1 2
2 3
3 4
4 5
5 6
6 7
7 8
8 9
9 10
10 11
11 12
12 13
13 14
14 15
15 16
16 17
17 18
18 19
19 20
20 21
21 22
22 23
23 24
24 25
25 26
26 27
27 28
28 29
29 30
30 31
31 32
32 33
33 34
34 35
35 36
36 37
37 38
38 39
39 40
40 41
41 42
42 43
43 44
44 45
45 46
46 47
47 48
48 49
49 50
50 51
51 52
52 53
53 54
54 55
55 56
56 57
57 58
58 59
59 60
60 61
61 62
62 63
63 64
64 65
65 66
66 67
67 68
68 69
69 70
70 71
71 72
72 73
73 74
74 75
75 76
76 77
77 78
78 79
79 80
80 81
81 82
82 83
83 84
84 85
85 86
86 87
87 88
88 89
89 90
90 91
91 92
92 93
93 94
94 95
95 96
96 97
97 98
98 99
99 100
100 101
101 102
102 103
103 104
104 105
105 106
106 107
107 108
108 109
109 110
110 111
111 112
112 113
113 114
114 115
115 116
116 117
117 118
118 119
119 120
120 121
121 122
122 123
123 124
124 125
125 126
126 127
127 128
128 129
129 130
130 131
131 132
132 133
133 134
134 135
135 136
136 137
137 138
138 139
139 140
140 141
141 142
142 143
143 144
144 145
145 146
146 147
147 148
148 149
149 150
150 151
151 152
152 153
153 154
154 155
155 156
156 157
157 158
158 159
159 160
160 161
161 162
162 163
163 164
164 165
165 166
166 167
167 168
168 169
169 170
170 171
171 172
172 173
173 174
174 175
175 176
176 177
177 178
178 179
179 180
180 181
181 182
182 183
183 184
184 185
185 186
186 187
187 188
188 189
189 190
190 191
191 192
192 193
193 194
194 195
195 196
196 197
197 198
198 199
199 200
200 201
201 202
202 203
203 204
204 205
205 206
206 207
207 208
208 209
209 210
210 211
211 212
212 213
213 214
214 215
0 2
2 4
4 6
7 9
9 11
10 12
12 14
15 17
17 19
19 21
22 24
24 26
27 29
29 31
31 33
33 35
35 37
37 39
39 41
41 43
42 44
44 46
45 47
47 49
48 50
50 52
51 53
53 55
54 56
56 58
57 59
59 61
60 62
62 64
63 65
65 67
66 68
68 70
69 71
71 73
72 74
74 76
77 79
79 81
82 84
84 86
85 87
87 89
88 90
90 92
91 93
93 95
94 96
96 98
99 101
102 104
104 106
105 107
107 109
108 110
110 112
111 113
113 115
114 116
116 118
119 121
121 123
124 126
127 129
129 131
132 134
134 136
136 138
138 140
139 141
141 143
142 144
144 146
145 147
147 149
148 150
150 152
153 155
155 157
157 159
159 161
161 163
164 166
166 168
168 170
169 171
171 173
172 174
174 176
175 177
177 179
178 180
180 182
181 183
183 185
186 188
188 190
191 193
193 195
195 197
196 198
198 200
199 201
201 203
202 204
204 206
205 207
207 209
210 212
212 214
213 215
4 7
9 12
12 15
19 22
24 27
41 44
44 47
47 50
50 53
53 56
56 59
59 62
62 65
65 68
68 71
71 74
74 77
79 82
84 87
87 90
90 93
93 96
96 99
99 102
104 107
107 110
110 113
113 116
116 119
121 124
124 127
129 132
138 141
141 144
144 147
147 150
150 153
161 164
168 171
171 174
174 177
177 180
180 183
183 186
188 191
195 198
198 201
201 204
204 207
207 210
212 215
15 19
29 33
33 37
37 41
129 133
132 136
134 138
153 157
157 161
164 168
191 195
4 9
12 17
19 24
24 29
74 79
79 84
99 104
116 121
124 129
129 134
131 136
150 155
183 188
207 212
44 50
47 53
50 56
59 65
65 71
87 93
93 99
107 113
132 138
141 147
155 161
168 174
174 180
195 201
198 204
12 19
129 136
131 138
150 157
161 168
188 195
33 41
71 79
96 104
113 121
121 129
153 161
180 188
204 212
24 33
44 53
47 56
104 113
129 138
171 180
195 204
9 19
74 84
147 157
93 104
150 161
12 24
29 41
44 56
59 71
168 180
183 195
71 84
93 107
124 138
147 161
9 24
44 59
180 195
71 87
24 41
121 138
124 141
150 168
24 44
93 113
121 141
147 168
71 93
147 171
180 204
113 138
44 71
147 174
113 141
12 41
9 41
12 44
147 180
113 147
9 44
71 113
147 204
9 71
113 180
113 204
