0, 1
1, 2
2, 3
3, 4
4, 5
5, 6
6, 7
7, 8
8, 9
9, 10
10, 11
11, 12
12, 13
13, 14
14, 15
15, 16
16, 17
17, 18
18, 19
19, 20
20, 21
21, 22
22, 23
23, 24
24, 25
25, 26
26, 27
27, 28
28, 29
29, 30
30, 31
31, 32
32, 33
33, 34
34, 35
35, 36
36, 37
37, 38
38, 39
39, 40
40, 41
41, 42
42, 43
43, 44
44, 45
45, 46
46, 47
47, 48
48, 49
49, 50
50, 51
51, 52
52, 53
53, 54
54, 55
55, 56
56, 57
57, 58
58, 59
59, 60
60, 61
61, 62
62, 63
63, 64
64, 65
65, 66
66, 67
67, 68
68, 69
69, 70
70, 71
71, 72
72, 73
73, 74
74, 75
75, 76
76, 77
77, 78
78, 79
79, 80
80, 81
81, 82
82, 83
83, 84
84, 85
85, 86
86, 87
87, 88
88, 89
89, 90
90, 91
91, 92
92, 93
93, 94
94, 95
95, 96
96, 97
97, 98
98, 99
99, 100
100, 101
101, 102
102, 103
103, 104
104, 105
105, 106
106, 107
107, 108
108, 109
109, 110
110, 111
111, 112
112, 113
113, 114
114, 115
115, 116
116, 117
117, 118
118, 119
119, 120
120, 121
121, 122
122, 123
123, 124
124, 125
125, 126
126, 127
127, 128
128, 129
129, 130
130, 131
131, 132
132, 133
133, 134
134, 135
135, 136
136, 137
137, 138
138, 139
139, 140
140, 141
141, 142
142, 143
143, 144
144, 145
145, 146
146, 147
147, 148
148, 149
149, 150
150, 151
151, 152
152, 153
153, 154
154, 155
155, 156
156, 157
157, 158
158, 159
159, 160
160, 161
161, 162
162, 163
163, 164
164, 165
165, 166
166, 167
167, 168
168, 169
169, 170
170, 171
171, 172
172, 173
173, 174
174, 175
175, 176
176, 177
177, 178
178, 179
179, 180
180, 181
181, 182
182, 183
183, 184
184, 185
185, 186
186, 187
187, 188
188, 189
189, 190
190, 191
191, 192
192, 193
193, 194
194, 195
195, 196
196, 197
197, 198
198, 199
199, 200
200, 201
201, 202
202, 203
203, 204
204, 205
205, 206
206, 207
207, 208
208, 209
209, 210
210, 211
211, 212
212, 213
213, 214
214, 215
215, 216
216, 217
217, 218
218, 219
219, 220
220, 221
221, 222
222, 223
223, 224
224, 225
225, 226
226, 227
227, 228
228, 229
229, 230
230, 231
231, 232
232, 233
233, 234
234, 235
235, 236
236, 237
237, 238
238, 239
239, 240
240, 241
241, 242
242, 243
243, 244
244, 245
245, 246
246, 247
247, 248
248, 249
249, 250
250, 251
251, 252
252, 253
253, 254
254, 255
255, 256
256, 257
257, 258
258, 259
259, 260
260, 261
261, 262
262, 263
263, 264
264, 265
265, 266
266, 267
267, 268
268, 269
269, 270
270, 271
271, 272
272, 273
273, 274
274, 275
275, 276
276, 277
277, 278
278, 279
279, 280
280, 281
281, 282
282, 283
283, 284
284, 285
285, 286
286, 287
287, 288
288, 289
289, 290
290, 291
291, 292
292, 293
293, 294
294, 295
295, 296
296, 297
297, 298
298, 299
299, 300
300, 301
301, 302
302, 303
303, 304
304, 305
305, 306
306, 307
307, 308
308, 309
309, 310
310, 311
311, 312
312, 313
313, 314
314, 315
315, 316
316, 317
317, 318
318, 319
319, 320
320, 321
321, 322
322, 323
323, 324
324, 325
325, 326
326, 327
327, 328
328, 329
329, 330
330, 331
331, 332
332, 333
333, 334
334, 335
335, 336
336, 337
337, 338
338, 339
339, 340
340, 341
341, 342
342, 343
343, 344
344, 345
345, 346
346, 347
347, 348
348, 349
349, 350
350, 351
351, 352
352, 353
353, 354
354, 355
355, 356
356, 357
357, 358
358, 359
359, 360
360, 361
361, 362
362, 363
363, 364
364, 365
365, 366
366, 367
367, 368
368, 369
369, 370
370, 371
371, 372
372, 373
373, 374
374, 375
375, 376
376, 377
377, 378
378, 379
379, 380
380, 381
381, 382
382, 383
383, 384
384, 385
385, 386
386, 387
387, 388
388, 389
389, 390
390, 391
391, 392
392, 393
393, 394
394, 395
395, 396
396, 397
397, 398
398, 399
399, 400
400, 401
401, 402
402, 403
403, 404
404, 405
405, 406
406, 407
407, 408
408, 409
409, 410
410, 411
411, 412
412, 413
413, 414
414, 415
415, 416
416, 417
417, 418
418, 419
419, 420
420, 421
421, 422
422, 423
423, 424
424, 425
425, 426
426, 427
427, 428
428, 429
429, 430
430, 431
431, 432
432, 433
433, 434
434, 435
435, 436
436, 437
437, 438
438, 439
439, 440
440, 441
441, 442
442, 443
443, 444
444, 445
445, 446
446, 447
447, 448
448, 449
449, 450
450, 451
451, 452
452, 453
453, 454
454, 455
455, 456
456, 457
457, 458
458, 459
459, 460
460, 461
461, 462
462, 463
463, 464
464, 465
465, 466
466, 467
467, 468
468, 469
469, 470
470, 471
471, 472
472, 473
473, 474
474, 475
475, 476
476, 477
477, 478
478, 479
479, 480
480, 481
481, 482
482, 483
483, 484
484, 485
485, 486
486, 487
487, 488
488, 489
489, 490
490, 491
491, 492
492, 493
493, 494
494, 495
495, 496
496, 497
497, 498
498, 499
499, 500
500, 501
501, 502
502, 503
503, 504
504, 505
505, 506
506, 507
507, 508
508, 509
509, 510
510, 511
511, 512
512, 513
513, 514
514, 515
515, 516
516, 517
517, 518
518, 519
519, 520
520, 521
521, 522
522, 523
523, 524
524, 525
525, 526
526, 527
527, 528
528, 529
529, 530
530, 531
531, 532
532, 533
533, 534
534, 535
535, 536
536, 537
537, 538
538, 539
539, 540
540, 541
541, 542
542, 543
543, 544
544, 545
545, 546
546, 547
547, 548
548, 549
549, 550
550, 551
551, 552
552, 553
553, 554
554, 555
555, 556
556, 557
557, 558
558, 559
559, 560
560, 561
561, 562
562, 563
563, 564
564, 565
565, 566
566, 567
567, 568
568, 569
569, 570
570, 571
571, 572
572, 573
573, 574
574, 575
575, 576
576, 577
577, 578
578, 579
579, 580
580, 581
581, 582
582, 583
583, 584
584, 585
585, 586
586, 587
587, 588
588, 589
589, 590
590, 591
591, 592
592, 593
593, 594
594, 595
595, 596
596, 597
597, 598
598, 599
599, 600
600, 601
601, 602
602, 603
603, 604
604, 605
605, 606
606, 607
607, 608
608, 609
609, 610
610, 611
611, 612
612, 613
613, 614
614, 615
615, 616
616, 617
617, 618
618, 619
619, 620
620, 621
621, 622
622, 623
623, 624
624, 625
625, 626
626, 627
627, 628
628, 629
629, 630
630, 631
631, 632
632, 633
633, 634
634, 635
635, 636
636, 637
637, 638
638, 639
639, 640
640, 641
641, 642
642, 643
643, 644
644, 645
645, 646
646, 647
647, 648
648, 649
649, 650
650, 651
651, 652
652, 653
653, 654
654, 655
655, 656
656, 657
657, 658
658, 659
659, 660
660, 661
661, 662
662, 663
663, 664
664, 665
665, 666
666, 667
667, 668
668, 669
669, 670
670, 671
671, 672
672, 673
673, 674
674, 675
675, 676
676, 677
677, 678
678, 679
679, 680
680, 681
681, 682
682, 683
683, 684
684, 685
685, 686
686, 687
687, 688
688, 689
689, 690
690, 691
691, 692
692, 693
693, 694
694, 695
695, 696
696, 697
697, 698
698, 699
699, 700
700, 701
701, 702
702, 703
703, 704
704, 705
705, 706
706, 707
707, 708
708, 709
709, 710
710, 711
711, 712
712, 713
713, 714
714, 715
715, 716
716, 717
717, 718
718, 719
719, 720
720, 721
721, 722
722, 723
723, 724
724, 725
725, 726
726, 727
727, 728
728, 729
729, 730
730, 731
731, 732
732, 733
733, 734
734, 735
735, 736
736, 737
737, 738
738, 739
739, 740
740, 741
741, 742
742, 743
743, 744
744, 745
745, 746
746, 747
747, 748
748, 749
749, 750
750, 751
751, 752
752, 753
753, 754
754, 755
755, 756
756, 757
757, 758
758, 759
759, 760
760, 761
761, 762
762, 763
763, 764
764, 765
765, 766
766, 767
767, 768
768, 769
769, 770
770, 771
771, 772
772, 773
773, 774
774, 775
775, 776
776, 777
777, 778
778, 779
779, 780
780, 781
781, 782
782, 783
783, 784
784, 785
785, 786
786, 787
787, 788
788, 789
789, 790
790, 791
791, 792
792, 793
793, 794
794, 795
795, 796
796, 797
797, 798
798, 799
799, 800
800, 801
801, 802
802, 803
803, 804
804, 805
805, 806
806, 807
807, 808
808, 809
809, 810
810, 811
811, 812
812, 813
813, 814
814, 815
815, 816
816, 817
817, 818
818, 819
819, 820
820, 821
821, 822
822, 823
823, 824
824, 825
825, 826
826, 827
827, 828
828, 829
829, 830
830, 831
831, 832
832, 833
833, 834
834, 835
835, 836
836, 837
837, 838
838, 839
839, 840
840, 841
841, 842
842, 843
843, 844
844, 845
845, 846
846, 847
847, 848
848, 849
849, 850
850, 851
851, 852
852, 853
853, 854
854, 855
855, 856
856, 857
857, 858
858, 859
859, 860
860, 861
861, 862
862, 863
863, 864
864, 865
865, 866
866, 867
867, 868
868, 869
869, 870
870, 871
871, 872
872, 873
873, 874
874, 875
875, 876
876, 877
877, 878
878, 879
879, 880
880, 881
881, 882
882, 883
883, 884
884, 885
885, 886
886, 887
887, 888
888, 889
889, 890
890, 891
891, 892
892, 893
893, 894
894, 895
895, 896
896, 897
897, 898
898, 899
899, 900
900, 901
901, 902
902, 903
903, 904
904, 905
905, 906
906, 907
907, 908
908, 909
909, 910
910, 911
911, 912
912, 913
913, 914
914, 915
915, 916
916, 917
917, 918
918, 919
919, 920
920, 921
921, 922
922, 923
923, 924
924, 925
925, 926
926, 927
927, 928
928, 929
929, 930
930, 931
931, 932
932, 933
933, 934
934, 935
935, 936
936, 937
937, 938
938, 939
939, 940
940, 941
941, 942
942, 943
943, 944
944, 945
945, 946
946, 947
947, 948
948, 949
949, 950
950, 951
951, 952
952, 953
953, 954
954, 955
955, 956
956, 957
957, 958
958, 959
959, 960
960, 961
961, 962
962, 963
963, 964
964, 965
965, 966
966, 967
967, 968
968, 969
969, 970
970, 971
971, 972
972, 973
973, 974
974, 975
975, 976
976, 977
977, 978
978, 979
979, 980
980, 981
981, 982
982, 983
983, 984
984, 985
985, 986
986, 987
987, 988
988, 989
989, 990
990, 991
991, 992
992, 993
993, 994
994, 995
995, 996
996, 997
997, 998
998, 999
999, 1000
1000, 1001
1001, 1002
1002, 1003
1003, 1004
1004, 1005
1005, 1006
1006, 1007
1007, 1008
1008, 1009
1009, 1010
1010, 1011
1011, 1012
1012, 1013
1013, 1014
1014, 1015
1015, 1016
1016, 1017
1017, 1018
1018, 1019
1019, 1020
1020, 1021
1021, 1022
1022, 1023
1023, 1024
1024, 1025
1025, 1026
1026, 1027
1027, 1028
1028, 1029
1029, 1030
1030, 1031
1031, 1032
1032, 1033
1033, 1034
1034, 1035
1035, 1036
1036, 1037
1037, 1038
1038, 1039
1039, 1040
1040, 1041
1041, 1042
1042, 1043
1043, 1044
1044, 1045
1045, 1046
1046, 1047
1047, 1048
1048, 1049
1049, 1050
1050, 1051
1051, 1052
1052, 1053
1053, 1054
1054, 1055
1055, 1056
1056, 1057
1057, 1058
1058, 1059
1059, 1060
1060, 1061
1061, 1062
1062, 1063
1063, 1064
1064, 1065
1065, 1066
1066, 1067
1067, 1068
1068, 1069
1069, 1070
1070, 1071
1071, 1072
1072, 1073
1073, 1074
1074, 1075
1075, 1076
1076, 1077
1077, 1078
1078, 1079
1079, 1080
1080, 1081
1081, 1082
1082, 1083
1083, 1084
1084, 1085
1085, 1086
1086, 1087
1087, 1088
1088, 1089
1089, 1090
1090, 1091
1091, 1092
1092, 1093
1093, 1094
1094, 1095
1095, 1096
1096, 1097
1097, 1098
1098, 1099
1099, 1100
1100, 1101
1101, 1102
1102, 1103
1103, 1104
1104, 1105
1105, 1106
1106, 1107
1107, 1108
1108, 1109
1109, 1110
1110, 1111
1111, 1112
1112, 1113
1113, 1114
1114, 1115
1115, 1116
1116, 1117
1117, 1118
1118, 1119
1119, 1120
1120, 1121
1121, 1122
1122, 1123
1123, 1124
1124, 1125
1125, 1126
1126, 1127
1127, 1128
1128, 1129
1129, 1130
1130, 1131
1131, 1132
1132, 1133
1133, 1134
1134, 1135
1135, 1136
1136, 1137
1137, 1138
1138, 1139
1139, 1140
1140, 1141
1141, 1142
1142, 1143
1143, 1144
1144, 1145
1145, 1146
1146, 1147
1147, 1148
1148, 1149
1149, 1150
1150, 1151
1151, 1152
1152, 1153
1153, 1154
1154, 1155
1155, 1156
1156, 1157
1157, 1158
1158, 1159
1159, 1160
1160, 1161
1161, 1162
1162, 1163
1163, 1164
1164, 1165
1165, 1166
1166, 1167
1167, 1168
1168, 1169
1169, 1170
1170, 1171
1171, 1172
1172, 1173
1173, 1174
1174, 1175
1175, 1176
1176, 1177
1177, 1178
1178, 1179
1179, 1180
1180, 1181
1181, 1182
1182, 1183
1183, 1184
1184, 1185
1185, 1186
1186, 1187
1187, 1188
1188, 1189
1189, 1190
1190, 1191
1191, 1192
1192, 1193
1193, 1194
1194, 1195
1195, 1196
1196, 1197
1197, 1198
1198, 1199
1199, 1200
1200, 1201
1201, 1202
1202, 1203
1203, 1204
1204, 1205
1205, 1206
1206, 1207
1207, 1208
1208, 1209
1209, 1210
1210, 1211
1211, 1212
1212, 1213
1213, 1214
1214, 1215
1215, 1216
1216, 1217
1217, 1218
1218, 1219
1219, 1220
1220, 1221
1221, 1222
1222, 1223
1223, 1224
1224, 1225
1225, 1226
1226, 1227
1227, 1228
1228, 1229
1229, 1230
1230, 1231
1231, 1232
1232, 1233
1233, 1234
1234, 1235
1235, 1236
1236, 1237
1237, 1238
1238, 1239
1239, 1240
1240, 1241
1241, 1242
1242, 1243
1243, 1244
1244, 1245
1245, 1246
1246, 1247
1247, 1248
1248, 1249
1249, 1250
1250, 1251
1251, 1252
1252, 1253
1253, 1254
1254, 1255
1255, 1256
1256, 1257
1257, 1258
1258, 1259
1259, 1260
1260, 1261
1261, 1262
1262, 1263
1263, 1264
1264, 1265
1265, 1266
1266, 1267
1267, 1268
1268, 1269
1269, 1270
1270, 1271
1271, 1272
1272, 1273
1273, 1274
1274, 1275
1275, 1276
1276, 1277
1277, 1278
1278, 1279
1279, 1280
1280, 1281
1281, 1282
1282, 1283
1283, 1284
1284, 1285
1285, 1286
1286, 1287
1287, 1288
1288, 1289
1289, 1290
1290, 1291
1291, 1292
1292, 1293
1293, 1294
1294, 1295
1295, 1296
1296, 1297
1297, 1298
1298, 1299
1299, 1300
1300, 1301
1301, 1302
1302, 1303
1303, 1304
1304, 1305
1305, 1306
1306, 1307
1307, 1308
1308, 1309
1309, 1310
1310, 1311
1311, 1312
1312, 1313
1313, 1314
1314, 1315
1315, 1316
1316, 1317
1317, 1318
1318, 1319
1319, 1320
1320, 1321
1321, 1322
1322, 1323
1323, 1324
1324, 1325
1325, 1326
1326, 1327
1327, 1328
1328, 1329
1329, 1330
1330, 1331
1331, 1332
1332, 1333
1333, 1334
1334, 1335
1335, 1336
1336, 1337
1337, 1338
1338, 1339
1339, 1340
1340, 1341
1341, 1342
1342, 1343
1343, 1344
1344, 1345
1345, 1346
1346, 1347
1347, 1348
1348, 1349
1349, 1350
1350, 1351
1351, 1352
1352, 1353
1353, 1354
1354, 1355
1355, 1356
1356, 1357
1357, 1358
1358, 1359
1359, 1360
1360, 1361
1361, 1362
1362, 1363
1363, 1364
1364, 1365
1365, 1366
1366, 1367
1367, 1368
1368, 1369
1369, 1370
1370, 1371
1371, 1372
1372, 1373
1373, 1374
1374, 1375
1375, 1376
1376, 1377
1377, 1378
1378, 1379
1379, 1380
1380, 1381
1381, 1382
1382, 1383
1383, 1384
1384, 1385
1385, 1386
1386, 1387
1387, 1388
1388, 1389
1389, 1390
1390, 1391
1391, 1392
1392, 1393
1393, 1394
1394, 1395
1395, 1396
1396, 1397
1397, 1398
1398, 1399
1399, 1400
1400, 1401
1401, 1402
1402, 1403
1403, 1404
1404, 1405
1405, 1406
1406, 1407
1407, 1408
1408, 1409
1409, 1410
1410, 1411
1411, 1412
1412, 1413
1413, 1414
1414, 1415
1415, 1416
1416, 1417
1417, 1418
1418, 1419
1419, 1420
1420, 1421
1421, 1422
1422, 1423
1423, 1424
1424, 1425
1425, 1426
1426, 1427
1427, 1428
1428, 1429
1429, 1430
1430, 1431
1431, 1432
1432, 1433
1433, 1434
1434, 1435
1435, 1436
1436, 1437
1437, 1438
1438, 1439
1439, 1440
1440, 1441
1441, 1442
1442, 1443
1443, 1444
1444, 1445
1445, 1446
1446, 1447
1447, 1448
1448, 1449
1449, 1450
1450, 1451
1451, 1452
1452, 1453
1453, 1454
1454, 1455
1455, 1456
1456, 1457
1457, 1458
1458, 1459
1459, 1460
1460, 1461
1461, 1462
1462, 1463
1463, 1464
1464, 1465
1465, 1466
1466, 1467
1467, 1468
1468, 1469
1469, 1470
1470, 1471
1471, 1472
1472, 1473
1473, 1474
1474, 1475
1475, 1476
1476, 1477
1477, 1478
1478, 1479
1479, 1480
1480, 1481
1481, 1482
1482, 1483
1483, 1484
1484, 1485
1485, 1486
1486, 1487
1487, 1488
1488, 1489
1489, 1490
1490, 1491
1491, 1492
1492, 1493
1493, 1494
1494, 1495
1495, 1496
1496, 1497
1497, 1498
1498, 1499
1499, 1500
1500, 1501
1501, 1502
1502, 1503
1503, 1504
1504, 1505
1505, 1506
1506, 1507
1507, 1508
1508, 1509
1509, 1510
1510, 1511
1511, 1512
1512, 1513
1513, 1514
1514, 1515
1515, 1516
1516, 1517
1517, 1518
1518, 1519
1519, 1520
1520, 1521
1521, 1522
1522, 1523
1523, 1524
1524, 1525
1525, 1526
1526, 1527
1527, 1528
1528, 1529
1529, 1530
1530, 1531
1531, 1532
1532, 1533
1533, 1534
1534, 1535
1535, 1536
1536, 1537
1537, 1538
1538, 1539
1539, 1540
1540, 1541
1541, 1542
1542, 1543
1543, 1544
1544, 1545
1545, 1546
1546, 1547
1547, 1548
1548, 1549
1549, 1550
1550, 1551
1551, 1552
1552, 1553
1553, 1554
1554, 1555
1555, 1556
1556, 1557
1557, 1558
1558, 1559
1559, 1560
1560, 1561
1561, 1562
1562, 1563
1563, 1564
1564, 1565
1565, 1566
1566, 1567
1567, 1568
1568, 1569
1569, 1570
1570, 1571
1571, 1572
1572, 1573
1573, 1574
1574, 1575
1575, 1576
1576, 1577
1577, 1578
1578, 1579
1579, 1580
1580, 1581
1581, 1582
1582, 1583
1583, 1584
1584, 1585
1585, 1586
1586, 1587
1587, 1588
1588, 1589
1589, 1590
1590, 1591
1591, 1592
1592, 1593
1593, 1594
1594, 1595
1595, 1596
1596, 1597
1597, 1598
1598, 1599
1599, 1600
1600, 1601
1601, 1602
1602, 1603
1603, 1604
1604, 1605
1605, 1606
1606, 1607
1607, 1608
1608, 1609
1609, 1610
1610, 1611
1611, 1612
1612, 1613
1613, 1614
1614, 1615
1615, 1616
1616, 1617
1617, 1618
1618, 1619
1619, 1620
1620, 1621
1621, 1622
1622, 1623
1623, 1624
1624, 1625
1625, 1626
1626, 1627
1627, 1628
1628, 1629
1629, 1630
1630, 1631
1631, 1632
1632, 1633
1633, 1634
1634, 1635
1635, 1636
1636, 1637
1637, 1638
1638, 1639
1639, 1640
1640, 1641
1641, 1642
1642, 1643
1643, 1644
1644, 1645
1645, 1646
1646, 1647
1647, 1648
1648, 1649
1649, 1650
1650, 1651
1651, 1652
1652, 1653
1653, 1654
1654, 1655
1655, 1656
1656, 1657
1657, 1658
1658, 1659
1659, 1660
1660, 1661
1661, 1662
1662, 1663
1663, 1664
1664, 1665
1665, 1666
1666, 1667
1667, 1668
1668, 1669
1669, 1670
1670, 1671
1671, 1672
1672, 1673
1673, 1674
1674, 1675
1675, 1676
1676, 1677
1677, 1678
1678, 1679
1679, 1680
1680, 1681
1681, 1682
1682, 1683
1683, 1684
1684, 1685
1685, 1686
1686, 1687
1687, 1688
1688, 1689
1689, 1690
1690, 1691
1691, 1692
1692, 1693
1693, 1694
1694, 1695
1695, 1696
1696, 1697
1697, 1698
1698, 1699
1699, 1700
1700, 1701
1701, 1702
1702, 1703
1703, 1704
1704, 1705
1705, 1706
1706, 1707
1707, 1708
1708, 1709
1709, 1710
1710, 1711
1711, 1712
1712, 1713
1713, 1714
1714, 1715
1715, 1716
1716, 1717
1717, 1718
1718, 1719
1719, 1720
1720, 1721
1721, 1722
1722, 1723
1723, 1724
1724, 1725
1725, 1726
1726, 1727
1727, 1728
1728, 1729
1729, 1730
1730, 1731
1731, 1732
1732, 1733
1733, 1734
1734, 1735
1735, 1736
1736, 1737
1737, 1738
1738, 1739
1739, 1740
1740, 1741
1741, 1742
1742, 1743
1743, 1744
1744, 1745
1745, 1746
1746, 1747
1747, 1748
1748, 1749
1749, 1750
1750, 1751
1751, 1752
1752, 1753
1753, 1754
1754, 1755
1755, 1756
1756, 1757
1757, 1758
1758, 1759
1759, 1760
1760, 1761
1761, 1762
1762, 1763
1763, 1764
1764, 1765
1765, 1766
1766, 1767
1767, 1768
1768, 1769
1769, 1770
1770, 1771
1771, 1772
1772, 1773
1773, 1774
1774, 1775
1775, 1776
1776, 1777
1777, 1778
1778, 1779
1779, 1780
1780, 1781
1781, 1782
1782, 1783
1783, 1784
1784, 1785
1785, 1786
1786, 1787
1787, 1788
1788, 1789
1789, 1790
1790, 1791
1791, 1792
1792, 1793
1793, 1794
1794, 1795
1795, 1796
1796, 1797
1797, 1798
1798, 1799
1799, 1800
1800, 1801
1801, 1802
1802, 1803
1803, 1804
1804, 1805
1805, 1806
1806, 1807
1807, 1808
1808, 1809
1809, 1810
1810, 1811
1811, 1812
1812, 1813
1813, 1814
1814, 1815
1815, 1816
1816, 1817
1817, 1818
1818, 1819
1819, 1820
1820, 1821
1821, 1822
1822, 1823
1823, 1824
1824, 1825
1825, 1826
1826, 1827
1827, 1828
1828, 1829
1829, 1830
1830, 1831
1831, 1832
1832, 1833
1833, 1834
1834, 1835
1835, 1836
1836, 1837
1837, 1838
1838, 1839
1839, 1840
1840, 1841
1841, 1842
1842, 1843
1843, 1844
1844, 1845
1845, 1846
1846, 1847
1847, 1848
1848, 1849
1849, 1850
1850, 1851
1851, 1852
1852, 1853
1853, 1854
1854, 1855
1855, 1856
1856, 1857
1857, 1858
1858, 1859
1859, 1860
1860, 1861
1861, 1862
1862, 1863
1863, 1864
1864, 1865
1865, 1866
1866, 1867
1867, 1868
1868, 1869
1869, 1870
1870, 1871
1871, 1872
1872, 1873
1873, 1874
1874, 1875
1875, 1876
1876, 1877
1877, 1878
1878, 1879
1879, 1880
1880, 1881
1881, 1882
1882, 1883
1883, 1884
1884, 1885
1885, 1886
1886, 1887
1887, 1888
1888, 1889
1889, 1890
1890, 1891
1891, 1892
1892, 1893
1893, 1894
1894, 1895
1895, 1896
1896, 1897
1897, 1898
1898, 1899
1899, 1900
1900, 1901
1901, 1902
1902, 1903
1903, 1904
1904, 1905
1905, 1906
1906, 1907
1907, 1908
1908, 1909
1909, 1910
1910, 1911
1911, 1912
1912, 1913
1913, 1914
1914, 1915
1915, 1916
1916, 1917
1917, 1918
1918, 1919
1919, 1920
1920, 1921
1921, 1922
1922, 1923
1923, 1924
1924, 1925
1925, 1926
1926, 1927
1927, 1928
1928, 1929
1929, 1930
1930, 1931
1931, 1932
1932, 1933
1933, 1934
1934, 1935
1935, 1936
1936, 1937
1937, 1938
1938, 1939
1939, 1940
1940, 1941
1941, 1942
1942, 1943
1943, 1944
1944, 1945
1945, 1946
1946, 1947
1947, 1948
1948, 1949
1949, 1950
1950, 1951
1951, 1952
1952, 1953
1953, 1954
1954, 1955
1955, 1956
1956, 1957
1957, 1958
1958, 1959
1959, 1960
1960, 1961
1961, 1962
1962, 1963
1963, 1964
1964, 1965
1965, 1966
1966, 1967
1967, 1968
1968, 1969
1969, 1970
1970, 1971
1971, 1972
1972, 1973
1973, 1974
1974, 1975
1975, 1976
1976, 1977
1977, 1978
1978, 1979
1979, 1980
1980, 1981
1981, 1982
1982, 1983
1983, 1984
1984, 1985
1985, 1986
1986, 1987
1987, 1988
1988, 1989
1989, 1990
1990, 1991
1991, 1992
1992, 1993
1993, 1994
1994, 1995
1995, 1996
1996, 1997
1997, 1998
1998, 1999
1999, 2000
2000, 2001
2001, 2002
2002, 2003
2003, 2004
2004, 2005
2005, 2006
2006, 2007
2007, 2008
2008, 2009
2009, 2010
2010, 2011
2011, 2012
2012, 2013
2013, 2014
2014, 2015
2015, 2016
2016, 2017
2017, 2018
2018, 2019
2019, 2020
2020, 2021
2021, 2022
2022, 2023
2023, 2024
2024, 2025
2025, 2026
2026, 2027
2027, 2028
2028, 2029
2029, 2030
2030, 2031
2031, 2032
2032, 2033
2033, 2034
2034, 2035
2035, 2036
2036, 2037
2037, 2038
2038, 2039
2039, 2040
2040, 2041
2041, 2042
2042, 2043
2043, 2044
2044, 2045
2045, 2046
2046, 2047
2047, 2048
2048, 2049
2049, 2050
2050, 2051
2051, 2052
2052, 2053
2053, 2054
2054, 2055
2055, 2056
2056, 2057
2057, 2058
2058, 2059
2059, 2060
2060, 2061
2061, 2062
2062, 2063
2063, 2064
2064, 2065
2065, 2066
2066, 2067
2067, 2068
2068, 2069
2069, 2070
2070, 2071
2071, 2072
2072, 2073
2073, 2074
2074, 2075
2075, 2076
2076, 2077
2077, 2078
2078, 2079
2079, 2080
2080, 2081
2081, 2082
2082, 2083
2083, 2084
2084, 2085
2085, 2086
2086, 2087
2087, 2088
2088, 2089
2089, 2090
2090, 2091
2091, 2092
2092, 2093
2093, 2094
2094, 2095
2095, 2096
2096, 2097
2097, 2098
2098, 2099
2099, 2100
2100, 2101
2101, 2102
2102, 2103
2103, 2104
2104, 2105
2105, 2106
2106, 2107
2107, 2108
2108, 2109
2109, 2110
2110, 2111
2111, 2112
2112, 2113
2113, 2114
2114, 2115
2115, 2116
2116, 2117
2117, 2118
2118, 2119
2119, 2120
2120, 2121
2121, 2122
2122, 2123
2123, 2124
2124, 2125
2125, 2126
2126, 2127
2127, 2128
2128, 2129
2129, 2130
2130, 2131
2131, 2132
2132, 2133
2133, 2134
2134, 2135
2135, 2136
2136, 2137
2137, 2138
2138, 2139
2139, 2140
2140, 2141
2141, 2142
2142, 2143
2143, 2144
2144, 2145
2145, 2146
2146, 2147
2147, 2148
2148, 2149
2149, 2150
2150, 2151
2151, 2152
2152, 2153
2153, 2154
2154, 2155
2155, 2156
2156, 2157
2157, 2158
2158, 2159
2159, 2160
2160, 2161
2161, 2162
2162, 2163
2163, 2164
2164, 2165
2165, 2166
2166, 2167
2167, 2168
2168, 2169
2169, 2170
2170, 2171
2171, 2172
2172, 2173
2173, 2174
2174, 2175
2175, 2176
2176, 2177
2177, 2178
2178, 2179
2179, 2180
2180, 2181
2181, 2182
2182, 2183
2183, 2184
2184, 2185
2185, 2186
2186, 2187
2187, 2188
2188, 2189
2189, 2190
2190, 2191
2191, 2192
2192, 2193
2193, 2194
2194, 2195
2195, 2196
2196, 2197
2197, 2198
2198, 2199
2199, 2200
2200, 2201
2201, 2202
2202, 2203
2203, 2204
2204, 2205
2205, 2206
2206, 2207
2207, 2208
2208, 2209
2209, 2210
2210, 2211
2211, 2212
2212, 2213
2213, 2214
2214, 2215
2215, 2216
2216, 2217
2217, 2218
2218, 2219
2219, 2220
2220, 2221
2221, 2222
2222, 2223
2223, 2224
2224, 2225
2225, 2226
2226, 2227
2227, 2228
2228, 2229
2229, 2230
2230, 2231
2231, 2232
2232, 2233
2233, 2234
2234, 2235
2235, 2236
2236, 2237
2237, 2238
2238, 2239
2239, 2240
2240, 2241
2241, 2242
2242, 2243
2243, 2244
2244, 2245
2245, 2246
2246, 2247
2247, 2248
2248, 2249
2249, 2250
2250, 2251
2251, 2252
2252, 2253
2253, 2254
2254, 2255
2255, 2256
2256, 2257
2257, 2258
2258, 2259
2259, 2260
2260, 2261
2261, 2262
2262, 2263
2263, 2264
2264, 2265
2265, 2266
2266, 2267
2267, 2268
2268, 2269
2269, 2270
2270, 2271
2271, 2272
2272, 2273
2273, 2274
2274, 2275
2275, 2276
2276, 2277
2277, 2278
2278, 2279
2279, 2280
2280, 2281
2281, 2282
2282, 2283
2283, 2284
2284, 2285
2285, 2286
2286, 2287
2287, 2288
2288, 2289
2289, 2290
2290, 2291
2291, 2292
2292, 2293
2293, 2294
2294, 2295
2295, 2296
2296, 2297
2297, 2298
2298, 2299
2299, 2300
2300, 2301
2301, 2302
2302, 2303
2303, 2304
2304, 2305
2305, 2306
2306, 2307
2307, 2308
2308, 2309
2309, 2310
2310, 2311
2311, 2312
2312, 2313
2313, 2314
2314, 2315
2315, 2316
2316, 2317
2317, 2318
2318, 2319
2319, 2320
2320, 2321
2321, 2322
2322, 2323
2323, 2324
2324, 2325
2325, 2326
2326, 2327
2327, 2328
2328, 2329
2329, 2330
2330, 2331
2331, 2332
2332, 2333
2333, 2334
2334, 2335
2335, 2336
2336, 2337
2337, 2338
2338, 2339
2339, 2340
2340, 2341
2341, 2342
2342, 2343
2343, 2344
2344, 2345
2345, 2346
2346, 2347
2347, 2348
2348, 2349
2349, 2350
2350, 2351
2351, 2352
2352, 2353
2353, 2354
2354, 2355
2355, 2356
2356, 2357
2357, 2358
2358, 2359
2359, 2360
2360, 2361
2361, 2362
2362, 2363
2363, 2364
2364, 2365
2365, 2366
2366, 2367
2367, 2368
2368, 2369
2369, 2370
2370, 2371
2371, 2372
2372, 2373
2373, 2374
2374, 2375
2375, 2376
2376, 2377
2377, 2378
2378, 2379
2379, 2380
2380, 2381
2381, 2382
2382, 2383
2383, 2384
2384, 2385
2385, 2386
2386, 2387
2387, 2388
2388, 2389
2389, 2390
2390, 2391
2391, 2392
2392, 2393
2393, 2394
2394, 2395
2395, 2396
2396, 2397
2397, 2398
2398, 2399
2399, 2400
2400, 2401
2401, 2402
2402, 2403
2403, 2404
2404, 2405
2405, 2406
2406, 2407
2407, 2408
2408, 2409
2409, 2410
2410, 2411
2411, 2412
2412, 2413
2413, 2414
2414, 2415
2415, 2416
2416, 2417
2417, 2418
2418, 2419
2419, 2420
2420, 2421
2421, 2422
2422, 2423
2423, 2424
2424, 2425
2425, 2426
2426, 2427
2427, 2428
2428, 2429
2429, 2430
2430, 2431
2431, 2432
2432, 2433
2433, 2434
2434, 2435
2435, 2436
2436, 2437
2437, 2438
2438, 2439
2439, 2440
2440, 2441
2441, 2442
2442, 2443
2443, 2444
2444, 2445
2445, 2446
2446, 2447
2447, 2448
2448, 2449
2449, 2450
2450, 2451
2451, 2452
2452, 2453
2453, 2454
2454, 2455
2455, 2456
2456, 2457
2457, 2458
2458, 2459
2459, 2460
2460, 2461
2461, 2462
2462, 2463
2463, 2464
2464, 2465
2465, 2466
2466, 2467
2467, 2468
2468, 2469
2469, 2470
2470, 2471
2471, 2472
2472, 2473
2473, 2474
2474, 2475
2475, 2476
2476, 2477
2477, 2478
2478, 2479
2479, 2480
2480, 2481
2481, 2482
2482, 2483
2483, 2484
2484, 2485
2485, 2486
2486, 2487
2487, 2488
2488, 2489
2489, 2490
2490, 2491
2491, 2492
2492, 2493
2493, 2494
2494, 2495
2495, 2496
2496, 2497
2497, 2498
2498, 2499
2499, 2500
2500, 2501
2501, 2502
2502, 2503
2503, 2504
2504, 2505
2505, 2506
2506, 2507
2507, 2508
2508, 2509
2509, 2510
2510, 2511
2511, 2512
2512, 2513
2513, 2514
2514, 2515
2515, 2516
2516, 2517
2517, 2518
2518, 2519
2519, 2520
2520, 2521
2521, 2522
2522, 2523
2523, 2524
2524, 2525
2525, 2526
2526, 2527
2527, 2528
2528, 2529
2529, 2530
2530, 2531
2531, 2532
2532, 2533
2533, 2534
2534, 2535
2535, 2536
2536, 2537
2537, 2538
2538, 2539
2539, 2540
2540, 2541
2541, 2542
2542, 2543
2543, 2544
2544, 2545
2545, 2546
2546, 2547
2547, 2548
2548, 2549
2549, 2550
2550, 2551
2551, 2552
2552, 2553
2553, 2554
2554, 2555
2555, 2556
2556, 2557
2557, 2558
2558, 2559
2559, 2560
2560, 2561
2561, 2562
2562, 2563
2563, 2564
2564, 2565
2565, 2566
2566, 2567
2567, 2568
2568, 2569
2569, 2570
2570, 2571
2571, 2572
2572, 2573
2573, 2574
2574, 2575
2575, 2576
2576, 2577
2577, 2578
2578, 2579
2579, 2580
2580, 2581
2581, 2582
2582, 2583
2583, 2584
2584, 2585
2585, 2586
2586, 2587
2587, 2588
2588, 2589
2589, 2590
2590, 2591
2591, 2592
2592, 2593
2593, 2594
2594, 2595
2595, 2596
2596, 2597
2597, 2598
2598, 2599
2599, 2600
2600, 2601
2601, 2602
2602, 2603
2603, 2604
2604, 2605
2605, 2606
2606, 2607
2607, 2608
2608, 2609
2609, 2610
2610, 2611
2611, 2612
2612, 2613
2613, 2614
2614, 2615
2615, 2616
2616, 2617
2617, 2618
2618, 2619
2619, 2620
2620, 2621
2621, 2622
2622, 2623
2623, 2624
2624, 2625
2625, 2626
2626, 2627
2627, 2628
2628, 2629
2629, 2630
2630, 2631
2631, 2632
2632, 2633
2633, 2634
2634, 2635
2635, 2636
2636, 2637
2637, 2638
2638, 2639
2639, 2640
2640, 2641
2641, 2642
2642, 2643
2643, 2644
2644, 2645
2645, 2646
2646, 2647
2647, 2648
2648, 2649
2649, 2650
2650, 2651
2651, 2652
2652, 2653
2653, 2654
2654, 2655
2655, 2656
2656, 2657
2657, 2658
2658, 2659
2659, 2660
2660, 2661
2661, 2662
2662, 2663
2663, 2664
2664, 2665
2665, 2666
2666, 2667
2667, 2668
2668, 2669
2669, 2670
2670, 2671
2671, 2672
2672, 2673
2673, 2674
2674, 2675
2675, 2676
2676, 2677
2677, 2678
2678, 2679
2679, 2680
2680, 2681
2681, 2682
2682, 2683
2683, 2684
2684, 2685
0, 2
2, 4
4, 6
7, 9
9, 11
10, 12
12, 14
15, 17
17, 19
19, 21
22, 24
24, 26
27, 29
29, 31
31, 33
33, 35
35, 37
37, 39
39, 41
41, 43
42, 44
44, 46
45, 47
47, 49
48, 50
50, 52
51, 53
53, 55
54, 56
56, 58
57, 59
59, 61
60, 62
62, 64
63, 65
65, 67
66, 68
68, 70
69, 71
71, 73
72, 74
74, 76
77, 79
79, 81
82, 84
84, 86
85, 87
87, 89
88, 90
90, 92
91, 93
93, 95
94, 96
96, 98
99, 101
102, 104
104, 106
105, 107
107, 109
108, 110
110, 112
111, 113
113, 115
114, 116
116, 118
119, 121
121, 123
124, 126
127, 129
129, 131
132, 134
134, 136
136, 138
138, 140
139, 141
141, 143
142, 144
144, 146
145, 147
147, 149
148, 150
150, 152
153, 155
155, 157
157, 159
159, 161
161, 163
164, 166
166, 168
168, 170
169, 171
171, 173
172, 174
174, 176
175, 177
177, 179
178, 180
180, 182
181, 183
183, 185
186, 188
188, 190
191, 193
193, 195
195, 197
196, 198
198, 200
199, 201
201, 203
202, 204
204, 206
205, 207
207, 209
210, 212
212, 214
213, 215
215, 217
216, 218
218, 220
219, 221
221, 223
222, 224
224, 226
227, 229
230, 232
232, 234
234, 236
236, 238
238, 240
241, 243
243, 245
244, 246
246, 248
247, 249
249, 251
250, 252
252, 254
253, 255
255, 257
256, 258
258, 260
259, 261
261, 263
262, 264
264, 266
265, 267
267, 269
268, 270
270, 272
271, 273
273, 275
274, 276
276, 278
279, 281
282, 284
284, 286
287, 289
289, 291
290, 292
292, 294
293, 295
295, 297
296, 298
298, 300
299, 301
301, 303
302, 304
304, 306
305, 307
307, 309
310, 312
312, 314
314, 316
315, 317
317, 319
318, 320
320, 322
321, 323
323, 325
326, 328
328, 330
330, 332
332, 334
334, 336
336, 338
338, 340
340, 342
342, 344
344, 346
346, 348
348, 350
350, 352
352, 354
354, 356
355, 357
357, 359
358, 360
360, 362
363, 365
366, 368
368, 370
370, 372
371, 373
373, 375
374, 376
376, 378
377, 379
379, 381
380, 382
382, 384
383, 385
385, 387
386, 388
388, 390
391, 393
394, 396
396, 398
397, 399
399, 401
402, 404
404, 406
405, 407
407, 409
408, 410
410, 412
413, 415
415, 417
416, 418
418, 420
419, 421
421, 423
424, 426
426, 428
427, 429
429, 431
430, 432
432, 434
433, 435
435, 437
436, 438
438, 440
439, 441
441, 443
442, 444
444, 446
447, 449
449, 451
451, 453
453, 455
454, 456
456, 458
457, 459
459, 461
460, 462
462, 464
465, 467
468, 470
470, 472
472, 474
473, 475
475, 477
478, 480
481, 483
483, 485
485, 487
486, 488
488, 490
489, 491
491, 493
494, 496
496, 498
497, 499
499, 501
502, 504
505, 507
507, 509
508, 510
510, 512
511, 513
513, 515
516, 518
519, 521
522, 524
524, 526
526, 528
528, 530
530, 532
532, 534
534, 536
535, 537
537, 539
538, 540
540, 542
541, 543
543, 545
544, 546
546, 548
547, 549
549, 551
550, 552
552, 554
553, 555
555, 557
556, 558
558, 560
559, 561
561, 563
562, 564
564, 566
565, 567
567, 569
570, 572
573, 575
576, 578
578, 580
580, 582
581, 583
583, 585
584, 586
586, 588
587, 589
589, 591
590, 592
592, 594
595, 597
597, 599
600, 602
603, 605
605, 607
607, 609
610, 612
612, 614
614, 616
617, 619
619, 621
620, 622
622, 624
623, 625
625, 627
626, 628
628, 630
629, 631
631, 633
634, 636
636, 638
638, 640
639, 641
641, 643
642, 644
644, 646
647, 649
649, 651
650, 652
652, 654
655, 657
658, 660
660, 662
661, 663
663, 665
664, 666
666, 668
669, 671
672, 674
675, 677
677, 679
679, 681
681, 683
683, 685
685, 687
687, 689
688, 690
690, 692
691, 693
693, 695
694, 696
696, 698
697, 699
699, 701
700, 702
702, 704
703, 705
705, 707
706, 708
708, 710
709, 711
711, 713
712, 714
714, 716
715, 717
717, 719
718, 720
720, 722
723, 725
726, 728
729, 731
731, 733
733, 735
734, 736
736, 738
737, 739
739, 741
740, 742
742, 744
743, 745
745, 747
748, 750
750, 752
753, 755
756, 758
758, 760
760, 762
763, 765
765, 767
767, 769
770, 772
772, 774
773, 775
775, 777
776, 778
778, 780
779, 781
781, 783
782, 784
784, 786
787, 789
789, 791
791, 793
792, 794
794, 796
795, 797
797, 799
800, 802
802, 804
803, 805
805, 807
808, 810
811, 813
813, 815
814, 816
816, 818
817, 819
819, 821
822, 824
825, 827
828, 830
830, 832
832, 834
834, 836
836, 838
838, 840
840, 842
841, 843
843, 845
844, 846
846, 848
847, 849
849, 851
850, 852
852, 854
853, 855
855, 857
856, 858
858, 860
859, 861
861, 863
862, 864
864, 866
865, 867
867, 869
868, 870
870, 872
871, 873
873, 875
876, 878
879, 881
882, 884
884, 886
886, 888
887, 889
889, 891
890, 892
892, 894
893, 895
895, 897
896, 898
898, 900
901, 903
903, 905
906, 908
909, 911
911, 913
913, 915
916, 918
918, 920
920, 922
923, 925
925, 927
926, 928
928, 930
929, 931
931, 933
932, 934
934, 936
935, 937
937, 939
940, 942
942, 944
944, 946
945, 947
947, 949
948, 950
950, 952
953, 955
955, 957
956, 958
958, 960
961, 963
964, 966
966, 968
967, 969
969, 971
970, 972
972, 974
975, 977
978, 980
981, 983
983, 985
985, 987
987, 989
989, 991
991, 993
993, 995
994, 996
996, 998
997, 999
999, 1001
1000, 1002
1002, 1004
1003, 1005
1005, 1007
1006, 1008
1008, 1010
1009, 1011
1011, 1013
1012, 1014
1014, 1016
1015, 1017
1017, 1019
1018, 1020
1020, 1022
1021, 1023
1023, 1025
1024, 1026
1026, 1028
1029, 1031
1032, 1034
1035, 1037
1037, 1039
1039, 1041
1040, 1042
1042, 1044
1043, 1045
1045, 1047
1046, 1048
1048, 1050
1049, 1051
1051, 1053
1054, 1056
1056, 1058
1059, 1061
1062, 1064
1064, 1066
1066, 1068
1069, 1071
1071, 1073
1073, 1075
1076, 1078
1078, 1080
1079, 1081
1081, 1083
1082, 1084
1084, 1086
1085, 1087
1087, 1089
1088, 1090
1090, 1092
1093, 1095
1095, 1097
1097, 1099
1098, 1100
1100, 1102
1101, 1103
1103, 1105
1106, 1108
1108, 1110
1109, 1111
1111, 1113
1114, 1116
1117, 1119
1119, 1121
1120, 1122
1122, 1124
1123, 1125
1125, 1127
1128, 1130
1131, 1133
1134, 1136
1136, 1138
1138, 1140
1140, 1142
1142, 1144
1144, 1146
1146, 1148
1147, 1149
1149, 1151
1150, 1152
1152, 1154
1153, 1155
1155, 1157
1156, 1158
1158, 1160
1159, 1161
1161, 1163
1162, 1164
1164, 1166
1165, 1167
1167, 1169
1168, 1170
1170, 1172
1171, 1173
1173, 1175
1174, 1176
1176, 1178
1177, 1179
1179, 1181
1182, 1184
1185, 1187
1188, 1190
1190, 1192
1192, 1194
1193, 1195
1195, 1197
1196, 1198
1198, 1200
1199, 1201
1201, 1203
1202, 1204
1204, 1206
1207, 1209
1209, 1211
1212, 1214
1215, 1217
1217, 1219
1219, 1221
1222, 1224
1224, 1226
1226, 1228
1229, 1231
1231, 1233
1232, 1234
1234, 1236
1235, 1237
1237, 1239
1238, 1240
1240, 1242
1241, 1243
1243, 1245
1246, 1248
1248, 1250
1250, 1252
1251, 1253
1253, 1255
1254, 1256
1256, 1258
1259, 1261
1261, 1263
1262, 1264
1264, 1266
1267, 1269
1270, 1272
1272, 1274
1273, 1275
1275, 1277
1276, 1278
1278, 1280
1281, 1283
1284, 1286
1287, 1289
1289, 1291
1291, 1293
1293, 1295
1295, 1297
1297, 1299
1299, 1301
1300, 1302
1302, 1304
1303, 1305
1305, 1307
1306, 1308
1308, 1310
1309, 1311
1311, 1313
1312, 1314
1314, 1316
1315, 1317
1317, 1319
1318, 1320
1320, 1322
1321, 1323
1323, 1325
1324, 1326
1326, 1328
1327, 1329
1329, 1331
1330, 1332
1332, 1334
1335, 1337
1338, 1340
1341, 1343
1343, 1345
1345, 1347
1346, 1348
1348, 1350
1349, 1351
1351, 1353
1352, 1354
1354, 1356
1355, 1357
1357, 1359
1360, 1362
1362, 1364
1365, 1367
1368, 1370
1370, 1372
1372, 1374
1375, 1377
1377, 1379
1379, 1381
1382, 1384
1384, 1386
1385, 1387
1387, 1389
1388, 1390
1390, 1392
1391, 1393
1393, 1395
1394, 1396
1396, 1398
1399, 1401
1401, 1403
1403, 1405
1404, 1406
1406, 1408
1407, 1409
1409, 1411
1412, 1414
1414, 1416
1415, 1417
1417, 1419
1420, 1422
1423, 1425
1425, 1427
1426, 1428
1428, 1430
1429, 1431
1431, 1433
1434, 1436
1437, 1439
1440, 1442
1442, 1444
1444, 1446
1446, 1448
1448, 1450
1450, 1452
1452, 1454
1453, 1455
1455, 1457
1456, 1458
1458, 1460
1459, 1461
1461, 1463
1462, 1464
1464, 1466
1465, 1467
1467, 1469
1468, 1470
1470, 1472
1471, 1473
1473, 1475
1474, 1476
1476, 1478
1477, 1479
1479, 1481
1480, 1482
1482, 1484
1483, 1485
1485, 1487
1488, 1490
1491, 1493
1494, 1496
1496, 1498
1498, 1500
1499, 1501
1501, 1503
1502, 1504
1504, 1506
1505, 1507
1507, 1509
1508, 1510
1510, 1512
1513, 1515
1515, 1517
1518, 1520
1521, 1523
1523, 1525
1525, 1527
1528, 1530
1530, 1532
1532, 1534
1535, 1537
1537, 1539
1538, 1540
1540, 1542
1541, 1543
1543, 1545
1544, 1546
1546, 1548
1547, 1549
1549, 1551
1552, 1554
1554, 1556
1556, 1558
1557, 1559
1559, 1561
1560, 1562
1562, 1564
1565, 1567
1567, 1569
1568, 1570
1570, 1572
1573, 1575
1576, 1578
1578, 1580
1579, 1581
1581, 1583
1582, 1584
1584, 1586
1587, 1589
1590, 1592
1593, 1595
1595, 1597
1597, 1599
1599, 1601
1601, 1603
1603, 1605
1605, 1607
1606, 1608
1608, 1610
1609, 1611
1611, 1613
1612, 1614
1614, 1616
1615, 1617
1617, 1619
1618, 1620
1620, 1622
1621, 1623
1623, 1625
1624, 1626
1626, 1628
1627, 1629
1629, 1631
1630, 1632
1632, 1634
1633, 1635
1635, 1637
1636, 1638
1638, 1640
1641, 1643
1644, 1646
1647, 1649
1649, 1651
1651, 1653
1652, 1654
1654, 1656
1655, 1657
1657, 1659
1658, 1660
1660, 1662
1661, 1663
1663, 1665
1666, 1668
1668, 1670
1671, 1673
1674, 1676
1676, 1678
1678, 1680
1681, 1683
1683, 1685
1685, 1687
1688, 1690
1690, 1692
1691, 1693
1693, 1695
1694, 1696
1696, 1698
1697, 1699
1699, 1701
1700, 1702
1702, 1704
1705, 1707
1707, 1709
1709, 1711
1710, 1712
1712, 1714
1713, 1715
1715, 1717
1718, 1720
1720, 1722
1721, 1723
1723, 1725
1726, 1728
1729, 1731
1731, 1733
1732, 1734
1734, 1736
1735, 1737
1737, 1739
1740, 1742
1743, 1745
1746, 1748
1748, 1750
1750, 1752
1752, 1754
1754, 1756
1756, 1758
1758, 1760
1759, 1761
1761, 1763
1762, 1764
1764, 1766
1765, 1767
1767, 1769
1768, 1770
1770, 1772
1771, 1773
1773, 1775
1774, 1776
1776, 1778
1777, 1779
1779, 1781
1780, 1782
1782, 1784
1783, 1785
1785, 1787
1786, 1788
1788, 1790
1789, 1791
1791, 1793
1794, 1796
1797, 1799
1800, 1802
1802, 1804
1804, 1806
1805, 1807
1807, 1809
1808, 1810
1810, 1812
1811, 1813
1813, 1815
1814, 1816
1816, 1818
1819, 1821
1821, 1823
1824, 1826
1827, 1829
1829, 1831
1831, 1833
1834, 1836
1836, 1838
1838, 1840
1841, 1843
1843, 1845
1844, 1846
1846, 1848
1847, 1849
1849, 1851
1850, 1852
1852, 1854
1853, 1855
1855, 1857
1858, 1860
1860, 1862
1862, 1864
1863, 1865
1865, 1867
1866, 1868
1868, 1870
1871, 1873
1873, 1875
1874, 1876
1876, 1878
1879, 1881
1882, 1884
1884, 1886
1885, 1887
1887, 1889
1888, 1890
1890, 1892
1893, 1895
1896, 1898
1899, 1901
1901, 1903
1903, 1905
1905, 1907
1907, 1909
1909, 1911
1911, 1913
1912, 1914
1914, 1916
1915, 1917
1917, 1919
1918, 1920
1920, 1922
1921, 1923
1923, 1925
1924, 1926
1926, 1928
1927, 1929
1929, 1931
1930, 1932
1932, 1934
1933, 1935
1935, 1937
1936, 1938
1938, 1940
1939, 1941
1941, 1943
1942, 1944
1944, 1946
1947, 1949
1950, 1952
1953, 1955
1955, 1957
1957, 1959
1958, 1960
1960, 1962
1961, 1963
1963, 1965
1964, 1966
1966, 1968
1967, 1969
1969, 1971
1972, 1974
1974, 1976
1977, 1979
1980, 1982
1982, 1984
1984, 1986
1987, 1989
1989, 1991
1991, 1993
1994, 1996
1996, 1998
1997, 1999
1999, 2001
2000, 2002
2002, 2004
2003, 2005
2005, 2007
2006, 2008
2008, 2010
2011, 2013
2013, 2015
2015, 2017
2016, 2018
2018, 2020
2019, 2021
2021, 2023
2024, 2026
2026, 2028
2027, 2029
2029, 2031
2032, 2034
2035, 2037
2037, 2039
2038, 2040
2040, 2042
2041, 2043
2043, 2045
2046, 2048
2049, 2051
2052, 2054
2054, 2056
2056, 2058
2058, 2060
2060, 2062
2062, 2064
2064, 2066
2065, 2067
2067, 2069
2068, 2070
2070, 2072
2071, 2073
2073, 2075
2074, 2076
2076, 2078
2077, 2079
2079, 2081
2080, 2082
2082, 2084
2083, 2085
2085, 2087
2086, 2088
2088, 2090
2089, 2091
2091, 2093
2092, 2094
2094, 2096
2095, 2097
2097, 2099
2100, 2102
2103, 2105
2106, 2108
2108, 2110
2110, 2112
2111, 2113
2113, 2115
2114, 2116
2116, 2118
2117, 2119
2119, 2121
2120, 2122
2122, 2124
2125, 2127
2127, 2129
2130, 2132
2133, 2135
2135, 2137
2137, 2139
2140, 2142
2142, 2144
2144, 2146
2147, 2149
2149, 2151
2150, 2152
2152, 2154
2153, 2155
2155, 2157
2156, 2158
2158, 2160
2159, 2161
2161, 2163
2164, 2166
2166, 2168
2168, 2170
2169, 2171
2171, 2173
2172, 2174
2174, 2176
2177, 2179
2179, 2181
2180, 2182
2182, 2184
2185, 2187
2188, 2190
2190, 2192
2191, 2193
2193, 2195
2194, 2196
2196, 2198
2199, 2201
2202, 2204
2205, 2207
2207, 2209
2209, 2211
2211, 2213
2213, 2215
2215, 2217
2217, 2219
2218, 2220
2220, 2222
2221, 2223
2223, 2225
2224, 2226
2226, 2228
2227, 2229
2229, 2231
2230, 2232
2232, 2234
2233, 2235
2235, 2237
2236, 2238
2238, 2240
2239, 2241
2241, 2243
2242, 2244
2244, 2246
2245, 2247
2247, 2249
2248, 2250
2250, 2252
2253, 2255
2256, 2258
2259, 2261
2261, 2263
2263, 2265
2264, 2266
2266, 2268
2267, 2269
2269, 2271
2270, 2272
2272, 2274
2273, 2275
2275, 2277
2278, 2280
2280, 2282
2283, 2285
2286, 2288
2288, 2290
2290, 2292
2293, 2295
2295, 2297
2297, 2299
2300, 2302
2302, 2304
2303, 2305
2305, 2307
2306, 2308
2308, 2310
2309, 2311
2311, 2313
2312, 2314
2314, 2316
2317, 2319
2319, 2321
2321, 2323
2322, 2324
2324, 2326
2325, 2327
2327, 2329
2330, 2332
2332, 2334
2333, 2335
2335, 2337
2338, 2340
2341, 2343
2343, 2345
2344, 2346
2346, 2348
2347, 2349
2349, 2351
2352, 2354
2355, 2357
2358, 2360
2360, 2362
2362, 2364
2364, 2366
2366, 2368
2368, 2370
2370, 2372
2371, 2373
2373, 2375
2374, 2376
2376, 2378
2377, 2379
2379, 2381
2380, 2382
2382, 2384
2383, 2385
2385, 2387
2386, 2388
2388, 2390
2389, 2391
2391, 2393
2392, 2394
2394, 2396
2395, 2397
2397, 2399
2398, 2400
2400, 2402
2401, 2403
2403, 2405
2406, 2408
2409, 2411
2412, 2414
2414, 2416
2416, 2418
2417, 2419
2419, 2421
2420, 2422
2422, 2424
2423, 2425
2425, 2427
2426, 2428
2428, 2430
2431, 2433
2433, 2435
2436, 2438
2439, 2441
2441, 2443
2443, 2445
2446, 2448
2448, 2450
2450, 2452
2453, 2455
2455, 2457
2456, 2458
2458, 2460
2459, 2461
2461, 2463
2462, 2464
2464, 2466
2465, 2467
2467, 2469
2470, 2472
2472, 2474
2474, 2476
2475, 2477
2477, 2479
2478, 2480
2480, 2482
2483, 2485
2485, 2487
2486, 2488
2488, 2490
2491, 2493
2494, 2496
2496, 2498
2497, 2499
2499, 2501
2500, 2502
2502, 2504
2505, 2507
2508, 2510
2511, 2513
2513, 2515
2515, 2517
2517, 2519
2519, 2521
2521, 2523
2523, 2525
2524, 2526
2526, 2528
2527, 2529
2529, 2531
2530, 2532
2532, 2534
2533, 2535
2535, 2537
2536, 2538
2538, 2540
2539, 2541
2541, 2543
2542, 2544
2544, 2546
2545, 2547
2547, 2549
2548, 2550
2550, 2552
2551, 2553
2553, 2555
2554, 2556
2556, 2558
2559, 2561
2562, 2564
2565, 2567
2567, 2569
2569, 2571
2570, 2572
2572, 2574
2573, 2575
2575, 2577
2576, 2578
2578, 2580
2579, 2581
2581, 2583
2584, 2586
2586, 2588
2589, 2591
2592, 2594
2594, 2596
2596, 2598
2599, 2601
2601, 2603
2603, 2605
2606, 2608
2608, 2610
2609, 2611
2611, 2613
2612, 2614
2614, 2616
2615, 2617
2617, 2619
2618, 2620
2620, 2622
2623, 2625
2625, 2627
2627, 2629
2628, 2630
2630, 2632
2631, 2633
2633, 2635
2636, 2638
2638, 2640
2639, 2641
2641, 2643
2644, 2646
2647, 2649
2649, 2651
2650, 2652
2652, 2654
2653, 2655
2655, 2657
2658, 2660
2661, 2663
2664, 2666
2666, 2668
2668, 2670
2670, 2672
2672, 2674
2674, 2676
2676, 2678
2677, 2679
2679, 2681
2680, 2682
2682, 2684
2683, 2685
4, 7
9, 12
12, 15
19, 22
24, 27
41, 44
44, 47
47, 50
50, 53
53, 56
56, 59
59, 62
62, 65
65, 68
68, 71
71, 74
74, 77
79, 82
84, 87
87, 90
90, 93
93, 96
96, 99
99, 102
104, 107
107, 110
110, 113
113, 116
116, 119
121, 124
124, 127
129, 132
138, 141
141, 144
144, 147
147, 150
150, 153
161, 164
168, 171
171, 174
174, 177
177, 180
180, 183
183, 186
188, 191
195, 198
198, 201
201, 204
204, 207
207, 210
212, 215
215, 218
218, 221
221, 224
224, 227
227, 230
238, 241
243, 246
246, 249
249, 252
252, 255
255, 258
258, 261
261, 264
264, 267
267, 270
270, 273
273, 276
276, 279
279, 282
284, 287
289, 292
292, 295
295, 298
298, 301
301, 304
304, 307
307, 310
314, 317
317, 320
320, 323
323, 326
334, 337
340, 343
354, 357
357, 360
360, 363
363, 366
370, 373
373, 376
376, 379
379, 382
382, 385
385, 388
388, 391
391, 394
396, 399
399, 402
404, 407
407, 410
410, 413
415, 418
418, 421
421, 424
426, 429
429, 432
432, 435
435, 438
438, 441
441, 444
444, 447
453, 456
456, 459
459, 462
462, 465
465, 468
472, 475
475, 478
478, 481
485, 488
488, 491
491, 494
496, 499
499, 502
502, 505
507, 510
510, 513
513, 516
516, 519
519, 522
534, 537
537, 540
540, 543
543, 546
546, 549
549, 552
552, 555
555, 558
558, 561
561, 564
564, 567
567, 570
570, 573
573, 576
580, 583
583, 586
586, 589
589, 592
592, 595
597, 600
600, 603
607, 610
614, 617
619, 622
622, 625
625, 628
628, 631
631, 634
638, 641
641, 644
644, 647
649, 652
652, 655
655, 658
660, 663
663, 666
666, 669
669, 672
672, 675
687, 690
690, 693
693, 696
696, 699
699, 702
702, 705
705, 708
708, 711
711, 714
714, 717
717, 720
720, 723
723, 726
726, 729
733, 736
736, 739
739, 742
742, 745
745, 748
750, 753
753, 756
760, 763
767, 770
772, 775
775, 778
778, 781
781, 784
784, 787
791, 794
794, 797
797, 800
802, 805
805, 808
808, 811
813, 816
816, 819
819, 822
822, 825
825, 828
840, 843
843, 846
846, 849
849, 852
852, 855
855, 858
858, 861
861, 864
864, 867
867, 870
870, 873
873, 876
876, 879
879, 882
886, 889
889, 892
892, 895
895, 898
898, 901
903, 906
906, 909
913, 916
920, 923
925, 928
928, 931
931, 934
934, 937
937, 940
944, 947
947, 950
950, 953
955, 958
958, 961
961, 964
966, 969
969, 972
972, 975
975, 978
978, 981
993, 996
996, 999
999, 1002
1002, 1005
1005, 1008
1008, 1011
1011, 1014
1014, 1017
1017, 1020
1020, 1023
1023, 1026
1026, 1029
1029, 1032
1032, 1035
1039, 1042
1042, 1045
1045, 1048
1048, 1051
1051, 1054
1056, 1059
1059, 1062
1066, 1069
1073, 1076
1078, 1081
1081, 1084
1084, 1087
1087, 1090
1090, 1093
1097, 1100
1100, 1103
1103, 1106
1108, 1111
1111, 1114
1114, 1117
1119, 1122
1122, 1125
1125, 1128
1128, 1131
1131, 1134
1146, 1149
1149, 1152
1152, 1155
1155, 1158
1158, 1161
1161, 1164
1164, 1167
1167, 1170
1170, 1173
1173, 1176
1176, 1179
1179, 1182
1182, 1185
1185, 1188
1192, 1195
1195, 1198
1198, 1201
1201, 1204
1204, 1207
1209, 1212
1212, 1215
1219, 1222
1226, 1229
1231, 1234
1234, 1237
1237, 1240
1240, 1243
1243, 1246
1250, 1253
1253, 1256
1256, 1259
1261, 1264
1264, 1267
1267, 1270
1272, 1275
1275, 1278
1278, 1281
1281, 1284
1284, 1287
1299, 1302
1302, 1305
1305, 1308
1308, 1311
1311, 1314
1314, 1317
1317, 1320
1320, 1323
1323, 1326
1326, 1329
1329, 1332
1332, 1335
1335, 1338
1338, 1341
1345, 1348
1348, 1351
1351, 1354
1354, 1357
1357, 1360
1362, 1365
1365, 1368
1372, 1375
1379, 1382
1384, 1387
1387, 1390
1390, 1393
1393, 1396
1396, 1399
1403, 1406
1406, 1409
1409, 1412
1414, 1417
1417, 1420
1420, 1423
1425, 1428
1428, 1431
1431, 1434
1434, 1437
1437, 1440
1452, 1455
1455, 1458
1458, 1461
1461, 1464
1464, 1467
1467, 1470
1470, 1473
1473, 1476
1476, 1479
1479, 1482
1482, 1485
1485, 1488
1488, 1491
1491, 1494
1498, 1501
1501, 1504
1504, 1507
1507, 1510
1510, 1513
1515, 1518
1518, 1521
1525, 1528
1532, 1535
1537, 1540
1540, 1543
1543, 1546
1546, 1549
1549, 1552
1556, 1559
1559, 1562
1562, 1565
1567, 1570
1570, 1573
1573, 1576
1578, 1581
1581, 1584
1584, 1587
1587, 1590
1590, 1593
1605, 1608
1608, 1611
1611, 1614
1614, 1617
1617, 1620
1620, 1623
1623, 1626
1626, 1629
1629, 1632
1632, 1635
1635, 1638
1638, 1641
1641, 1644
1644, 1647
1651, 1654
1654, 1657
1657, 1660
1660, 1663
1663, 1666
1668, 1671
1671, 1674
1678, 1681
1685, 1688
1690, 1693
1693, 1696
1696, 1699
1699, 1702
1702, 1705
1709, 1712
1712, 1715
1715, 1718
1720, 1723
1723, 1726
1726, 1729
1731, 1734
1734, 1737
1737, 1740
1740, 1743
1743, 1746
1758, 1761
1761, 1764
1764, 1767
1767, 1770
1770, 1773
1773, 1776
1776, 1779
1779, 1782
1782, 1785
1785, 1788
1788, 1791
1791, 1794
1794, 1797
1797, 1800
1804, 1807
1807, 1810
1810, 1813
1813, 1816
1816, 1819
1821, 1824
1824, 1827
1831, 1834
1838, 1841
1843, 1846
1846, 1849
1849, 1852
1852, 1855
1855, 1858
1862, 1865
1865, 1868
1868, 1871
1873, 1876
1876, 1879
1879, 1882
1884, 1887
1887, 1890
1890, 1893
1893, 1896
1896, 1899
1911, 1914
1914, 1917
1917, 1920
1920, 1923
1923, 1926
1926, 1929
1929, 1932
1932, 1935
1935, 1938
1938, 1941
1941, 1944
1944, 1947
1947, 1950
1950, 1953
1957, 1960
1960, 1963
1963, 1966
1966, 1969
1969, 1972
1974, 1977
1977, 1980
1984, 1987
1991, 1994
1996, 1999
1999, 2002
2002, 2005
2005, 2008
2008, 2011
2015, 2018
2018, 2021
2021, 2024
2026, 2029
2029, 2032
2032, 2035
2037, 2040
2040, 2043
2043, 2046
2046, 2049
2049, 2052
2064, 2067
2067, 2070
2070, 2073
2073, 2076
2076, 2079
2079, 2082
2082, 2085
2085, 2088
2088, 2091
2091, 2094
2094, 2097
2097, 2100
2100, 2103
2103, 2106
2110, 2113
2113, 2116
2116, 2119
2119, 2122
2122, 2125
2127, 2130
2130, 2133
2137, 2140
2144, 2147
2149, 2152
2152, 2155
2155, 2158
2158, 2161
2161, 2164
2168, 2171
2171, 2174
2174, 2177
2179, 2182
2182, 2185
2185, 2188
2190, 2193
2193, 2196
2196, 2199
2199, 2202
2202, 2205
2217, 2220
2220, 2223
2223, 2226
2226, 2229
2229, 2232
2232, 2235
2235, 2238
2238, 2241
2241, 2244
2244, 2247
2247, 2250
2250, 2253
2253, 2256
2256, 2259
2263, 2266
2266, 2269
2269, 2272
2272, 2275
2275, 2278
2280, 2283
2283, 2286
2290, 2293
2297, 2300
2302, 2305
2305, 2308
2308, 2311
2311, 2314
2314, 2317
2321, 2324
2324, 2327
2327, 2330
2332, 2335
2335, 2338
2338, 2341
2343, 2346
2346, 2349
2349, 2352
2352, 2355
2355, 2358
2370, 2373
2373, 2376
2376, 2379
2379, 2382
2382, 2385
2385, 2388
2388, 2391
2391, 2394
2394, 2397
2397, 2400
2400, 2403
2403, 2406
2406, 2409
2409, 2412
2416, 2419
2419, 2422
2422, 2425
2425, 2428
2428, 2431
2433, 2436
2436, 2439
2443, 2446
2450, 2453
2455, 2458
2458, 2461
2461, 2464
2464, 2467
2467, 2470
2474, 2477
2477, 2480
2480, 2483
2485, 2488
2488, 2491
2491, 2494
2496, 2499
2499, 2502
2502, 2505
2505, 2508
2508, 2511
2523, 2526
2526, 2529
2529, 2532
2532, 2535
2535, 2538
2538, 2541
2541, 2544
2544, 2547
2547, 2550
2550, 2553
2553, 2556
2556, 2559
2559, 2562
2562, 2565
2569, 2572
2572, 2575
2575, 2578
2578, 2581
2581, 2584
2586, 2589
2589, 2592
2596, 2599
2603, 2606
2608, 2611
2611, 2614
2614, 2617
2617, 2620
2620, 2623
2627, 2630
2630, 2633
2633, 2636
2638, 2641
2641, 2644
2644, 2647
2649, 2652
2652, 2655
2655, 2658
2658, 2661
2661, 2664
2676, 2679
2679, 2682
2682, 2685
15, 19
29, 33
33, 37
37, 41
129, 133
132, 136
134, 138
153, 157
157, 161
164, 168
191, 195
234, 238
310, 314
328, 332
334, 338
336, 340
340, 344
342, 346
344, 348
346, 350
350, 354
366, 370
449, 453
468, 472
481, 485
522, 526
526, 530
530, 534
576, 580
603, 607
610, 614
634, 638
675, 679
679, 683
683, 687
729, 733
756, 760
763, 767
787, 791
828, 832
832, 836
836, 840
882, 886
909, 913
916, 920
940, 944
981, 985
985, 989
989, 993
1035, 1039
1062, 1066
1069, 1073
1093, 1097
1134, 1138
1138, 1142
1142, 1146
1188, 1192
1215, 1219
1222, 1226
1246, 1250
1287, 1291
1291, 1295
1295, 1299
1341, 1345
1368, 1372
1375, 1379
1399, 1403
1440, 1444
1444, 1448
1448, 1452
1494, 1498
1521, 1525
1528, 1532
1552, 1556
1593, 1597
1597, 1601
1601, 1605
1647, 1651
1674, 1678
1681, 1685
1705, 1709
1746, 1750
1750, 1754
1754, 1758
1800, 1804
1827, 1831
1834, 1838
1858, 1862
1899, 1903
1903, 1907
1907, 1911
1953, 1957
1980, 1984
1987, 1991
2011, 2015
2052, 2056
2056, 2060
2060, 2064
2106, 2110
2133, 2137
2140, 2144
2164, 2168
2205, 2209
2209, 2213
2213, 2217
2259, 2263
2286, 2290
2293, 2297
2317, 2321
2358, 2362
2362, 2366
2366, 2370
2412, 2416
2439, 2443
2446, 2450
2470, 2474
2511, 2515
2515, 2519
2519, 2523
2565, 2569
2592, 2596
2599, 2603
2623, 2627
2664, 2668
2668, 2672
2672, 2676
4, 9
12, 17
19, 24
24, 29
74, 79
79, 84
99, 104
116, 121
124, 129
129, 134
131, 136
150, 155
183, 188
207, 212
227, 232
238, 243
279, 284
284, 289
323, 328
340, 345
343, 348
345, 350
391, 396
399, 404
410, 415
421, 426
444, 449
465, 470
478, 483
480, 485
491, 496
502, 507
519, 524
573, 578
575, 580
592, 597
614, 619
644, 649
655, 660
672, 677
726, 731
728, 733
745, 750
767, 772
797, 802
808, 813
825, 830
879, 884
881, 886
898, 903
920, 925
950, 955
961, 966
978, 983
1032, 1037
1034, 1039
1051, 1056
1073, 1078
1103, 1108
1114, 1119
1131, 1136
1185, 1190
1187, 1192
1204, 1209
1226, 1231
1256, 1261
1267, 1272
1284, 1289
1338, 1343
1340, 1345
1357, 1362
1379, 1384
1409, 1414
1420, 1425
1437, 1442
1491, 1496
1493, 1498
1510, 1515
1532, 1537
1562, 1567
1573, 1578
1590, 1595
1644, 1649
1646, 1651
1663, 1668
1685, 1690
1715, 1720
1726, 1731
1743, 1748
1797, 1802
1799, 1804
1816, 1821
1838, 1843
1868, 1873
1879, 1884
1896, 1901
1950, 1955
1952, 1957
1969, 1974
1991, 1996
2021, 2026
2032, 2037
2049, 2054
2103, 2108
2105, 2110
2122, 2127
2144, 2149
2174, 2179
2185, 2190
2202, 2207
2256, 2261
2258, 2263
2275, 2280
2297, 2302
2327, 2332
2338, 2343
2355, 2360
2409, 2414
2411, 2416
2428, 2433
2450, 2455
2480, 2485
2491, 2496
2508, 2513
2562, 2567
2564, 2569
2581, 2586
2603, 2608
2633, 2638
2644, 2649
2661, 2666
44, 50
47, 53
50, 56
59, 65
65, 71
87, 93
93, 99
107, 113
132, 138
141, 147
155, 161
168, 174
174, 180
195, 201
198, 204
212, 218
221, 227
232, 238
243, 249
246, 252
249, 255
252, 258
261, 267
267, 273
273, 279
292, 298
295, 301
314, 320
328, 334
334, 340
340, 346
342, 348
344, 350
357, 363
373, 379
379, 385
385, 391
429, 435
435, 441
447, 453
453, 459
459, 465
472, 478
496, 502
510, 516
534, 540
543, 549
549, 555
555, 561
564, 570
580, 586
583, 589
619, 625
622, 628
649, 655
663, 669
687, 693
696, 702
702, 708
708, 714
717, 723
733, 739
736, 742
772, 778
775, 781
802, 808
816, 822
840, 846
849, 855
855, 861
861, 867
870, 876
886, 892
889, 895
925, 931
928, 934
955, 961
969, 975
993, 999
1002, 1008
1008, 1014
1014, 1020
1023, 1029
1039, 1045
1042, 1048
1078, 1084
1081, 1087
1108, 1114
1122, 1128
1146, 1152
1155, 1161
1161, 1167
1167, 1173
1176, 1182
1192, 1198
1195, 1201
1231, 1237
1234, 1240
1261, 1267
1275, 1281
1299, 1305
1308, 1314
1314, 1320
1320, 1326
1329, 1335
1345, 1351
1348, 1354
1384, 1390
1387, 1393
1414, 1420
1428, 1434
1452, 1458
1461, 1467
1467, 1473
1473, 1479
1482, 1488
1498, 1504
1501, 1507
1537, 1543
1540, 1546
1567, 1573
1581, 1587
1605, 1611
1614, 1620
1620, 1626
1626, 1632
1635, 1641
1651, 1657
1654, 1660
1690, 1696
1693, 1699
1720, 1726
1734, 1740
1758, 1764
1767, 1773
1773, 1779
1779, 1785
1788, 1794
1804, 1810
1807, 1813
1843, 1849
1846, 1852
1873, 1879
1887, 1893
1911, 1917
1920, 1926
1926, 1932
1932, 1938
1941, 1947
1957, 1963
1960, 1966
1996, 2002
1999, 2005
2026, 2032
2040, 2046
2064, 2070
2073, 2079
2079, 2085
2085, 2091
2094, 2100
2110, 2116
2113, 2119
2149, 2155
2152, 2158
2179, 2185
2193, 2199
2217, 2223
2226, 2232
2232, 2238
2238, 2244
2247, 2253
2263, 2269
2266, 2272
2302, 2308
2305, 2311
2332, 2338
2346, 2352
2370, 2376
2379, 2385
2385, 2391
2391, 2397
2400, 2406
2416, 2422
2419, 2425
2455, 2461
2458, 2464
2485, 2491
2499, 2505
2523, 2529
2532, 2538
2538, 2544
2544, 2550
2553, 2559
2569, 2575
2572, 2578
2608, 2614
2611, 2617
2638, 2644
2652, 2658
2676, 2682
12, 19
129, 136
131, 138
150, 157
161, 168
188, 195
227, 234
307, 314
343, 350
363, 370
465, 472
478, 485
519, 526
573, 580
600, 607
607, 614
631, 638
672, 679
726, 733
753, 760
760, 767
784, 791
825, 832
879, 886
906, 913
913, 920
937, 944
978, 985
1032, 1039
1059, 1066
1066, 1073
1090, 1097
1131, 1138
1185, 1192
1212, 1219
1219, 1226
1243, 1250
1284, 1291
1338, 1345
1365, 1372
1372, 1379
1396, 1403
1437, 1444
1491, 1498
1518, 1525
1525, 1532
1549, 1556
1590, 1597
1644, 1651
1671, 1678
1678, 1685
1702, 1709
1743, 1750
1797, 1804
1824, 1831
1831, 1838
1855, 1862
1896, 1903
1950, 1957
1977, 1984
1984, 1991
2008, 2015
2049, 2056
2103, 2110
2130, 2137
2137, 2144
2161, 2168
2202, 2209
2256, 2263
2283, 2290
2290, 2297
2314, 2321
2355, 2362
2409, 2416
2436, 2443
2443, 2450
2467, 2474
2508, 2515
2562, 2569
2589, 2596
2596, 2603
2620, 2627
2661, 2668
33, 41
71, 79
96, 104
113, 121
121, 129
153, 161
180, 188
204, 212
276, 284
320, 328
340, 348
342, 350
388, 396
396, 404
407, 415
418, 426
441, 449
488, 496
499, 507
526, 534
589, 597
641, 649
652, 660
679, 687
742, 750
794, 802
805, 813
832, 840
895, 903
947, 955
958, 966
985, 993
1048, 1056
1100, 1108
1111, 1119
1138, 1146
1201, 1209
1253, 1261
1264, 1272
1291, 1299
1354, 1362
1406, 1414
1417, 1425
1444, 1452
1507, 1515
1559, 1567
1570, 1578
1597, 1605
1660, 1668
1712, 1720
1723, 1731
1750, 1758
1813, 1821
1865, 1873
1876, 1884
1903, 1911
1966, 1974
2018, 2026
2029, 2037
2056, 2064
2119, 2127
2171, 2179
2182, 2190
2209, 2217
2272, 2280
2324, 2332
2335, 2343
2362, 2370
2425, 2433
2477, 2485
2488, 2496
2515, 2523
2578, 2586
2630, 2638
2641, 2649
2668, 2676
24, 33
44, 53
47, 56
104, 113
129, 138
171, 180
195, 204
212, 221
243, 252
246, 255
249, 258
292, 301
295, 304
432, 441
444, 453
510, 519
555, 564
580, 589
619, 628
663, 672
708, 717
733, 742
772, 781
816, 825
861, 870
886, 895
925, 934
969, 978
1014, 1023
1039, 1048
1078, 1087
1122, 1131
1167, 1176
1192, 1201
1231, 1240
1275, 1284
1320, 1329
1345, 1354
1384, 1393
1428, 1437
1473, 1482
1498, 1507
1537, 1546
1581, 1590
1626, 1635
1651, 1660
1690, 1699
1734, 1743
1779, 1788
1804, 1813
1843, 1852
1887, 1896
1932, 1941
1957, 1966
1996, 2005
2040, 2049
2085, 2094
2110, 2119
2149, 2158
2193, 2202
2238, 2247
2263, 2272
2302, 2311
2346, 2355
2391, 2400
2416, 2425
2455, 2464
2499, 2508
2544, 2553
2569, 2578
2608, 2617
2652, 2661
9, 19
74, 84
147, 157
224, 234
279, 289
304, 314
340, 350
360, 370
363, 373
462, 472
475, 485
570, 580
597, 607
628, 638
631, 641
723, 733
750, 760
781, 791
784, 794
876, 886
903, 913
934, 944
937, 947
1029, 1039
1056, 1066
1087, 1097
1090, 1100
1182, 1192
1209, 1219
1240, 1250
1243, 1253
1335, 1345
1362, 1372
1393, 1403
1396, 1406
1488, 1498
1515, 1525
1546, 1556
1549, 1559
1641, 1651
1668, 1678
1699, 1709
1702, 1712
1794, 1804
1821, 1831
1852, 1862
1855, 1865
1947, 1957
1974, 1984
2005, 2015
2008, 2018
2100, 2110
2127, 2137
2158, 2168
2161, 2171
2253, 2263
2280, 2290
2311, 2321
2314, 2324
2406, 2416
2433, 2443
2464, 2474
2467, 2477
2559, 2569
2586, 2596
2617, 2627
2620, 2630
93, 104
150, 161
227, 238
273, 284
323, 334
385, 396
396, 407
407, 418
418, 429
496, 507
519, 530
589, 600
649, 660
672, 683
742, 753
802, 813
825, 836
895, 906
955, 966
978, 989
1048, 1059
1108, 1119
1131, 1142
1201, 1212
1261, 1272
1284, 1295
1354, 1365
1414, 1425
1437, 1448
1507, 1518
1567, 1578
1590, 1601
1660, 1671
1720, 1731
1743, 1754
1813, 1824
1873, 1884
1896, 1907
1966, 1977
2026, 2037
2049, 2060
2119, 2130
2179, 2190
2202, 2213
2272, 2283
2332, 2343
2355, 2366
2425, 2436
2485, 2496
2508, 2519
2578, 2589
2638, 2649
2661, 2672
12, 24
29, 41
44, 56
59, 71
168, 180
183, 195
243, 255
246, 258
261, 273
292, 304
373, 385
429, 441
441, 453
543, 555
607, 619
696, 708
760, 772
849, 861
913, 925
1002, 1014
1066, 1078
1155, 1167
1219, 1231
1308, 1320
1372, 1384
1461, 1473
1525, 1537
1614, 1626
1678, 1690
1767, 1779
1831, 1843
1920, 1932
1984, 1996
2073, 2085
2137, 2149
2226, 2238
2290, 2302
2379, 2391
2443, 2455
2532, 2544
2596, 2608
71, 84
221, 234
276, 289
357, 370
360, 373
459, 472
472, 485
475, 488
567, 580
570, 583
628, 641
720, 733
723, 736
781, 794
873, 886
876, 889
934, 947
1026, 1039
1029, 1042
1087, 1100
1179, 1192
1182, 1195
1240, 1253
1332, 1345
1335, 1348
1393, 1406
1485, 1498
1488, 1501
1546, 1559
1638, 1651
1641, 1654
1699, 1712
1791, 1804
1794, 1807
1852, 1865
1944, 1957
1947, 1960
2005, 2018
2097, 2110
2100, 2113
2158, 2171
2250, 2263
2253, 2266
2311, 2324
2403, 2416
2406, 2419
2464, 2477
2556, 2569
2559, 2572
2617, 2630
93, 107
124, 138
147, 161
224, 238
320, 334
340, 354
418, 432
496, 510
649, 663
802, 816
955, 969
1108, 1122
1261, 1275
1414, 1428
1567, 1581
1720, 1734
1873, 1887
2026, 2040
2179, 2193
2332, 2346
2485, 2499
2638, 2652
9, 24
44, 59
180, 195
243, 258
246, 261
519, 534
549, 564
672, 687
702, 717
825, 840
855, 870
978, 993
1008, 1023
1131, 1146
1161, 1176
1284, 1299
1314, 1329
1437, 1452
1467, 1482
1590, 1605
1620, 1635
1743, 1758
1773, 1788
1896, 1911
1926, 1941
2049, 2064
2079, 2094
2202, 2217
2232, 2247
2355, 2370
2385, 2400
2508, 2523
2538, 2553
2661, 2676
71, 87
227, 243
273, 289
276, 292
304, 320
357, 373
472, 488
564, 580
567, 583
570, 586
717, 733
720, 736
723, 739
870, 886
873, 889
876, 892
1023, 1039
1026, 1042
1029, 1045
1176, 1192
1179, 1195
1182, 1198
1329, 1345
1332, 1348
1335, 1351
1482, 1498
1485, 1501
1488, 1504
1635, 1651
1638, 1654
1641, 1657
1788, 1804
1791, 1807
1794, 1810
1941, 1957
1944, 1960
1947, 1963
2094, 2110
2097, 2113
2100, 2116
2247, 2263
2250, 2266
2253, 2269
2400, 2416
2403, 2419
2406, 2422
2553, 2569
2556, 2572
2559, 2575
24, 41
121, 138
124, 141
204, 221
221, 238
323, 340
340, 357
418, 435
150, 168
243, 261
441, 459
516, 534
519, 537
589, 607
607, 625
669, 687
672, 690
742, 760
760, 778
822, 840
825, 843
895, 913
913, 931
975, 993
978, 996
1048, 1066
1066, 1084
1128, 1146
1131, 1149
1201, 1219
1219, 1237
1281, 1299
1284, 1302
1354, 1372
1372, 1390
1434, 1452
1437, 1455
1507, 1525
1525, 1543
1587, 1605
1590, 1608
1660, 1678
1678, 1696
1740, 1758
1743, 1761
1813, 1831
1831, 1849
1893, 1911
1896, 1914
1966, 1984
1984, 2002
2046, 2064
2049, 2067
2119, 2137
2137, 2155
2199, 2217
2202, 2220
2272, 2290
2290, 2308
2352, 2370
2355, 2373
2425, 2443
2443, 2461
2505, 2523
2508, 2526
2578, 2596
2596, 2614
2658, 2676
2661, 2679
224, 243
273, 292
564, 583
567, 586
570, 589
600, 619
717, 736
720, 739
723, 742
753, 772
870, 889
873, 892
876, 895
906, 925
1023, 1042
1026, 1045
1029, 1048
1059, 1078
1176, 1195
1179, 1198
1182, 1201
1212, 1231
1329, 1348
1332, 1351
1335, 1354
1365, 1384
1482, 1501
1485, 1504
1488, 1507
1518, 1537
1635, 1654
1638, 1657
1641, 1660
1671, 1690
1788, 1807
1791, 1810
1794, 1813
1824, 1843
1941, 1960
1944, 1963
1947, 1966
1977, 1996
2094, 2113
2097, 2116
2100, 2119
2130, 2149
2247, 2266
2250, 2269
2253, 2272
2283, 2302
2400, 2419
2403, 2422
2406, 2425
2436, 2455
2553, 2572
2556, 2575
2559, 2578
2589, 2608
24, 44
93, 113
121, 141
320, 340
334, 354
147, 168
513, 534
516, 537
519, 540
543, 564
607, 628
666, 687
669, 690
672, 693
696, 717
760, 781
819, 840
822, 843
825, 846
849, 870
913, 934
972, 993
975, 996
978, 999
1002, 1023
1066, 1087
1125, 1146
1128, 1149
1131, 1152
1155, 1176
1219, 1240
1278, 1299
1281, 1302
1284, 1305
1308, 1329
1372, 1393
1431, 1452
1434, 1455
1437, 1458
1461, 1482
1525, 1546
1584, 1605
1587, 1608
1590, 1611
1614, 1635
1678, 1699
1737, 1758
1740, 1761
1743, 1764
1767, 1788
1831, 1852
1890, 1911
1893, 1914
1896, 1917
1920, 1941
1984, 2005
2043, 2064
2046, 2067
2049, 2070
2073, 2094
2137, 2158
2196, 2217
2199, 2220
2202, 2223
2226, 2247
2290, 2311
2349, 2370
2352, 2373
2355, 2376
2379, 2400
2443, 2464
2502, 2523
2505, 2526
2508, 2529
2532, 2553
2596, 2617
2655, 2676
2658, 2679
2661, 2682
71, 93
221, 243
488, 510
564, 586
567, 589
597, 619
641, 663
717, 739
720, 742
750, 772
794, 816
870, 892
873, 895
903, 925
947, 969
1023, 1045
1026, 1048
1056, 1078
1100, 1122
1176, 1198
1179, 1201
1209, 1231
1253, 1275
1329, 1351
1332, 1354
1362, 1384
1406, 1428
1482, 1504
1485, 1507
1515, 1537
1559, 1581
1635, 1657
1638, 1660
1668, 1690
1712, 1734
1788, 1810
1791, 1813
1821, 1843
1865, 1887
1941, 1963
1944, 1966
1974, 1996
2018, 2040
2094, 2116
2097, 2119
2127, 2149
2171, 2193
2247, 2269
2250, 2272
2280, 2302
2324, 2346
2400, 2422
2403, 2425
2433, 2455
2477, 2499
2553, 2575
2556, 2578
2586, 2608
2630, 2652
334, 357
373, 396
418, 441
147, 171
180, 204
510, 534
513, 537
516, 540
519, 543
663, 687
666, 690
669, 693
672, 696
816, 840
819, 843
822, 846
825, 849
969, 993
972, 996
975, 999
978, 1002
1122, 1146
1125, 1149
1128, 1152
1131, 1155
1275, 1299
1278, 1302
1281, 1305
1284, 1308
1428, 1452
1431, 1455
1434, 1458
1437, 1461
1581, 1605
1584, 1608
1587, 1611
1590, 1614
1734, 1758
1737, 1761
1740, 1764
1743, 1767
1887, 1911
1890, 1914
1893, 1917
1896, 1920
2040, 2064
2043, 2067
2046, 2070
2049, 2073
2193, 2217
2196, 2220
2199, 2223
2202, 2226
2346, 2370
2349, 2373
2352, 2376
2355, 2379
2499, 2523
2502, 2526
2505, 2529
2508, 2532
2652, 2676
2655, 2679
2658, 2682
2661, 2685
113, 138
564, 589
589, 614
597, 622
600, 625
717, 742
742, 767
750, 775
753, 778
870, 895
895, 920
903, 928
906, 931
1023, 1048
1048, 1073
1056, 1081
1059, 1084
1176, 1201
1201, 1226
1209, 1234
1212, 1237
1329, 1354
1354, 1379
1362, 1387
1365, 1390
1482, 1507
1507, 1532
1515, 1540
1518, 1543
1635, 1660
1660, 1685
1668, 1693
1671, 1696
1788, 1813
1813, 1838
1821, 1846
1824, 1849
1941, 1966
1966, 1991
1974, 1999
1977, 2002
2094, 2119
2119, 2144
2127, 2152
2130, 2155
2247, 2272
2272, 2297
2280, 2305
2283, 2308
2400, 2425
2425, 2450
2433, 2458
2436, 2461
2553, 2578
2578, 2603
2586, 2611
2589, 2614
328, 354
44, 71
147, 174
510, 537
513, 540
516, 543
663, 690
666, 693
669, 696
816, 843
819, 846
822, 849
969, 996
972, 999
975, 1002
1122, 1149
1125, 1152
1128, 1155
1275, 1302
1278, 1305
1281, 1308
1428, 1455
1431, 1458
1434, 1461
1581, 1608
1584, 1611
1587, 1614
1734, 1761
1737, 1764
1740, 1767
1887, 1914
1890, 1917
1893, 1920
2040, 2067
2043, 2070
2046, 2073
2193, 2220
2196, 2223
2199, 2226
2346, 2373
2349, 2376
2352, 2379
2499, 2526
2502, 2529
2505, 2532
2652, 2679
2655, 2682
2658, 2685
113, 141
357, 385
597, 625
600, 628
750, 778
753, 781
903, 931
906, 934
1056, 1084
1059, 1087
1209, 1237
1212, 1240
1362, 1390
1365, 1393
1515, 1543
1518, 1546
1668, 1696
1671, 1699
1821, 1849
1824, 1852
1974, 2002
1977, 2005
2127, 2155
2130, 2158
2280, 2308
2283, 2311
2433, 2461
2436, 2464
2586, 2614
2589, 2617
12, 41
328, 357
459, 488
243, 273
320, 350
510, 540
513, 543
589, 619
663, 693
666, 696
742, 772
816, 846
819, 849
895, 925
969, 999
972, 1002
1048, 1078
1122, 1152
1125, 1155
1201, 1231
1275, 1305
1278, 1308
1354, 1384
1428, 1458
1431, 1461
1507, 1537
1581, 1611
1584, 1614
1660, 1690
1734, 1764
1737, 1767
1813, 1843
1887, 1917
1890, 1920
1966, 1996
2040, 2070
2043, 2073
2119, 2149
2193, 2223
2196, 2226
2272, 2302
2346, 2376
2349, 2379
2425, 2455
2499, 2529
2502, 2532
2578, 2608
2652, 2682
2655, 2685
273, 304
323, 354
441, 472
597, 628
750, 781
903, 934
1056, 1087
1209, 1240
1362, 1393
1515, 1546
1668, 1699
1821, 1852
1974, 2005
2127, 2158
2280, 2311
2433, 2464
2586, 2617
9, 41
12, 44
147, 180
510, 543
589, 622
663, 696
742, 775
816, 849
895, 928
969, 1002
1048, 1081
1122, 1155
1201, 1234
1275, 1308
1354, 1387
1428, 1461
1507, 1540
1581, 1614
1660, 1693
1734, 1767
1813, 1846
1887, 1920
1966, 1999
2040, 2073
2119, 2152
2193, 2226
2272, 2305
2346, 2379
2425, 2458
2499, 2532
2578, 2611
2652, 2685
113, 147
320, 354
323, 357
9, 44
589, 625
742, 778
895, 931
1048, 1084
1201, 1237
1354, 1390
1507, 1543
1660, 1696
1813, 1849
1966, 2002
2119, 2155
2272, 2308
2425, 2461
2578, 2614
320, 357
204, 243
357, 396
510, 549
589, 628
663, 702
742, 781
816, 855
895, 934
969, 1008
1048, 1087
1122, 1161
1201, 1240
1275, 1314
1354, 1393
1428, 1467
1507, 1546
1581, 1620
1660, 1699
1734, 1773
1813, 1852
1887, 1926
1966, 2005
2040, 2079
2119, 2158
2193, 2232
2272, 2311
2346, 2385
2425, 2464
2499, 2538
2578, 2617
549, 589
702, 742
855, 895
1008, 1048
1161, 1201
1314, 1354
1467, 1507
1620, 1660
1773, 1813
1926, 1966
2079, 2119
2232, 2272
2385, 2425
2538, 2578
71, 113
510, 555
663, 708
816, 861
969, 1014
1122, 1167
1275, 1320
1428, 1473
1581, 1626
1734, 1779
1887, 1932
2040, 2085
2193, 2238
2346, 2391
2499, 2544
543, 589
696, 742
849, 895
1002, 1048
1155, 1201
1308, 1354
1461, 1507
1614, 1660
1767, 1813
1920, 1966
2073, 2119
2226, 2272
2379, 2425
2532, 2578
273, 320
441, 488
496, 543
649, 696
802, 849
955, 1002
1108, 1155
1261, 1308
1414, 1461
1567, 1614
1720, 1767
1873, 1920
2026, 2073
2179, 2226
2332, 2379
2485, 2532
2638, 2685
221, 273
589, 641
742, 794
895, 947
1048, 1100
1201, 1253
1354, 1406
1507, 1559
1660, 1712
1813, 1865
1966, 2018
2119, 2171
2272, 2324
2425, 2477
2578, 2630
496, 549
649, 702
802, 855
955, 1008
1108, 1161
1261, 1314
1414, 1467
1567, 1620
1720, 1773
1873, 1926
2026, 2079
2179, 2232
2332, 2385
2485, 2538
510, 564
663, 717
816, 870
969, 1023
1122, 1176
1275, 1329
1428, 1482
1581, 1635
1734, 1788
1887, 1941
2040, 2094
2193, 2247
2346, 2400
2499, 2553
488, 543
641, 696
794, 849
947, 1002
1100, 1155
1253, 1308
1406, 1461
1559, 1614
1712, 1767
1865, 1920
2018, 2073
2171, 2226
2324, 2379
2477, 2532
2630, 2685
147, 204
204, 261
496, 555
649, 708
802, 861
955, 1014
1108, 1167
1261, 1320
1414, 1473
1567, 1626
1720, 1779
1873, 1932
2026, 2085
2179, 2238
2332, 2391
2485, 2544
243, 304
488, 549
641, 702
794, 855
947, 1008
1100, 1161
1253, 1314
1406, 1467
1559, 1620
1712, 1773
1865, 1926
2018, 2079
2171, 2232
2324, 2385
2477, 2538
9, 71
320, 385
113, 180
488, 555
641, 708
794, 861
947, 1014
1100, 1167
1253, 1320
1406, 1473
1559, 1626
1712, 1779
1865, 1932
2018, 2085
2171, 2238
2324, 2391
2477, 2544
496, 564
649, 717
802, 870
955, 1023
1108, 1176
1261, 1329
1414, 1482
1567, 1635
1720, 1788
1873, 1941
2026, 2094
2179, 2247
2332, 2400
2485, 2553
204, 273
418, 488
320, 396
488, 564
641, 717
794, 870
947, 1023
1100, 1176
1253, 1329
1406, 1482
1559, 1635
1712, 1788
1865, 1941
2018, 2094
2171, 2247
2324, 2400
2477, 2553
243, 320
510, 589
663, 742
816, 895
969, 1048
1122, 1201
1275, 1354
1428, 1507
1581, 1660
1734, 1813
1887, 1966
2040, 2119
2193, 2272
2346, 2425
2499, 2578
407, 488
221, 304
113, 204
496, 589
649, 742
802, 895
955, 1048
1108, 1201
1261, 1354
1414, 1507
1567, 1660
1720, 1813
1873, 1966
2026, 2119
2179, 2272
2332, 2425
2485, 2578
221, 320
204, 304
488, 589
641, 742
794, 895
947, 1048
1100, 1201
1253, 1354
1406, 1507
1559, 1660
1712, 1813
1865, 1966
2018, 2119
2171, 2272
2324, 2425
2477, 2578
204, 320
488, 641
641, 794
794, 947
947, 1100
1100, 1253
1253, 1406
1406, 1559
1559, 1712
1712, 1865
1865, 2018
2018, 2171
2171, 2324
2324, 2477
2477, 2630
204, 396
204, 407
204, 488
