0, 1
1, 2
2, 3
3, 4
4, 5
5, 6
6, 7
7, 8
8, 9
9, 10
10, 11
11, 12
12, 13
13, 14
14, 15
15, 16
16, 17
17, 18
18, 19
19, 20
20, 21
21, 22
22, 23
23, 24
24, 25
25, 26
26, 27
27, 28
28, 29
29, 30
30, 31
31, 32
32, 33
33, 34
34, 35
35, 36
36, 37
37, 38
38, 39
39, 40
40, 41
41, 42
42, 43
43, 44
44, 45
45, 46
46, 47
47, 48
48, 49
49, 50
50, 51
51, 52
52, 53
53, 54
54, 55
55, 56
56, 57
57, 58
58, 59
59, 60
60, 61
61, 62
62, 63
63, 64
64, 65
65, 66
66, 67
67, 68
68, 69
69, 70
70, 71
71, 72
72, 73
73, 74
74, 75
75, 76
76, 77
77, 78
78, 79
79, 80
80, 81
81, 82
82, 83
83, 84
84, 85
85, 86
86, 87
87, 88
88, 89
89, 90
90, 91
91, 92
92, 93
93, 94
94, 95
95, 96
96, 97
97, 98
98, 99
99, 100
100, 101
101, 102
102, 103
103, 104
104, 105
105, 106
106, 107
107, 108
108, 109
109, 110
110, 111
111, 112
112, 113
113, 114
114, 115
115, 116
116, 117
117, 118
118, 119
119, 120
120, 121
121, 122
122, 123
123, 124
124, 125
125, 126
126, 127
127, 128
128, 129
129, 130
130, 131
131, 132
132, 133
133, 134
134, 135
135, 136
136, 137
137, 138
138, 139
139, 140
140, 141
141, 142
142, 143
143, 144
144, 145
145, 146
146, 147
147, 148
148, 149
149, 150
150, 151
151, 152
152, 153
153, 154
154, 155
155, 156
156, 157
157, 158
158, 159
159, 160
160, 161
161, 162
162, 163
163, 164
164, 165
165, 166
166, 167
167, 168
168, 169
169, 170
170, 171
171, 172
172, 173
173, 174
174, 175
175, 176
176, 177
177, 178
178, 179
179, 180
180, 181
181, 182
182, 183
183, 184
184, 185
185, 186
186, 187
187, 188
188, 189
189, 190
190, 191
191, 192
192, 193
193, 194
194, 195
195, 196
196, 197
197, 198
198, 199
199, 200
200, 201
201, 202
202, 203
203, 204
204, 205
205, 206
206, 207
207, 208
208, 209
209, 210
210, 211
211, 212
212, 213
213, 214
214, 215
215, 216
216, 217
217, 218
218, 219
219, 220
220, 221
221, 222
222, 223
223, 224
224, 225
225, 226
226, 227
227, 228
228, 229
229, 230
230, 231
231, 232
232, 233
233, 234
234, 235
235, 236
236, 237
237, 238
238, 239
239, 240
240, 241
241, 242
242, 243
243, 244
244, 245
245, 246
246, 247
247, 248
248, 249
249, 250
250, 251
251, 252
252, 253
253, 254
254, 255
255, 256
256, 257
257, 258
258, 259
259, 260
260, 261
261, 262
262, 263
263, 264
264, 265
265, 266
266, 267
267, 268
268, 269
269, 270
270, 271
271, 272
272, 273
273, 274
274, 275
275, 276
276, 277
277, 278
278, 279
279, 280
280, 281
281, 282
282, 283
283, 284
284, 285
285, 286
286, 287
287, 288
288, 289
289, 290
290, 291
291, 292
292, 293
293, 294
294, 295
295, 296
296, 297
297, 298
298, 299
299, 300
300, 301
301, 302
302, 303
303, 304
304, 305
305, 306
306, 307
307, 308
308, 309
309, 310
310, 311
311, 312
312, 313
313, 314
314, 315
315, 316
316, 317
317, 318
318, 319
319, 320
320, 321
321, 322
322, 323
323, 324
324, 325
325, 326
326, 327
327, 328
328, 329
329, 330
330, 331
331, 332
332, 333
333, 334
334, 335
335, 336
336, 337
337, 338
338, 339
339, 340
340, 341
341, 342
342, 343
343, 344
344, 345
345, 346
346, 347
347, 348
348, 349
349, 350
350, 351
351, 352
352, 353
353, 354
354, 355
355, 356
356, 357
357, 358
358, 359
359, 360
360, 361
361, 362
362, 363
363, 364
364, 365
365, 366
366, 367
367, 368
368, 369
369, 370
370, 371
371, 372
372, 373
373, 374
374, 375
375, 376
376, 377
377, 378
378, 379
379, 380
380, 381
381, 382
382, 383
383, 384
384, 385
385, 386
386, 387
387, 388
388, 389
389, 390
390, 391
391, 392
392, 393
393, 394
394, 395
395, 396
396, 397
397, 398
398, 399
399, 400
400, 401
401, 402
402, 403
403, 404
404, 405
405, 406
406, 407
407, 408
408, 409
409, 410
410, 411
411, 412
412, 413
413, 414
414, 415
415, 416
416, 417
417, 418
418, 419
419, 420
420, 421
421, 422
422, 423
423, 424
424, 425
425, 426
426, 427
427, 428
428, 429
429, 430
430, 431
431, 432
432, 433
433, 434
434, 435
435, 436
436, 437
437, 438
438, 439
439, 440
440, 441
441, 442
442, 443
443, 444
444, 445
445, 446
446, 447
447, 448
448, 449
449, 450
450, 451
451, 452
452, 453
453, 454
454, 455
455, 456
456, 457
457, 458
458, 459
459, 460
460, 461
461, 462
462, 463
463, 464
464, 465
465, 466
466, 467
467, 468
468, 469
469, 470
470, 471
471, 472
472, 473
473, 474
474, 475
475, 476
476, 477
477, 478
478, 479
479, 480
480, 481
481, 482
482, 483
483, 484
484, 485
485, 486
486, 487
487, 488
488, 489
489, 490
490, 491
491, 492
492, 493
493, 494
494, 495
495, 496
496, 497
497, 498
498, 499
499, 500
500, 501
501, 502
502, 503
503, 504
504, 505
505, 506
506, 507
507, 508
508, 509
509, 510
510, 511
511, 512
512, 513
513, 514
514, 515
515, 516
516, 517
517, 518
518, 519
519, 520
520, 521
521, 522
522, 523
523, 524
524, 525
525, 526
526, 527
527, 528
528, 529
529, 530
530, 531
531, 532
532, 533
533, 534
534, 535
535, 536
536, 537
537, 538
538, 539
539, 540
540, 541
541, 542
542, 543
543, 544
544, 545
545, 546
546, 547
547, 548
548, 549
549, 550
550, 551
551, 552
552, 553
553, 554
554, 555
555, 556
556, 557
557, 558
558, 559
559, 560
560, 561
561, 562
562, 563
563, 564
564, 565
565, 566
566, 567
567, 568
568, 569
569, 570
570, 571
571, 572
572, 573
573, 574
574, 575
575, 576
576, 577
577, 578
578, 579
579, 580
580, 581
581, 582
582, 583
583, 584
584, 585
585, 586
586, 587
587, 588
588, 589
589, 590
590, 591
591, 592
592, 593
593, 594
594, 595
595, 596
596, 597
597, 598
598, 599
599, 600
600, 601
601, 602
602, 603
603, 604
604, 605
605, 606
606, 607
607, 608
608, 609
609, 610
610, 611
611, 612
612, 613
613, 614
614, 615
615, 616
616, 617
617, 618
618, 619
619, 620
620, 621
621, 622
622, 623
623, 624
624, 625
625, 626
626, 627
627, 628
628, 629
629, 630
630, 631
631, 632
632, 633
633, 634
634, 635
635, 636
636, 637
637, 638
638, 639
639, 640
640, 641
641, 642
642, 643
643, 644
644, 645
645, 646
646, 647
647, 648
648, 649
649, 650
650, 651
651, 652
652, 653
653, 654
654, 655
655, 656
656, 657
657, 658
658, 659
659, 660
660, 661
661, 662
662, 663
663, 664
664, 665
665, 666
666, 667
667, 668
668, 669
669, 670
670, 671
671, 672
672, 673
673, 674
674, 675
675, 676
676, 677
677, 678
678, 679
679, 680
680, 681
681, 682
682, 683
683, 684
684, 685
685, 686
686, 687
687, 688
688, 689
689, 690
690, 691
691, 692
692, 693
693, 694
694, 695
695, 696
696, 697
697, 698
0, 2
2, 4
4, 6
7, 9
9, 11
10, 12
12, 14
15, 17
17, 19
19, 21
22, 24
24, 26
27, 29
29, 31
31, 33
33, 35
35, 37
37, 39
39, 41
41, 43
42, 44
44, 46
45, 47
47, 49
48, 50
50, 52
51, 53
53, 55
54, 56
56, 58
57, 59
59, 61
60, 62
62, 64
63, 65
65, 67
66, 68
68, 70
69, 71
71, 73
72, 74
74, 76
77, 79
79, 81
82, 84
84, 86
85, 87
87, 89
88, 90
90, 92
91, 93
93, 95
94, 96
96, 98
99, 101
102, 104
104, 106
105, 107
107, 109
108, 110
110, 112
111, 113
113, 115
114, 116
116, 118
119, 121
121, 123
124, 126
127, 129
129, 131
132, 134
134, 136
136, 138
138, 140
139, 141
141, 143
142, 144
144, 146
145, 147
147, 149
148, 150
150, 152
153, 155
155, 157
157, 159
159, 161
161, 163
164, 166
166, 168
168, 170
169, 171
171, 173
172, 174
174, 176
175, 177
177, 179
178, 180
180, 182
181, 183
183, 185
186, 188
188, 190
191, 193
193, 195
195, 197
196, 198
198, 200
199, 201
201, 203
202, 204
204, 206
205, 207
207, 209
210, 212
212, 214
213, 215
215, 217
216, 218
218, 220
219, 221
221, 223
222, 224
224, 226
227, 229
230, 232
232, 234
234, 236
236, 238
238, 240
241, 243
243, 245
244, 246
246, 248
247, 249
249, 251
250, 252
252, 254
253, 255
255, 257
256, 258
258, 260
259, 261
261, 263
262, 264
264, 266
265, 267
267, 269
268, 270
270, 272
271, 273
273, 275
274, 276
276, 278
279, 281
282, 284
284, 286
287, 289
289, 291
290, 292
292, 294
293, 295
295, 297
296, 298
298, 300
299, 301
301, 303
302, 304
304, 306
305, 307
307, 309
310, 312
312, 314
314, 316
315, 317
317, 319
318, 320
320, 322
321, 323
323, 325
326, 328
328, 330
330, 332
332, 334
334, 336
336, 338
338, 340
340, 342
342, 344
344, 346
346, 348
348, 350
350, 352
352, 354
354, 356
355, 357
357, 359
358, 360
360, 362
363, 365
366, 368
368, 370
370, 372
371, 373
373, 375
374, 376
376, 378
377, 379
379, 381
380, 382
382, 384
383, 385
385, 387
386, 388
388, 390
391, 393
394, 396
396, 398
397, 399
399, 401
402, 404
404, 406
405, 407
407, 409
408, 410
410, 412
413, 415
415, 417
416, 418
418, 420
419, 421
421, 423
424, 426
426, 428
427, 429
429, 431
430, 432
432, 434
433, 435
435, 437
436, 438
438, 440
439, 441
441, 443
442, 444
444, 446
447, 449
449, 451
451, 453
453, 455
454, 456
456, 458
457, 459
459, 461
460, 462
462, 464
465, 467
468, 470
470, 472
472, 474
473, 475
475, 477
478, 480
481, 483
483, 485
485, 487
486, 488
488, 490
489, 491
491, 493
494, 496
496, 498
497, 499
499, 501
502, 504
505, 507
507, 509
508, 510
510, 512
511, 513
513, 515
516, 518
519, 521
522, 524
524, 526
526, 528
528, 530
530, 532
532, 534
534, 536
535, 537
537, 539
538, 540
540, 542
541, 543
543, 545
544, 546
546, 548
547, 549
549, 551
550, 552
552, 554
553, 555
555, 557
556, 558
558, 560
559, 561
561, 563
562, 564
564, 566
565, 567
567, 569
570, 572
573, 575
576, 578
578, 580
580, 582
581, 583
583, 585
584, 586
586, 588
587, 589
589, 591
590, 592
592, 594
595, 597
597, 599
600, 602
603, 605
605, 607
607, 609
610, 612
612, 614
614, 616
617, 619
619, 621
620, 622
622, 624
623, 625
625, 627
626, 628
628, 630
629, 631
631, 633
634, 636
636, 638
638, 640
639, 641
641, 643
642, 644
644, 646
647, 649
649, 651
650, 652
652, 654
655, 657
658, 660
660, 662
661, 663
663, 665
664, 666
666, 668
669, 671
672, 674
675, 677
677, 679
679, 681
681, 683
683, 685
685, 687
687, 689
688, 690
690, 692
691, 693
693, 695
694, 696
696, 698
4, 7
9, 12
12, 15
19, 22
24, 27
41, 44
44, 47
47, 50
50, 53
53, 56
56, 59
59, 62
62, 65
65, 68
68, 71
71, 74
74, 77
79, 82
84, 87
87, 90
90, 93
93, 96
96, 99
99, 102
104, 107
107, 110
110, 113
113, 116
116, 119
121, 124
124, 127
129, 132
138, 141
141, 144
144, 147
147, 150
150, 153
161, 164
168, 171
171, 174
174, 177
177, 180
180, 183
183, 186
188, 191
195, 198
198, 201
201, 204
204, 207
207, 210
212, 215
215, 218
218, 221
221, 224
224, 227
227, 230
238, 241
243, 246
246, 249
249, 252
252, 255
255, 258
258, 261
261, 264
264, 267
267, 270
270, 273
273, 276
276, 279
279, 282
284, 287
289, 292
292, 295
295, 298
298, 301
301, 304
304, 307
307, 310
314, 317
317, 320
320, 323
323, 326
334, 337
340, 343
354, 357
357, 360
360, 363
363, 366
370, 373
373, 376
376, 379
379, 382
382, 385
385, 388
388, 391
391, 394
396, 399
399, 402
404, 407
407, 410
410, 413
415, 418
418, 421
421, 424
426, 429
429, 432
432, 435
435, 438
438, 441
441, 444
444, 447
453, 456
456, 459
459, 462
462, 465
465, 468
472, 475
475, 478
478, 481
485, 488
488, 491
491, 494
496, 499
499, 502
502, 505
507, 510
510, 513
513, 516
516, 519
519, 522
534, 537
537, 540
540, 543
543, 546
546, 549
549, 552
552, 555
555, 558
558, 561
561, 564
564, 567
567, 570
570, 573
573, 576
580, 583
583, 586
586, 589
589, 592
592, 595
597, 600
600, 603
607, 610
614, 617
619, 622
622, 625
625, 628
628, 631
631, 634
638, 641
641, 644
644, 647
649, 652
652, 655
655, 658
660, 663
663, 666
666, 669
669, 672
672, 675
687, 690
690, 693
693, 696
15, 19
29, 33
33, 37
37, 41
129, 133
132, 136
134, 138
153, 157
157, 161
164, 168
191, 195
234, 238
310, 314
328, 332
334, 338
336, 340
340, 344
342, 346
344, 348
346, 350
350, 354
366, 370
449, 453
468, 472
481, 485
522, 526
526, 530
530, 534
576, 580
603, 607
610, 614
634, 638
675, 679
679, 683
683, 687
4, 9
12, 17
19, 24
24, 29
74, 79
79, 84
99, 104
116, 121
124, 129
129, 134
131, 136
150, 155
183, 188
207, 212
227, 232
238, 243
279, 284
284, 289
323, 328
340, 345
343, 348
345, 350
391, 396
399, 404
410, 415
421, 426
444, 449
465, 470
478, 483
480, 485
491, 496
502, 507
519, 524
573, 578
575, 580
592, 597
614, 619
644, 649
655, 660
672, 677
44, 50
47, 53
50, 56
59, 65
65, 71
87, 93
93, 99
107, 113
132, 138
141, 147
155, 161
168, 174
174, 180
195, 201
198, 204
212, 218
221, 227
232, 238
243, 249
246, 252
249, 255
252, 258
261, 267
267, 273
273, 279
292, 298
295, 301
314, 320
328, 334
334, 340
340, 346
342, 348
344, 350
357, 363
373, 379
379, 385
385, 391
429, 435
435, 441
447, 453
453, 459
459, 465
472, 478
496, 502
510, 516
534, 540
543, 549
549, 555
555, 561
564, 570
580, 586
583, 589
619, 625
622, 628
649, 655
663, 669
687, 693
12, 19
129, 136
131, 138
150, 157
161, 168
188, 195
227, 234
307, 314
343, 350
363, 370
465, 472
478, 485
519, 526
573, 580
600, 607
607, 614
631, 638
672, 679
33, 41
71, 79
96, 104
113, 121
121, 129
153, 161
180, 188
204, 212
276, 284
320, 328
340, 348
342, 350
388, 396
396, 404
407, 415
418, 426
441, 449
488, 496
499, 507
526, 534
589, 597
641, 649
652, 660
679, 687
24, 33
44, 53
47, 56
104, 113
129, 138
171, 180
195, 204
212, 221
243, 252
246, 255
249, 258
292, 301
295, 304
432, 441
444, 453
510, 519
555, 564
580, 589
619, 628
663, 672
9, 19
74, 84
147, 157
224, 234
279, 289
304, 314
340, 350
360, 370
363, 373
462, 472
475, 485
570, 580
597, 607
628, 638
631, 641
93, 104
150, 161
227, 238
273, 284
323, 334
385, 396
396, 407
407, 418
418, 429
496, 507
519, 530
589, 600
649, 660
672, 683
12, 24
29, 41
44, 56
59, 71
168, 180
183, 195
243, 255
246, 258
261, 273
292, 304
373, 385
429, 441
441, 453
543, 555
607, 619
71, 84
221, 234
276, 289
357, 370
360, 373
459, 472
472, 485
475, 488
567, 580
570, 583
628, 641
93, 107
124, 138
147, 161
224, 238
320, 334
340, 354
418, 432
496, 510
649, 663
9, 24
44, 59
180, 195
243, 258
246, 261
519, 534
549, 564
672, 687
71, 87
227, 243
273, 289
276, 292
304, 320
357, 373
472, 488
564, 580
567, 583
570, 586
24, 41
121, 138
124, 141
204, 221
221, 238
323, 340
340, 357
418, 435
150, 168
243, 261
441, 459
516, 534
519, 537
589, 607
607, 625
669, 687
672, 690
224, 243
273, 292
564, 583
567, 586
570, 589
600, 619
24, 44
93, 113
121, 141
320, 340
334, 354
147, 168
513, 534
516, 537
519, 540
543, 564
607, 628
666, 687
669, 690
672, 693
71, 93
221, 243
488, 510
564, 586
567, 589
597, 619
641, 663
334, 357
373, 396
418, 441
147, 171
180, 204
510, 534
513, 537
516, 540
519, 543
663, 687
666, 690
669, 693
672, 696
113, 138
564, 589
589, 614
597, 622
600, 625
328, 354
44, 71
147, 174
510, 537
513, 540
516, 543
663, 690
666, 693
669, 696
113, 141
357, 385
597, 625
600, 628
12, 41
328, 357
459, 488
243, 273
320, 350
510, 540
513, 543
589, 619
663, 693
666, 696
273, 304
323, 354
441, 472
597, 628
9, 41
12, 44
147, 180
510, 543
589, 622
663, 696
113, 147
320, 354
323, 357
9, 44
589, 625
320, 357
204, 243
357, 396
510, 549
589, 628
549, 589
71, 113
510, 555
543, 589
273, 320
441, 488
496, 543
649, 696
221, 273
589, 641
496, 549
510, 564
488, 543
641, 696
147, 204
204, 261
496, 555
243, 304
488, 549
9, 71
320, 385
113, 180
488, 555
496, 564
204, 273
418, 488
320, 396
488, 564
243, 320
510, 589
407, 488
221, 304
113, 204
496, 589
221, 320
204, 304
488, 589
204, 320
488, 641
204, 396
204, 407
204, 488
