7.399177379608281
4.82501566717402
-5.329032759667425
4.085730540357871
4.121554454588818
4.019377827172198
3.951971246973129
3.856064908070745
3.7618610803154255
3.641609236450894
3.548220822587533
3.5214851543898993
3.3888577772549473
3.2598642224595045
3.1128667153051026
3.034377735695726
2.977192982900827
2.8287367140015602
2.6987789777362283
2.570005117999384
2.54123346267481
2.420497776017499
2.2905840938203648
2.1961766856727367
2.149277220193933
2.0539399649714762
1.9629553329253153
1.8805201331507009
-2.7251468126544003
-2.690478564667837
-2.704599411956248
-2.6708011731519035
1.825622255044868
-2.6246193617836115
1.752238462509839
1.6821073149424415
1.6275075909294083
1.5746633364445457
-2.566862752252194
-2.499116450835141
-2.454529149902163
-2.4224287095806973
-2.339214025934119
1.527016244747229
1.3356487149779388
1.4845970140214408
1.4514550644610305
1.4282505046606992
1.415813894765068
0.9428034273186726
-2.2505529820839514
-2.142182261657113
-2.1596271199956445
-2.0675007324902963
0.7617610881661152
0.7277349384141398
0.7150263733904757
0.6963759619855452
-1.9782477323812946
-1.9547291768858706
-1.8926841517483342
0.6714990443543823
0.6451642208964918
0.6144470286388203
0.585743965817959
0.5687208693045696
0.5488651165030873
0.5205247184648758
-1.816022431992721
-0.2827163168157521
0.48656002184355746
0.4575030735203853
0.4260697860236016
0.40572811950735665
0.39144080828556427
-1.7484639993544284
-0.8274075181450606
-0.6679177220178023
-0.6492488165189625
-0.7352976429742576
-0.7015253867582332
-0.7816964558620815
0.35865978468931603
0.33231120347879994
0.29934412045929926
0.2730265227939413
0.24435296739945445
0.22946461560727305
-0.946227756124636
-0.9370348971457059
0.2139572745181189
-1.6938325887075456
-0.8834678523810087
0.18466972199937248
0.17294201541065038
-0.009295260966491433
0.15836311114672494
0.12855433733978153
0.012054443884211508
0.023371161777632342
0.03651103478616822
0.08076340880088027
0.060355739704628306
0.05729533424956614
0.10637231717476076
-1.0588722832898496
-1.6501939547060749
-1.6170668925626264
-1.6179888490081527
-1.1207355976191853
-1.175912820470455
-1.197237499795747
0.002715451459801095
0.002854233015091645
-1.2283157274075989
-1.2702050194866683
-1.593374184894761
-1.3057441588376402
-1.327301575433895
-1.3326612236791349
-1.575746873218304
-1.5640342017517914
-1.5619897502282656
-1.5522067168940785
-1.5442338608335884
-1.4712758388297833
-1.3524356060438514
-1.533901164220921
-1.5386394413758049
-1.0000000000000013
-1.0000000000000004
-1.528106600885567
-1.3669739069195606
-1.3749147827113033
-1.433123049570186
-1.3791674054008314
-1.387358272996044
-1.5308095979352097
-1.5267077365273167
-1.3940687462785442
-1.397272967487089
-1.400858439754048
-1.404358478726848
-1.4070641543859796
-1.4091899258510783
-1.4108035745253877
-1.4121937363057955
-1.413193872753225
-1.4138426855309263
-1.4141718395787473
