1.0
1.9999999999999996
2.170086486626033
2.5615528128088307
2.6286512817427528
3.1842800901390325
3.2404357915733906
3.3614687661858267
3.3752740153395075
3.6122476899617957
3.636474921960951
3.6890036719505943
3.694167772832836
4.063257001201874
4.090395730834589
4.14148191621687
4.145135837535712
4.668883633880232
4.694733967804428
4.738135742917208
4.740367470309674
4.804257908607081
4.807712142412969
4.813726836178095
4.8140361947478905
4.82370339897364
4.824257525539667
4.825234075414844
4.825284529182384
4.826895102088421
4.826989054123761
4.827155175730791
4.827163772492566
4.827439592550348
4.827455755433594
4.827484357059372
4.8274858378474494
4.828056498574162
4.828098277420643
4.828175092810849
4.828179172953297
4.829559982798325
4.829681869828236
4.829914963538038
4.829927673642775
4.835545818647699
4.836286136606798
4.837857325208214
4.837948964548884
4.910669497647882
4.917925985777363
4.930606918238765
4.931228449233532
5.067086143657731
5.073846107732681
5.085123021435617
5.085630081810335
5.214011380287456
5.219852053234618
5.2294097661592565
5.229812212413051
5.350602169758972
5.355750908235616
5.364039744218043
5.364368787655403
5.479268221860924
5.483886193353609
5.491213272965598
5.491488859106262
5.601698453745228
5.605893704039462
5.612463478375298
5.612698536125128
5.7190362502676475
5.722884341701768
5.728839186542721
5.72904252799844
5.832087076465644
5.8356432939395475
5.841086870858362
5.841264775229072
5.941443321761627
5.944749661863975
5.949760256428395
5.949917360420864
6.047557044670839
6.050646381410797
6.055284868616906
6.055424694719154
6.150783828421655
6.153682521165191
6.157997364270921
6.158122650695589
6.251410404528055
6.254140006197437
6.258170536533065
6.2582834525249975
6.349672786321181
6.352251206638593
6.356029858669883
6.356132150250354
6.445768612213366
6.448210936375669
6.451764820325503
6.4518579120200314
6.53986581440208
6.542184895593531
6.545536934381502
6.545622002088393
6.632108873363968
6.634315771963397
6.637485542451888
6.637563566806942
6.722623437414894
6.724727753347708
6.727732121384575
6.727803927596438
6.811519805331514
6.813529934115571
6.816383542347783
6.816449830434168
6.8988955996874335
6.900818932817959
6.9035345811899385
6.9035959492671966
6.98483785210805
6.986680936073823
6.989269882664186
6.9893268451212265
7.0694246532465215
7.071193317283294
7.073665519043598
7.0737185208900355
7.152726475218807
7.154425935083874
7.156790242577553
7.156839670890546
7.234807243873705
7.2364421869822095
7.238706503453827
7.238752696597098
7.315725217403736
7.317299873301582
7.319471285760808
7.319514540874121
7.395533713188617
7.397051912363322
7.39913680047721
7.399177379608281
7.474281714361231
7.475746937685453
7.477751064901369
7.4777892000631665
7.552014380067957
7.55342980065021
7.55535839096397
7.555394288333471
7.628773477885197
7.630141996714517
7.631999799746783
7.63203364317258
7.704597752762602
7.70592202924231
7.707713375721201
7.707745329670393
7.779523243791745
7.780805722034183
7.782534571349387
7.782564783396703
7.853583557764612
7.854826489346928
7.85649647051066
7.856525073451577
7.9268101066962
7.9280155704435575
7.929630017534775
7.929657131187554
7.999232315097242
8.000402234355803
8.001964217323215
8.001989950072577
8.070877801701496
8.072013959479232
8.073526311018679
8.073550761143437
8.141772539494964
8.142876591783786
8.144341930879298
8.14436518769896
8.211940997218406
8.213014484756968
8.214435237373387
8.21445738224148
8.281406264970688
8.282450623664705
8.283829040997471
8.283850148165852
8.350190166103731
8.351206736286123
8.352544910908062
8.352565048280624
8.418313357245111
8.419303391928898
8.420603272119005
8.420622501911708
8.485795417995716
8.486760090250337
8.488023492745809
8.48804187206577
8.552654931612466
8.553595341173374
8.55482396254891
8.554841543904494
8.618909557789912
8.619826736996615
8.621022163844776
8.621038995595674
8.684576098492474
8.685471017635585
8.686634735697638
8.686650862453254
8.749670557655545
8.750544129802742
8.751677532175886
8.75169299514888
8.814208195456047
8.815061280817055
8.816165675349385
8.816180512669956
8.878203577763177
8.879036987646122
8.880113603613225
8.880127850609368
8.941670621295241
8.942485121699598
8.943535115844588
8.943548805292112
9.0046226349425
9.005418949828343
9.006443411837306
9.006456574184085
9.067072357657283
9.067851171924984
9.06885112939964
9.068863792966452
9.129031993262567
9.129793955473604
9.130770378455647
9.130782569616674
9.190513242487885
9.191258967353676
9.192212772447704
9.19222451579319
9.251527332505304
9.252257403166896
9.25318945730458
9.253200775787365
9.312085044205158
9.312800014324992
9.313711138206788
9.313722053274876
9.372196737425604
9.372897133109092
9.373788104356336
9.373798636072625
9.431872374324145
9.432558695888702
9.433430251933785
9.433440419084857
9.491121541061126
9.491794264665396
9.49264710540686
9.492656925601679
9.549953467944075
9.55061304709159
9.551447837335793
9.551457327095214
9.608377048168343
9.609023915096483
9.609841286806331
9.609850461644937
9.666400855274553
9.66703542223938
9.667835976607645
9.667844851108233
9.724033159430544
9.724655819896743
9.725440129260905
9.725448717142307
9.781281942636223
9.781893072380148
9.782661681991632
9.782669996171116
9.7835070484346
9.78351623183099
9.783527785538045
9.7835279105215
9.783540498909147
9.783540637052724
