0, 2
1, 2
2, 5
3, 2
4, 4
5, 2
6, 7
7, 3
8, 3
9, 6
10, 3
11, 3
12, 19
13, 7
14, 7
15, 7
16, 7
17, 7
18, 7
19, 8
20, 4
21, 2
22, 5
23, 2
24, 6
25, 3
26, 3
27, 8
28, 4
29, 4
30, 4
31, 14
32, 6
33, 6
34, 6
35, 6
36, 6
37, 8
38, 2
39, 9
40, 4
41, 4
42, 4
43, 8
44, 2
45, 3
46, 4
47, 2
48, 8
49, 3
50, 3
51, 6
52, 3
53, 3
54, 14
55, 5
56, 5
57, 4
58, 5
59, 9
60, 3
61, 3
62, 7
63, 2
64, 5
65, 2
66, 6
67, 2
68, 12
69, 3
70, 3
71, 4
72, 4
73, 2
74, 10
75, 3
76, 3
77, 4
78, 6
79, 2
80, 4
81, 2
82, 7
83, 3
84, 3
85, 18
86, 7
87, 7
88, 7
89, 7
90, 7
91, 7
92, 20
93, 6
94, 6
95, 6
96, 5
97, 6
98, 9
99, 2
100, 4
101, 2
102, 6
103, 2
104, 7
105, 3
106, 3
107, 13
108, 3
109, 3
110, 5
111, 2
112, 11
113, 2
114, 4
115, 5
116, 3
117, 5
118, 2
119, 9
120, 2
121, 4
122, 2
123, 10
124, 2
125, 3
126, 13
127, 2
128, 3
129, 10
130, 2
131, 4
132, 2
133, 9
134, 2
135, 9
136, 2
137, 6
138, 2
139, 10
140, 2
141, 4
142, 2
143, 13
144, 3
145, 3
146, 23
147, 6
148, 6
149, 6
150, 6
151, 6
152, 12
153, 2
154, 3
155, 5
156, 2
157, 7
158, 2
159, 4
160, 2
161, 10
162, 3
163, 3
164, 5
165, 2
166, 13
167, 6
168, 6
169, 6
170, 5
171, 6
172, 8
173, 3
174, 3
175, 8
176, 4
177, 4
178, 4
179, 25
180, 7
181, 7
182, 7
183, 7
184, 7
185, 7
186, 12
187, 5
188, 7
189, 2
190, 6
191, 2
192, 8
193, 2
194, 9
195, 3
196, 3
197, 12
198, 5
199, 5
200, 5
201, 5
202, 9
203, 2
204, 3
205, 6
206, 3
207, 3
208, 10
209, 4
210, 4
211, 4
212, 7
213, 2
214, 4
215, 2
216, 16
217, 6
218, 6
219, 6
220, 6
221, 6
222, 9
223, 3
224, 3
225, 13
226, 5
227, 5
228, 5
229, 5
230, 9
231, 3
232, 3
233, 10
234, 3
235, 3
236, 6
237, 2
238, 5
239, 2
240, 8
241, 3
242, 3
243, 15
244, 5
245, 5
246, 5
247, 5
248, 7
249, 5
250, 2
251, 5
252, 2
253, 18
254, 6
255, 6
256, 6
257, 6
258, 6
259, 8
260, 5
261, 2
262, 5
263, 2
264, 10
265, 4
266, 4
267, 4
268, 8
269, 2
270, 3
271, 4
272, 2
273, 31
274, 8
275, 8
276, 8
277, 8
278, 8
279, 8
280, 8
281, 11
282, 6
283, 3
284, 6
285, 2
286, 7
287, 2
288, 16
289, 3
290, 3
291, 6
292, 6
293, 4
294, 6
295, 2
296, 7
297, 2
298, 10
299, 2
300, 4
301, 2
302, 12
303, 3
304, 3
305, 6
306, 3
307, 5
308, 2
309, 7
310, 3
311, 3
312, 15
313, 5
314, 5
315, 4
316, 5
317, 7
318, 3
319, 3
320, 10
321, 4
322, 4
323, 4
324, 6
325, 2
326, 7
327, 4
328, 4
329, 4
330, 15
331, 4
332, 4
333, 4
334, 6
335, 2
336, 5
337, 2
338, 6
339, 3
340, 3
341, 8
342, 4
343, 4
344, 4
345, 18
346, 4
347, 4
348, 4
349, 5
350, 4
351, 2
352, 6
353, 3
354, 3
355, 10
356, 3
357, 3
358, 5
359, 2
360, 7
361, 3
362, 3
363, 9
364, 3
365, 3
366, 5
367, 2
368, 14
369, 4
370, 4
371, 4
372, 6
373, 2
374, 5
375, 2
376, 7
377, 3
378, 3
379, 6
380, 2
381, 4
382, 2
383, 12
384, 4
385, 4
386, 4
387, 6
388, 2
389, 9
390, 3
391, 3
392, 4
393, 4
394, 2
395, 8
396, 4
397, 4
398, 4
399, 29
400, 6
401, 6
402, 6
403, 6
404, 6
405, 15
406, 3
407, 3
408, 7
409, 4
410, 6
411, 2
412, 6
413, 2
414, 13
415, 3
416, 3
417, 5
418, 2
419, 6
420, 3
421, 3
422, 10
423, 4
424, 4
425, 4
426, 16
427, 5
428, 5
429, 4
430, 5
431, 9
432, 3
433, 3
434, 5
435, 2
436, 7
437, 3
438, 3
439, 18
440, 5
441, 4
442, 4
443, 5
444, 6
445, 2
446, 6
447, 2
448, 4
449, 2
450, 12
451, 4
452, 4
453, 4
454, 6
455, 2
456, 12
457, 4
458, 4
459, 4
460, 6
461, 2
462, 9
463, 2
464, 6
465, 4
466, 6
467, 2
468, 6
469, 2
470, 12
471, 4
472, 3
473, 4
474, 6
475, 3
476, 3
477, 16
478, 4
479, 4
480, 4
481, 6
482, 2
483, 8
484, 3
485, 3
486, 4
487, 4
488, 2
489, 10
490, 4
491, 4
492, 4
493, 7
494, 3
495, 3
496, 16
497, 4
498, 4
499, 4
500, 9
501, 2
502, 6
503, 2
504, 7
505, 2
506, 4
507, 2
508, 9
509, 3
510, 3
511, 9
512, 4
513, 4
514, 4
515, 19
516, 5
517, 5
518, 5
519, 5
520, 7
521, 2
522, 9
523, 5
524, 5
525, 4
526, 5
527, 7
528, 3
529, 3
530, 25
531, 6
532, 6
533, 6
534, 5
535, 6
536, 10
537, 2
538, 3
539, 5
540, 2
541, 5
542, 2
543, 10
544, 3
545, 3
546, 5
547, 2
548, 6
549, 3
550, 3
551, 12
552, 4
553, 4
554, 4
555, 6
556, 2
557, 8
558, 3
559, 3
560, 5
561, 2
562, 9
563, 3
564, 3
565, 5
566, 2
567, 6
568, 3
569, 3
570, 14
571, 5
572, 5
573, 5
574, 5
575, 12
576, 5
577, 5
578, 5
579, 5
580, 10
581, 3
582, 3
583, 5
584, 2
585, 6
586, 3
587, 3
588, 12
589, 5
590, 5
591, 5
592, 5
593, 20
594, 5
595, 5
596, 5
597, 5
598, 8
599, 2
600, 5
601, 2
602, 8
603, 3
604, 3
605, 5
606, 2
607, 14
608, 4
609, 4
610, 4
611, 5
612, 4
613, 2
614, 10
615, 3
616, 3
617, 7
618, 2
619, 3
620, 7
621, 2
622, 3
623, 12
624, 3
625, 3
626, 9
627, 2
628, 3
629, 7
630, 2
631, 3
632, 7
633, 2
634, 3
635, 11
636, 3
637, 3
638, 6
639, 2
640, 4
641, 2
642, 21
643, 5
644, 5
645, 5
646, 5
647, 8
648, 2
649, 4
650, 2
651, 9
652, 3
653, 3
654, 4
655, 4
656, 2
657, 8
658, 4
659, 4
660, 4
661, 11
662, 4
663, 4
664, 4
665, 6
666, 2
667, 6
668, 3
669, 3
670, 14
671, 5
672, 5
673, 5
674, 5
675, 11
676, 4
677, 3
678, 4
679, 6
680, 3
681, 3
682, 9
683, 4
684, 4
685, 4
686, 13
687, 4
688, 4
689, 4
690, 6
691, 2
692, 6
693, 3
694, 3
695, 10
696, 4
697, 4
698, 4
699, 6
700, 2
701, 19
702, 5
703, 5
704, 5
705, 5
706, 6
707, 4
708, 2
709, 6
710, 3
711, 3
712, 17
713, 6
714, 6
715, 5
716, 5
717, 6
718, 6
719, 2
720, 7
721, 2
722, 3
723, 7
724, 2
725, 3
726, 4
727, 2
728, 21
729, 7
730, 7
731, 7
732, 7
733, 6
734, 7
735, 11
736, 2
737, 4
738, 5
739, 2
740, 5
741, 2
742, 12
743, 4
744, 4
745, 4
746, 8
747, 3
748, 3
749, 7
750, 3
751, 3
752, 14
753, 5
754, 5
755, 5
756, 5
757, 6
758, 4
759, 2
760, 9
761, 4
762, 4
763, 4
764, 5
765, 4
766, 2
767, 26
768, 10
769, 10
770, 10
771, 10
772, 10
773, 10
774, 10
775, 10
776, 10
777, 13
778, 2
779, 6
780, 2
781, 4
782, 2
783, 10
784, 4
785, 3
786, 4
787, 6
788, 3
789, 3
790, 16
791, 6
792, 6
793, 6
794, 6
795, 6
796, 8
797, 2
798, 9
799, 4
800, 4
801, 4
802, 7
803, 3
804, 3
805, 9
806, 3
807, 3
808, 5
809, 2
810, 6
811, 2
812, 4
813, 2
814, 15
815, 5
816, 5
817, 5
818, 5
819, 11
820, 3
821, 3
822, 5
823, 2
824, 8
825, 3
826, 3
827, 10
828, 3
829, 3
830, 5
831, 2
832, 6
833, 3
834, 3
835, 17
836, 5
837, 5
838, 5
839, 5
840, 9
841, 2
842, 6
843, 2
844, 7
845, 2
846, 4
847, 2
848, 11
849, 3
850, 3
851, 4
852, 4
853, 2
854, 15
855, 6
856, 6
857, 6
858, 6
859, 6
860, 8
861, 2
862, 9
863, 6
864, 6
865, 6
866, 6
867, 6
868, 25
869, 6
870, 6
871, 6
872, 6
873, 6
874, 8
875, 5
876, 2
877, 5
878, 2
879, 16
880, 5
881, 5
882, 4
883, 5
884, 8
885, 2
886, 3
887, 6
888, 2
889, 4
890, 2
891, 9
892, 4
893, 4
894, 4
895, 19
896, 5
897, 5
898, 4
899, 5
900, 11
901, 2
902, 3
903, 5
904, 2
905, 5
906, 2
907, 9
908, 2
909, 3
910, 7
911, 2
912, 3
913, 4
914, 2
915, 10
916, 3
917, 3
918, 6
919, 2
920, 4
921, 2
922, 12
923, 4
924, 4
925, 4
926, 9
927, 3
928, 3
929, 5
930, 2
931, 7
932, 3
933, 3
934, 13
935, 4
936, 4
937, 4
938, 6
939, 2
940, 11
941, 4
942, 4
943, 4
944, 8
945, 2
946, 5
947, 2
948, 8
949, 2
950, 3
951, 4
952, 2
953, 11
954, 4
955, 4
956, 4
957, 9
958, 3
959, 3
960, 5
961, 2
962, 8
963, 3
964, 3
965, 5
966, 2
967, 17
968, 5
969, 5
970, 4
971, 5
972, 7
973, 3
974, 3
975, 9
976, 4
977, 4
978, 4
979, 8
980, 3
981, 3
982, 6
983, 2
984, 4
985, 2
986, 15
987, 5
988, 5
989, 5
990, 5
991, 11
992, 3
993, 3
994, 4
995, 6
996, 2
997, 4
998, 2
999, 9
1000, 2
1001, 4
1002, 5
1003, 2
1004, 5
1005, 2
1006, 19
1007, 5
1008, 5
1009, 5
1010, 5
1011, 7
1012, 2
1013, 10
1014, 5
1015, 5
1016, 5
1017, 5
1018, 8
1019, 3
1020, 3
1021, 9
1022, 3
1023, 3
1024, 6
1025, 2
1026, 5
1027, 2
1028, 17
1029, 5
1030, 5
1031, 5
1032, 5
1033, 7
1034, 2
1035, 10
1036, 2
1037, 6
1038, 4
1039, 6
1040, 2
1041, 6
1042, 2
1043, 10
1044, 3
1045, 3
1046, 10
1047, 4
1048, 4
1049, 4
1050, 6
1051, 2
1052, 12
1053, 5
1054, 5
1055, 5
1056, 5
1057, 9
1058, 3
1059, 3
1060, 6
1061, 3
1062, 3
1063, 11
1064, 3
1065, 3
1066, 5
1067, 2
1068, 8
1069, 2
1070, 3
1071, 4
1072, 2
1073, 7
1074, 3
1075, 3
1076, 16
1077, 5
1078, 5
1079, 5
1080, 5
1081, 14
1082, 3
1083, 3
1084, 6
1085, 2
1086, 6
1087, 2
1088, 5
1089, 2
1090, 11
1091, 2
1092, 5
1093, 3
1094, 5
1095, 2
1096, 11
1097, 2
1098, 3
1099, 6
1100, 2
1101, 4
1102, 2
1103, 7
1104, 2
1105, 4
1106, 2
1107, 14
1108, 3
1109, 3
1110, 4
1111, 4
1112, 2
1113, 8
1114, 3
1115, 3
1116, 6
1117, 2
1118, 5
1119, 2
1120, 15
1121, 5
1122, 5
1123, 4
1124, 5
1125, 9
1126, 2
1127, 4
1128, 2
1129, 6
1130, 2
1131, 7
1132, 3
1133, 3
1134, 22
1135, 8
1136, 8
1137, 8
1138, 8
1139, 7
1140, 7
1141, 8
1142, 8
1143, 2
1144, 9
1145, 2
1146, 5
1147, 3
1148, 5
1149, 2
1150, 8
1151, 3
1152, 3
1153, 23
1154, 9
1155, 9
1156, 9
1157, 9
1158, 9
1159, 9
1160, 9
1161, 9
1162, 11
1163, 2
1164, 8
1165, 2
1166, 5
1167, 3
1168, 5
1169, 2
1170, 10
1171, 4
1172, 3
1173, 4
1174, 8
1175, 3
1176, 3
1177, 7
1178, 2
1179, 4
1180, 2
1181, 7
1182, 2
1183, 4
1184, 2
1185, 14
1186, 6
1187, 6
1188, 6
1189, 6
1190, 6
1191, 8
1192, 2
1193, 23
1194, 7
1195, 7
1196, 7
1197, 7
1198, 7
1199, 7
1200, 11
1201, 2
1202, 5
1203, 2
1204, 8
1205, 2
1206, 5
1207, 2
1208, 5
1209, 2
1210, 16
1211, 5
1212, 5
1213, 5
1214, 5
1215, 7
1216, 2
1217, 8
1218, 2
1219, 3
1220, 8
1221, 2
1222, 3
1223, 4
1224, 2
1225, 8
1226, 3
1227, 3
1228, 12
1229, 5
1230, 5
1231, 5
1232, 5
1233, 19
1234, 6
1235, 6
1236, 5
1237, 5
1238, 6
1239, 9
1240, 2
1241, 4
1242, 2
1243, 8
1244, 2
1245, 4
1246, 2
1247, 7
1248, 2
1249, 4
1250, 2
1251, 9
1252, 3
1253, 3
1254, 12
1255, 3
1256, 3
1257, 6
1258, 3
1259, 5
1260, 2
1261, 7
1262, 3
1263, 3
1264, 13
1265, 5
1266, 5
1267, 5
1268, 5
1269, 7
1270, 2
1271, 11
1272, 4
1273, 4
1274, 4
1275, 7
1276, 2
1277, 5
1278, 2
1279, 13
1280, 3
1281, 3
1282, 5
1283, 2
1284, 6
1285, 2
1286, 6
1287, 2
1288, 5
1289, 2
1290, 11
1291, 2
1292, 3
1293, 4
1294, 2
1295, 6
1296, 2
1297, 4
1298, 2
1299, 10
1300, 2
1301, 3
1302, 5
1303, 2
1304, 4
1305, 2
1306, 21
1307, 6
1308, 6
1309, 6
1310, 6
1311, 6
1312, 10
1313, 2
1314, 5
1315, 2
1316, 8
1317, 2
1318, 3
1319, 4
1320, 2
1321, 22
1322, 6
1323, 6
1324, 6
1325, 6
1326, 6
1327, 11
1328, 2
1329, 4
1330, 2
1331, 10
1332, 2
1333, 6
1334, 4
1335, 6
1336, 2
1337, 6
1338, 2
1339, 12
1340, 3
1341, 3
1342, 6
1343, 3
1344, 3
1345, 20
1346, 5
1347, 4
1348, 4
1349, 5
1350, 6
1351, 2
1352, 5
1353, 2
1354, 9
1355, 2
1356, 3
1357, 4
1358, 2
1359, 7
1360, 2
1361, 4
1362, 2
1363, 10
1364, 3
1365, 3
1366, 6
1367, 2
1368, 5
1369, 2
1370, 13
1371, 4
1372, 4
1373, 4
1374, 8
1375, 3
1376, 3
1377, 5
1378, 2
1379, 9
1380, 4
1381, 4
1382, 4
1383, 10
1384, 4
1385, 4
1386, 4
1387, 14
1388, 3
1389, 3
1390, 6
1391, 3
1392, 5
1393, 2
1394, 7
1395, 2
1396, 5
1397, 2
1398, 9
1399, 2
1400, 3
1401, 5
1402, 2
1403, 4
1404, 2
1405, 9
1406, 2
1407, 3
1408, 7
1409, 2
1410, 5
1411, 3
1412, 5
1413, 2
1414, 21
1415, 4
1416, 4
1417, 4
1418, 7
1419, 2
1420, 6
1421, 2
1422, 4
1423, 2
1424, 13
1425, 3
1426, 3
1427, 5
1428, 2
1429, 5
1430, 2
1431, 8
1432, 2
1433, 3
1434, 5
1435, 2
1436, 6
1437, 2
1438, 4
1439, 2
1440, 13
1441, 3
1442, 3
1443, 5
1444, 2
1445, 7
1446, 3
1447, 3
1448, 6
1449, 3
1450, 3
1451, 12
1452, 3
1453, 3
1454, 4
1455, 4
1456, 2
1457, 18
1458, 5
1459, 4
1460, 4
1461, 5
1462, 7
1463, 2
1464, 6
1465, 2
1466, 7
1467, 2
1468, 4
1469, 2
1470, 17
1471, 5
1472, 5
1473, 4
1474, 5
1475, 7
1476, 3
1477, 3
1478, 14
1479, 3
1480, 3
1481, 4
1482, 4
1483, 2
1484, 9
1485, 2
1486, 5
1487, 3
1488, 5
1489, 2
1490, 9
1491, 2
1492, 3
1493, 6
1494, 3
1495, 3
1496, 11
1497, 3
1498, 3
1499, 5
1500, 2
1501, 13
1502, 3
1503, 3
1504, 6
1505, 3
1506, 5
1507, 2
1508, 11
1509, 2
1510, 4
1511, 5
1512, 3
1513, 5
1514, 2
1515, 9
1516, 3
1517, 3
1518, 21
1519, 6
1520, 5
1521, 5
1522, 5
1523, 6
1524, 5
1525, 2
1526, 10
1527, 4
1528, 4
1529, 4
1530, 6
1531, 2
1532, 10
1533, 4
1534, 4
1535, 4
1536, 9
1537, 2
1538, 4
1539, 5
1540, 2
1541, 5
1542, 2
1543, 14
1544, 4
1545, 4
1546, 4
1547, 6
1548, 2
1549, 7
1550, 3
1551, 3
1552, 5
1553, 2
1554, 17
1555, 6
1556, 5
1557, 5
1558, 5
1559, 6
1560, 5
1561, 2
1562, 9
1563, 5
1564, 5
1565, 5
1566, 5
1567, 10
1568, 4
1569, 3
1570, 4
1571, 6
1572, 3
1573, 3
1574, 21
1575, 6
1576, 6
1577, 6
1578, 6
1579, 6
1580, 13
1581, 4
1582, 4
1583, 4
1584, 6
1585, 2
1586, 7
1587, 3
1588, 3
1589, 6
1590, 2
1591, 4
1592, 2
1593, 11
1594, 4
1595, 4
1596, 4
1597, 6
1598, 2
1599, 19
1600, 5
1601, 5
1602, 5
1603, 5
1604, 8
1605, 2
1606, 5
1607, 2
1608, 10
1609, 4
1610, 3
1611, 4
1612, 9
1613, 2
1614, 5
1615, 3
1616, 5
1617, 2
1618, 8
1619, 3
1620, 3
1621, 15
1622, 4
1623, 4
1624, 4
1625, 6
1626, 2
1627, 7
1628, 4
1629, 4
1630, 4
1631, 14
1632, 4
1633, 4
1634, 4
1635, 8
1636, 2
1637, 3
1638, 4
1639, 2
1640, 8
1641, 3
1642, 3
1643, 8
1644, 3
1645, 3
1646, 5
1647, 2
1648, 13
1649, 4
1650, 4
1651, 4
1652, 6
1653, 2
1654, 8
1655, 4
1656, 4
1657, 4
1658, 7
1659, 2
1660, 4
1661, 2
1662, 20
1663, 5
1664, 4
1665, 4
1666, 5
1667, 6
1668, 2
1669, 6
1670, 2
1671, 5
1672, 2
1673, 10
1674, 2
1675, 3
1676, 7
1677, 2
1678, 3
1679, 7
1680, 3
1681, 3
1682, 15
1683, 4
1684, 4
1685, 4
1686, 6
1687, 5
1688, 2
1689, 5
1690, 2
1691, 10
1692, 3
1693, 3
1694, 6
1695, 2
1696, 5
1697, 2
1698, 18
1699, 6
1700, 6
1701, 6
1702, 6
1703, 6
1704, 16
1705, 6
1706, 6
1707, 5
1708, 5
1709, 6
1710, 7
1711, 2
1712, 4
1713, 2
1714, 10
1715, 4
1716, 4
1717, 4
1718, 10
1719, 4
1720, 4
1721, 4
1722, 11
1723, 4
1724, 4
1725, 4
1726, 10
1727, 3
1728, 3
1729, 4
1730, 4
1731, 2
1732, 8
1733, 3
1734, 3
1735, 5
1736, 2
1737, 8
1738, 2
1739, 4
1740, 5
1741, 2
1742, 5
1743, 2
1744, 34
1745, 12
1746, 12
1747, 12
1748, 12
1749, 12
1750, 12
1751, 12
1752, 12
1753, 12
1754, 12
1755, 12
1756, 17
1757, 3
1758, 3
1759, 6
1760, 2
1761, 6
1762, 2
1763, 4
1764, 2
1765, 13
1766, 5
1767, 4
1768, 4
1769, 5
1770, 5
1771, 2
1772, 6
1773, 3
1774, 3
1775, 12
1776, 5
1777, 5
1778, 5
1779, 5
1780, 6
1781, 4
1782, 2
1783, 14
1784, 7
1785, 7
1786, 7
1787, 7
1788, 7
1789, 7
1790, 10
1791, 3
1792, 3
1793, 8
1794, 3
1795, 3
1796, 5
1797, 2
1798, 12
1799, 4
1800, 4
1801, 4
1802, 11
1803, 2
1804, 3
1805, 4
1806, 2
1807, 10
1808, 2
1809, 3
1810, 5
1811, 2
1812, 4
1813, 2
1814, 10
1815, 3
1816, 3
1817, 10
1818, 3
1819, 3
1820, 5
1821, 2
1822, 12
1823, 4
1824, 4
1825, 4
1826, 4
