0, 1
1, 2
2, 3
3, 4
4, 5
5, 6
6, 7
7, 8
8, 9
9, 10
10, 11
11, 12
12, 13
13, 14
14, 15
15, 16
16, 17
17, 18
18, 19
19, 20
20, 21
21, 22
22, 23
23, 24
24, 25
25, 26
26, 27
27, 28
28, 29
29, 30
30, 31
31, 32
32, 33
33, 34
34, 35
35, 36
36, 37
37, 38
38, 39
39, 40
40, 41
41, 42
42, 43
43, 44
44, 45
45, 46
46, 47
47, 48
48, 49
49, 50
50, 51
51, 52
52, 53
53, 54
54, 55
55, 56
56, 57
57, 58
58, 59
59, 60
60, 61
61, 62
62, 63
63, 64
64, 65
65, 66
66, 67
67, 68
68, 69
69, 70
70, 71
71, 72
72, 73
73, 74
74, 75
75, 76
76, 77
77, 78
78, 79
79, 80
80, 81
81, 82
82, 83
83, 84
84, 85
85, 86
86, 87
87, 88
88, 89
89, 90
90, 91
91, 92
92, 93
93, 94
94, 95
95, 96
96, 97
97, 98
98, 99
99, 100
100, 101
101, 102
102, 103
103, 104
104, 105
105, 106
106, 107
107, 108
108, 109
109, 110
110, 111
111, 112
112, 113
113, 114
114, 115
115, 116
116, 117
117, 118
118, 119
119, 120
120, 121
121, 122
122, 123
123, 124
124, 125
125, 126
126, 127
127, 128
128, 129
129, 130
130, 131
131, 132
132, 133
133, 134
134, 135
135, 136
136, 137
137, 138
138, 139
139, 140
140, 141
141, 142
142, 143
143, 144
144, 145
145, 146
146, 147
147, 148
148, 149
149, 150
150, 151
151, 152
152, 153
153, 154
154, 155
155, 156
156, 157
157, 158
158, 159
159, 160
160, 161
161, 162
162, 163
163, 164
164, 165
165, 166
166, 167
167, 168
168, 169
169, 170
170, 171
171, 172
172, 173
173, 174
174, 175
175, 176
176, 177
177, 178
178, 179
179, 180
180, 181
181, 182
182, 183
183, 184
184, 185
185, 186
186, 187
187, 188
188, 189
189, 190
190, 191
191, 192
192, 193
193, 194
194, 195
195, 196
196, 197
197, 198
198, 199
199, 200
200, 201
201, 202
202, 203
203, 204
204, 205
205, 206
206, 207
207, 208
208, 209
209, 210
210, 211
211, 212
212, 213
213, 214
214, 215
215, 216
216, 217
217, 218
218, 219
219, 220
220, 221
221, 222
222, 223
223, 224
224, 225
225, 226
226, 227
227, 228
228, 229
229, 230
230, 231
231, 232
232, 233
233, 234
234, 235
235, 236
236, 237
237, 238
238, 239
239, 240
240, 241
241, 242
242, 243
243, 244
244, 245
245, 246
246, 247
247, 248
248, 249
249, 250
250, 251
251, 252
252, 253
253, 254
254, 255
255, 256
256, 257
257, 258
258, 259
259, 260
260, 261
261, 262
262, 263
263, 264
264, 265
265, 266
266, 267
267, 268
268, 269
269, 270
270, 271
271, 272
272, 273
273, 274
274, 275
275, 276
276, 277
277, 278
278, 279
279, 280
280, 281
281, 282
282, 283
283, 284
284, 285
285, 286
286, 287
287, 288
288, 289
289, 290
290, 291
291, 292
292, 293
293, 294
294, 295
295, 296
296, 297
297, 298
298, 299
299, 300
300, 301
301, 302
302, 303
303, 304
304, 305
305, 306
306, 307
307, 308
308, 309
309, 310
310, 311
311, 312
312, 313
313, 314
314, 315
315, 316
316, 317
317, 318
318, 319
319, 320
320, 321
321, 322
322, 323
323, 324
324, 325
325, 326
326, 327
327, 328
328, 329
329, 330
330, 331
331, 332
332, 333
333, 334
334, 335
335, 336
336, 337
337, 338
338, 339
339, 340
340, 341
341, 342
342, 343
343, 344
344, 345
345, 346
346, 347
347, 348
348, 349
349, 350
350, 351
351, 352
352, 353
353, 354
354, 355
355, 356
356, 357
357, 358
358, 359
359, 360
360, 361
361, 362
362, 363
363, 364
364, 365
365, 366
366, 367
367, 368
368, 369
369, 370
370, 371
371, 372
372, 373
373, 374
374, 375
375, 376
376, 377
377, 378
378, 379
379, 380
380, 381
381, 382
382, 383
383, 384
384, 385
385, 386
386, 387
387, 388
388, 389
389, 390
390, 391
391, 392
392, 393
393, 394
394, 395
395, 396
396, 397
397, 398
398, 399
399, 400
400, 401
401, 402
402, 403
403, 404
404, 405
405, 406
406, 407
407, 408
408, 409
409, 410
410, 411
411, 412
412, 413
413, 414
414, 415
415, 416
416, 417
417, 418
418, 419
419, 420
420, 421
421, 422
422, 423
423, 424
424, 425
425, 426
426, 427
427, 428
428, 429
429, 430
430, 431
431, 432
432, 433
433, 434
434, 435
435, 436
436, 437
437, 438
438, 439
439, 440
440, 441
441, 442
442, 443
443, 444
444, 445
445, 446
446, 447
447, 448
448, 449
449, 450
450, 451
451, 452
452, 453
453, 454
454, 455
455, 456
456, 457
457, 458
458, 459
459, 460
460, 461
461, 462
462, 463
463, 464
464, 465
465, 466
466, 467
467, 468
468, 469
469, 470
470, 471
471, 472
472, 473
473, 474
474, 475
475, 476
476, 477
477, 478
478, 479
479, 480
480, 481
481, 482
482, 483
483, 484
484, 485
485, 486
486, 487
487, 488
488, 489
489, 490
490, 491
491, 492
492, 493
493, 494
494, 495
495, 496
496, 497
497, 498
498, 499
499, 500
500, 501
501, 502
502, 503
503, 504
504, 505
505, 506
506, 507
507, 508
508, 509
509, 510
510, 511
511, 512
512, 513
513, 514
514, 515
515, 516
516, 517
517, 518
518, 519
519, 520
520, 521
521, 522
522, 523
523, 524
524, 525
525, 526
526, 527
527, 528
528, 529
529, 530
530, 531
531, 532
532, 533
533, 534
534, 535
535, 536
536, 537
537, 538
538, 539
539, 540
540, 541
541, 542
542, 543
543, 544
544, 545
545, 546
546, 547
547, 548
548, 549
549, 550
550, 551
551, 552
552, 553
553, 554
554, 555
555, 556
556, 557
557, 558
558, 559
559, 560
560, 561
561, 562
562, 563
563, 564
564, 565
565, 566
566, 567
567, 568
568, 569
569, 570
570, 571
571, 572
572, 573
573, 574
574, 575
575, 576
576, 577
577, 578
578, 579
579, 580
580, 581
581, 582
582, 583
583, 584
584, 585
585, 586
586, 587
587, 588
588, 589
589, 590
590, 591
591, 592
592, 593
593, 594
594, 595
595, 596
596, 597
597, 598
598, 599
599, 600
600, 601
601, 602
602, 603
603, 604
604, 605
605, 606
606, 607
607, 608
608, 609
609, 610
610, 611
611, 612
612, 613
613, 614
614, 615
615, 616
616, 617
617, 618
618, 619
619, 620
620, 621
621, 622
622, 623
623, 624
624, 625
625, 626
626, 627
627, 628
628, 629
629, 630
630, 631
631, 632
632, 633
633, 634
634, 635
635, 636
636, 637
637, 638
638, 639
639, 640
640, 641
641, 642
642, 643
643, 644
644, 645
645, 646
646, 647
647, 648
648, 649
649, 650
650, 651
651, 652
652, 653
653, 654
654, 655
655, 656
656, 657
657, 658
658, 659
659, 660
660, 661
661, 662
662, 663
663, 664
664, 665
665, 666
666, 667
667, 668
668, 669
669, 670
670, 671
671, 672
672, 673
673, 674
674, 675
675, 676
676, 677
677, 678
678, 679
679, 680
680, 681
681, 682
682, 683
683, 684
684, 685
685, 686
686, 687
687, 688
688, 689
689, 690
690, 691
691, 692
692, 693
693, 694
694, 695
695, 696
696, 697
697, 698
698, 699
699, 700
700, 701
701, 702
702, 703
703, 704
704, 705
705, 706
706, 707
707, 708
708, 709
709, 710
710, 711
711, 712
712, 713
713, 714
714, 715
715, 716
716, 717
717, 718
718, 719
719, 720
720, 721
721, 722
722, 723
723, 724
724, 725
725, 726
726, 727
727, 728
728, 729
729, 730
730, 731
731, 732
732, 733
733, 734
734, 735
735, 736
736, 737
737, 738
738, 739
739, 740
740, 741
741, 742
742, 743
743, 744
744, 745
745, 746
746, 747
747, 748
748, 749
749, 750
750, 751
751, 752
752, 753
753, 754
754, 755
755, 756
756, 757
757, 758
758, 759
759, 760
760, 761
761, 762
762, 763
763, 764
764, 765
765, 766
766, 767
767, 768
768, 769
769, 770
770, 771
771, 772
772, 773
773, 774
774, 775
775, 776
776, 777
777, 778
778, 779
779, 780
780, 781
781, 782
782, 783
783, 784
784, 785
785, 786
786, 787
787, 788
788, 789
789, 790
790, 791
791, 792
792, 793
793, 794
794, 795
795, 796
796, 797
797, 798
798, 799
799, 800
800, 801
801, 802
802, 803
803, 804
804, 805
805, 806
806, 807
807, 808
808, 809
809, 810
810, 811
811, 812
812, 813
813, 814
814, 815
815, 816
816, 817
817, 818
818, 819
819, 820
820, 821
821, 822
822, 823
823, 824
824, 825
825, 826
826, 827
827, 828
828, 829
829, 830
830, 831
831, 832
832, 833
833, 834
834, 835
835, 836
836, 837
837, 838
838, 839
839, 840
840, 841
841, 842
842, 843
843, 844
844, 845
845, 846
846, 847
847, 848
848, 849
849, 850
850, 851
851, 852
852, 853
853, 854
854, 855
855, 856
856, 857
857, 858
858, 859
859, 860
860, 861
861, 862
862, 863
863, 864
864, 865
865, 866
866, 867
867, 868
868, 869
869, 870
870, 871
871, 872
872, 873
873, 874
874, 875
875, 876
876, 877
877, 878
878, 879
879, 880
880, 881
881, 882
882, 883
883, 884
884, 885
885, 886
886, 887
887, 888
888, 889
889, 890
890, 891
891, 892
892, 893
893, 894
894, 895
895, 896
896, 897
897, 898
898, 899
899, 900
900, 901
901, 902
902, 903
903, 904
904, 905
905, 906
906, 907
907, 908
908, 909
909, 910
910, 911
911, 912
912, 913
913, 914
914, 915
915, 916
916, 917
917, 918
918, 919
919, 920
920, 921
921, 922
922, 923
923, 924
924, 925
925, 926
926, 927
927, 928
928, 929
929, 930
930, 931
931, 932
932, 933
933, 934
934, 935
935, 936
936, 937
937, 938
938, 939
939, 940
940, 941
941, 942
942, 943
943, 944
944, 945
945, 946
946, 947
947, 948
948, 949
949, 950
950, 951
951, 952
952, 953
953, 954
954, 955
955, 956
956, 957
957, 958
958, 959
959, 960
960, 961
961, 962
962, 963
963, 964
964, 965
965, 966
966, 967
967, 968
968, 969
969, 970
970, 971
971, 972
972, 973
973, 974
974, 975
975, 976
976, 977
977, 978
978, 979
979, 980
980, 981
981, 982
982, 983
983, 984
984, 985
985, 986
986, 987
987, 988
988, 989
989, 990
990, 991
991, 992
992, 993
993, 994
994, 995
995, 996
996, 997
997, 998
998, 999
999, 1000
1000, 1001
1001, 1002
1002, 1003
1003, 1004
1004, 1005
1005, 1006
1006, 1007
1007, 1008
1008, 1009
1009, 1010
1010, 1011
1011, 1012
1012, 1013
1013, 1014
1014, 1015
1015, 1016
1016, 1017
1017, 1018
1018, 1019
1019, 1020
1020, 1021
1021, 1022
1022, 1023
1023, 1024
1024, 1025
1025, 1026
1026, 1027
1027, 1028
1028, 1029
1029, 1030
1030, 1031
1031, 1032
1032, 1033
1033, 1034
1034, 1035
1035, 1036
1036, 1037
1037, 1038
1038, 1039
1039, 1040
1040, 1041
1041, 1042
1042, 1043
1043, 1044
1044, 1045
1045, 1046
1046, 1047
1047, 1048
1048, 1049
1049, 1050
1050, 1051
1051, 1052
1052, 1053
1053, 1054
1054, 1055
1055, 1056
1056, 1057
1057, 1058
1058, 1059
1059, 1060
1060, 1061
1061, 1062
1062, 1063
1063, 1064
1064, 1065
1065, 1066
1066, 1067
1067, 1068
1068, 1069
1069, 1070
1070, 1071
1071, 1072
1072, 1073
1073, 1074
1074, 1075
1075, 1076
1076, 1077
1077, 1078
1078, 1079
1079, 1080
1080, 1081
1081, 1082
1082, 1083
1083, 1084
1084, 1085
1085, 1086
1086, 1087
1087, 1088
1088, 1089
1089, 1090
1090, 1091
1091, 1092
1092, 1093
1093, 1094
1094, 1095
1095, 1096
1096, 1097
1097, 1098
1098, 1099
1099, 1100
1100, 1101
1101, 1102
1102, 1103
1103, 1104
1104, 1105
1105, 1106
1106, 1107
1107, 1108
1108, 1109
1109, 1110
1110, 1111
1111, 1112
1112, 1113
1113, 1114
1114, 1115
1115, 1116
1116, 1117
1117, 1118
1118, 1119
1119, 1120
1120, 1121
1121, 1122
1122, 1123
1123, 1124
1124, 1125
1125, 1126
1126, 1127
1127, 1128
1128, 1129
1129, 1130
1130, 1131
1131, 1132
1132, 1133
1133, 1134
1134, 1135
1135, 1136
1136, 1137
1137, 1138
1138, 1139
1139, 1140
1140, 1141
1141, 1142
1142, 1143
1143, 1144
1144, 1145
1145, 1146
1146, 1147
1147, 1148
1148, 1149
1149, 1150
1150, 1151
1151, 1152
1152, 1153
1153, 1154
1154, 1155
1155, 1156
1156, 1157
1157, 1158
1158, 1159
1159, 1160
1160, 1161
1161, 1162
1162, 1163
1163, 1164
1164, 1165
1165, 1166
1166, 1167
1167, 1168
1168, 1169
1169, 1170
1170, 1171
1171, 1172
1172, 1173
1173, 1174
1174, 1175
1175, 1176
1176, 1177
1177, 1178
1178, 1179
1179, 1180
1180, 1181
1181, 1182
1182, 1183
1183, 1184
1184, 1185
1185, 1186
1186, 1187
1187, 1188
1188, 1189
1189, 1190
1190, 1191
1191, 1192
1192, 1193
1193, 1194
1194, 1195
1195, 1196
1196, 1197
1197, 1198
1198, 1199
1199, 1200
1200, 1201
1201, 1202
1202, 1203
1203, 1204
1204, 1205
1205, 1206
1206, 1207
1207, 1208
1208, 1209
1209, 1210
1210, 1211
1211, 1212
1212, 1213
1213, 1214
1214, 1215
1215, 1216
1216, 1217
1217, 1218
1218, 1219
1219, 1220
1220, 1221
1221, 1222
1222, 1223
1223, 1224
1224, 1225
1225, 1226
1226, 1227
1227, 1228
1228, 1229
1229, 1230
1230, 1231
1231, 1232
1232, 1233
1233, 1234
1234, 1235
1235, 1236
1236, 1237
1237, 1238
1238, 1239
1239, 1240
1240, 1241
1241, 1242
1242, 1243
1243, 1244
1244, 1245
1245, 1246
1246, 1247
1247, 1248
1248, 1249
1249, 1250
1250, 1251
1251, 1252
1252, 1253
1253, 1254
1254, 1255
1255, 1256
1256, 1257
1257, 1258
1258, 1259
1259, 1260
1260, 1261
1261, 1262
1262, 1263
1263, 1264
1264, 1265
1265, 1266
1266, 1267
1267, 1268
1268, 1269
1269, 1270
1270, 1271
1271, 1272
1272, 1273
1273, 1274
1274, 1275
1275, 1276
1276, 1277
1277, 1278
1278, 1279
1279, 1280
1280, 1281
1281, 1282
1282, 1283
1283, 1284
1284, 1285
1285, 1286
1286, 1287
1287, 1288
1288, 1289
1289, 1290
1290, 1291
1291, 1292
1292, 1293
1293, 1294
1294, 1295
1295, 1296
1296, 1297
1297, 1298
1298, 1299
1299, 1300
1300, 1301
1301, 1302
1302, 1303
1303, 1304
1304, 1305
1305, 1306
1306, 1307
1307, 1308
1308, 1309
1309, 1310
1310, 1311
1311, 1312
1312, 1313
1313, 1314
1314, 1315
1315, 1316
1316, 1317
1317, 1318
1318, 1319
1319, 1320
1320, 1321
1321, 1322
1322, 1323
1323, 1324
1324, 1325
1325, 1326
1326, 1327
1327, 1328
1328, 1329
1329, 1330
1330, 1331
1331, 1332
1332, 1333
1333, 1334
1334, 1335
1335, 1336
1336, 1337
1337, 1338
1338, 1339
1339, 1340
1340, 1341
1341, 1342
1342, 1343
1343, 1344
1344, 1345
1345, 1346
1346, 1347
1347, 1348
1348, 1349
1349, 1350
1350, 1351
1351, 1352
1352, 1353
1353, 1354
1354, 1355
1355, 1356
1356, 1357
1357, 1358
1358, 1359
1359, 1360
1360, 1361
1361, 1362
1362, 1363
1363, 1364
1364, 1365
1365, 1366
1366, 1367
1367, 1368
1368, 1369
1369, 1370
1370, 1371
1371, 1372
1372, 1373
1373, 1374
1374, 1375
1375, 1376
1376, 1377
1377, 1378
1378, 1379
1379, 1380
1380, 1381
1381, 1382
1382, 1383
1383, 1384
1384, 1385
1385, 1386
1386, 1387
1387, 1388
1388, 1389
1389, 1390
1390, 1391
1391, 1392
1392, 1393
1393, 1394
1394, 1395
1395, 1396
1396, 1397
1397, 1398
1398, 1399
1399, 1400
1400, 1401
1401, 1402
1402, 1403
1403, 1404
1404, 1405
1405, 1406
1406, 1407
1407, 1408
1408, 1409
1409, 1410
1410, 1411
1411, 1412
1412, 1413
1413, 1414
1414, 1415
1415, 1416
1416, 1417
1417, 1418
1418, 1419
1419, 1420
1420, 1421
1421, 1422
1422, 1423
1423, 1424
1424, 1425
1425, 1426
1426, 1427
1427, 1428
1428, 1429
1429, 1430
1430, 1431
1431, 1432
1432, 1433
1433, 1434
1434, 1435
1435, 1436
1436, 1437
1437, 1438
1438, 1439
1439, 1440
1440, 1441
1441, 1442
1442, 1443
1443, 1444
1444, 1445
1445, 1446
1446, 1447
1447, 1448
1448, 1449
1449, 1450
1450, 1451
1451, 1452
1452, 1453
1453, 1454
1454, 1455
1455, 1456
1456, 1457
1457, 1458
1458, 1459
1459, 1460
1460, 1461
1461, 1462
1462, 1463
1463, 1464
1464, 1465
1465, 1466
1466, 1467
1467, 1468
1468, 1469
1469, 1470
1470, 1471
1471, 1472
1472, 1473
1473, 1474
1474, 1475
1475, 1476
1476, 1477
1477, 1478
1478, 1479
1479, 1480
1480, 1481
1481, 1482
1482, 1483
1483, 1484
1484, 1485
1485, 1486
1486, 1487
1487, 1488
1488, 1489
1489, 1490
1490, 1491
1491, 1492
1492, 1493
1493, 1494
1494, 1495
1495, 1496
1496, 1497
1497, 1498
1498, 1499
1499, 1500
1500, 1501
1501, 1502
1502, 1503
1503, 1504
1504, 1505
1505, 1506
1506, 1507
1507, 1508
1508, 1509
1509, 1510
1510, 1511
1511, 1512
1512, 1513
1513, 1514
1514, 1515
1515, 1516
1516, 1517
1517, 1518
1518, 1519
1519, 1520
1520, 1521
1521, 1522
1522, 1523
1523, 1524
1524, 1525
1525, 1526
1526, 1527
1527, 1528
1528, 1529
1529, 1530
1530, 1531
1531, 1532
1532, 1533
1533, 1534
1534, 1535
1535, 1536
1536, 1537
1537, 1538
1538, 1539
1539, 1540
1540, 1541
1541, 1542
1542, 1543
1543, 1544
1544, 1545
1545, 1546
1546, 1547
1547, 1548
1548, 1549
1549, 1550
1550, 1551
1551, 1552
1552, 1553
1553, 1554
1554, 1555
1555, 1556
1556, 1557
1557, 1558
1558, 1559
1559, 1560
1560, 1561
1561, 1562
1562, 1563
1563, 1564
1564, 1565
1565, 1566
1566, 1567
1567, 1568
1568, 1569
1569, 1570
1570, 1571
1571, 1572
1572, 1573
1573, 1574
1574, 1575
1575, 1576
1576, 1577
1577, 1578
1578, 1579
1579, 1580
1580, 1581
1581, 1582
1582, 1583
1583, 1584
1584, 1585
1585, 1586
1586, 1587
1587, 1588
1588, 1589
1589, 1590
1590, 1591
1591, 1592
1592, 1593
1593, 1594
1594, 1595
1595, 1596
1596, 1597
1597, 1598
1598, 1599
1599, 1600
1600, 1601
1601, 1602
1602, 1603
1603, 1604
1604, 1605
1605, 1606
1606, 1607
1607, 1608
1608, 1609
1609, 1610
1610, 1611
1611, 1612
1612, 1613
1613, 1614
1614, 1615
1615, 1616
1616, 1617
1617, 1618
1618, 1619
1619, 1620
1620, 1621
1621, 1622
1622, 1623
1623, 1624
1624, 1625
1625, 1626
1626, 1627
1627, 1628
1628, 1629
1629, 1630
1630, 1631
1631, 1632
1632, 1633
1633, 1634
1634, 1635
1635, 1636
1636, 1637
1637, 1638
1638, 1639
1639, 1640
1640, 1641
1641, 1642
1642, 1643
1643, 1644
1644, 1645
1645, 1646
1646, 1647
1647, 1648
1648, 1649
1649, 1650
1650, 1651
1651, 1652
1652, 1653
1653, 1654
1654, 1655
1655, 1656
1656, 1657
1657, 1658
1658, 1659
1659, 1660
1660, 1661
1661, 1662
1662, 1663
1663, 1664
1664, 1665
1665, 1666
1666, 1667
1667, 1668
1668, 1669
1669, 1670
1670, 1671
1671, 1672
1672, 1673
1673, 1674
1674, 1675
1675, 1676
1676, 1677
1677, 1678
1678, 1679
1679, 1680
1680, 1681
1681, 1682
1682, 1683
1683, 1684
1684, 1685
1685, 1686
1686, 1687
1687, 1688
1688, 1689
1689, 1690
1690, 1691
1691, 1692
1692, 1693
1693, 1694
1694, 1695
1695, 1696
1696, 1697
1697, 1698
1698, 1699
1699, 1700
1700, 1701
1701, 1702
1702, 1703
1703, 1704
1704, 1705
1705, 1706
1706, 1707
1707, 1708
1708, 1709
1709, 1710
1710, 1711
1711, 1712
1712, 1713
1713, 1714
1714, 1715
1715, 1716
1716, 1717
1717, 1718
1718, 1719
1719, 1720
1720, 1721
1721, 1722
1722, 1723
1723, 1724
1724, 1725
1725, 1726
1726, 1727
1727, 1728
1728, 1729
1729, 1730
1730, 1731
1731, 1732
1732, 1733
1733, 1734
1734, 1735
1735, 1736
1736, 1737
1737, 1738
1738, 1739
1739, 1740
1740, 1741
1741, 1742
1742, 1743
1743, 1744
1744, 1745
1745, 1746
1746, 1747
1747, 1748
1748, 1749
1749, 1750
1750, 1751
1751, 1752
1752, 1753
1753, 1754
1754, 1755
1755, 1756
1756, 1757
1757, 1758
1758, 1759
1759, 1760
1760, 1761
1761, 1762
1762, 1763
1763, 1764
1764, 1765
1765, 1766
1766, 1767
1767, 1768
1768, 1769
1769, 1770
1770, 1771
1771, 1772
1772, 1773
1773, 1774
1774, 1775
1775, 1776
1776, 1777
1777, 1778
1778, 1779
1779, 1780
1780, 1781
1781, 1782
1782, 1783
1783, 1784
1784, 1785
1785, 1786
1786, 1787
1787, 1788
1788, 1789
1789, 1790
1790, 1791
1791, 1792
1792, 1793
1793, 1794
1794, 1795
1795, 1796
1796, 1797
1797, 1798
1798, 1799
1799, 1800
1800, 1801
1801, 1802
1802, 1803
1803, 1804
1804, 1805
1805, 1806
1806, 1807
1807, 1808
1808, 1809
1809, 1810
1810, 1811
1811, 1812
1812, 1813
1813, 1814
1814, 1815
1815, 1816
1816, 1817
1817, 1818
1818, 1819
1819, 1820
1820, 1821
1821, 1822
1822, 1823
1823, 1824
1824, 1825
1825, 1826
1826, 1827
1827, 1828
1828, 1829
1829, 1830
1830, 1831
1831, 1832
1832, 1833
1833, 1834
1834, 1835
1835, 1836
1836, 1837
1837, 1838
1838, 1839
1839, 1840
1840, 1841
1841, 1842
1842, 1843
1843, 1844
1844, 1845
1845, 1846
1846, 1847
1847, 1848
1848, 1849
1849, 1850
1850, 1851
1851, 1852
1852, 1853
1853, 1854
1854, 1855
1855, 1856
1856, 1857
1857, 1858
1858, 1859
1859, 1860
1860, 1861
1861, 1862
1862, 1863
1863, 1864
1864, 1865
1865, 1866
1866, 1867
1867, 1868
1868, 1869
1869, 1870
1870, 1871
1871, 1872
1872, 1873
1873, 1874
1874, 1875
1875, 1876
1876, 1877
1877, 1878
1878, 1879
1879, 1880
1880, 1881
1881, 1882
1882, 1883
1883, 1884
1884, 1885
1885, 1886
1886, 1887
1887, 1888
1888, 1889
1889, 1890
1890, 1891
1891, 1892
1892, 1893
1893, 1894
1894, 1895
1895, 1896
1896, 1897
1897, 1898
1898, 1899
1899, 1900
1900, 1901
1901, 1902
1902, 1903
1903, 1904
1904, 1905
1905, 1906
1906, 1907
1907, 1908
1908, 1909
1909, 1910
1910, 1911
1911, 1912
1912, 1913
1913, 1914
1914, 1915
1915, 1916
1916, 1917
1917, 1918
1918, 1919
1919, 1920
1920, 1921
1921, 1922
1922, 1923
1923, 1924
1924, 1925
1925, 1926
1926, 1927
1927, 1928
1928, 1929
1929, 1930
1930, 1931
1931, 1932
1932, 1933
1933, 1934
1934, 1935
1935, 1936
1936, 1937
1937, 1938
1938, 1939
1939, 1940
1940, 1941
1941, 1942
1942, 1943
1943, 1944
1944, 1945
1945, 1946
1946, 1947
1947, 1948
1948, 1949
1949, 1950
1950, 1951
1951, 1952
1952, 1953
1953, 1954
1954, 1955
1955, 1956
1956, 1957
1957, 1958
1958, 1959
1959, 1960
1960, 1961
1961, 1962
1962, 1963
0, 2
2, 4
4, 6
7, 9
9, 11
11, 13
13, 15
15, 17
18, 20
19, 21
21, 23
22, 24
24, 26
25, 27
27, 29
29, 31
31, 33
33, 35
35, 37
37, 39
40, 42
42, 44
44, 46
46, 48
48, 50
50, 52
51, 53
53, 55
54, 56
56, 58
57, 59
59, 61
60, 62
62, 64
64, 66
66, 68
68, 70
70, 72
72, 74
73, 75
75, 77
76, 78
78, 80
79, 81
81, 83
84, 86
86, 88
87, 89
89, 91
90, 92
92, 94
94, 96
96, 98
98, 100
101, 103
103, 105
105, 107
107, 109
108, 110
110, 112
111, 113
113, 115
115, 117
117, 119
118, 120
120, 122
121, 123
123, 125
124, 126
126, 128
129, 131
131, 133
133, 135
136, 138
138, 140
140, 142
141, 143
143, 145
145, 147
147, 149
149, 151
150, 152
152, 154
155, 157
157, 159
159, 161
160, 162
162, 164
163, 165
165, 167
168, 170
170, 172
172, 174
173, 175
175, 177
176, 178
178, 180
181, 183
184, 186
186, 188
188, 190
191, 193
194, 196
196, 198
199, 201
201, 203
204, 206
206, 208
208, 210
210, 212
211, 213
213, 215
215, 217
217, 219
220, 222
222, 224
224, 226
226, 228
228, 230
230, 232
231, 233
233, 235
234, 236
236, 238
237, 239
239, 241
241, 243
243, 245
245, 247
247, 249
248, 250
250, 252
251, 253
253, 255
255, 257
257, 259
259, 261
261, 263
263, 265
266, 268
268, 270
269, 271
271, 273
273, 275
275, 277
276, 278
278, 280
279, 281
281, 283
282, 284
284, 286
286, 288
288, 290
290, 292
292, 294
294, 296
296, 298
298, 300
301, 303
303, 305
305, 307
306, 308
308, 310
310, 312
312, 314
314, 316
316, 318
318, 320
320, 322
323, 325
325, 327
326, 328
328, 330
330, 332
332, 334
333, 335
335, 337
336, 338
338, 340
340, 342
342, 344
345, 347
347, 349
348, 350
350, 352
351, 353
353, 355
354, 356
356, 358
357, 359
359, 361
360, 362
362, 364
363, 365
365, 367
367, 369
369, 371
371, 373
373, 375
375, 377
377, 379
379, 381
381, 383
383, 385
384, 386
386, 388
388, 390
390, 392
392, 394
394, 396
396, 398
398, 400
400, 402
402, 404
404, 406
405, 407
407, 409
408, 410
410, 412
412, 414
414, 416
417, 419
419, 421
420, 422
422, 424
424, 426
426, 428
428, 430
431, 433
434, 436
436, 438
438, 440
441, 443
443, 445
444, 446
446, 448
448, 450
450, 452
453, 455
455, 457
457, 459
459, 461
461, 463
463, 465
465, 467
467, 469
468, 470
470, 472
471, 473
473, 475
474, 476
476, 478
477, 479
479, 481
480, 482
482, 484
484, 486
486, 488
487, 489
489, 491
491, 493
493, 495
494, 496
496, 498
498, 500
500, 502
503, 505
505, 507
506, 508
508, 510
510, 512
512, 514
513, 515
515, 517
516, 518
518, 520
521, 523
523, 525
524, 526
526, 528
527, 529
529, 531
531, 533
533, 535
536, 538
538, 540
540, 542
542, 544
544, 546
546, 548
548, 550
551, 553
553, 555
554, 556
556, 558
558, 560
560, 562
562, 564
564, 566
565, 567
567, 569
568, 570
570, 572
572, 574
574, 576
577, 579
578, 580
580, 582
581, 583
583, 585
584, 586
586, 588
587, 589
589, 591
591, 593
593, 595
594, 596
596, 598
597, 599
599, 601
600, 602
602, 604
604, 606
606, 608
608, 610
610, 612
612, 614
614, 616
616, 618
618, 620
621, 623
623, 625
625, 627
627, 629
628, 630
630, 632
633, 635
635, 637
638, 640
640, 642
642, 644
644, 646
646, 648
647, 649
649, 651
651, 653
653, 655
654, 656
656, 658
659, 661
661, 663
663, 665
665, 667
666, 668
668, 670
671, 673
673, 675
675, 677
677, 679
679, 681
681, 683
683, 685
685, 687
687, 689
689, 691
690, 692
692, 694
693, 695
695, 697
696, 698
698, 700
700, 702
702, 704
703, 705
705, 707
706, 708
708, 710
709, 711
711, 713
714, 716
716, 718
717, 719
719, 721
722, 724
724, 726
726, 728
728, 730
731, 733
733, 735
735, 737
737, 739
739, 741
741, 743
744, 746
746, 748
748, 750
749, 751
751, 753
754, 756
757, 759
759, 761
760, 762
762, 764
763, 765
765, 767
766, 768
768, 770
769, 771
771, 773
772, 774
774, 776
775, 777
777, 779
778, 780
780, 782
781, 783
783, 785
785, 787
787, 789
788, 790
790, 792
792, 794
794, 796
797, 799
799, 801
801, 803
803, 805
805, 807
807, 809
809, 811
810, 812
812, 814
813, 815
815, 817
816, 818
818, 820
821, 823
823, 825
825, 827
827, 829
829, 831
832, 834
834, 836
837, 839
839, 841
840, 842
842, 844
844, 846
846, 848
848, 850
850, 852
852, 854
853, 855
855, 857
856, 858
858, 860
859, 861
861, 863
862, 864
864, 866
866, 868
868, 870
870, 872
871, 873
873, 875
875, 877
877, 879
879, 881
881, 883
882, 884
884, 886
886, 888
888, 890
890, 892
892, 894
894, 896
897, 899
899, 901
902, 904
904, 906
906, 908
909, 911
911, 913
912, 914
914, 916
916, 918
918, 920
919, 921
921, 923
924, 926
926, 928
928, 930
930, 932
931, 933
933, 935
934, 936
936, 938
937, 939
939, 941
940, 942
942, 944
944, 946
946, 948
948, 950
950, 952
952, 954
953, 955
955, 957
956, 958
958, 960
959, 961
961, 963
962, 964
964, 966
965, 967
967, 969
969, 971
971, 973
972, 974
974, 976
976, 978
978, 980
979, 981
981, 983
982, 984
984, 986
985, 987
987, 989
989, 991
991, 993
994, 996
996, 998
999, 1001
1001, 1003
1003, 1005
1005, 1007
1006, 1008
1008, 1010
1010, 1012
1012, 1014
1015, 1017
1017, 1019
1019, 1021
1020, 1022
1022, 1024
1024, 1026
1026, 1028
1027, 1029
1029, 1031
1030, 1032
1032, 1034
1034, 1036
1036, 1038
1037, 1039
1039, 1041
1042, 1044
1044, 1046
1046, 1048
1048, 1050
1051, 1053
1053, 1055
1054, 1056
1056, 1058
1059, 1061
1062, 1064
1064, 1066
1066, 1068
1068, 1070
1070, 1072
1072, 1074
1073, 1075
1075, 1077
1077, 1079
1079, 1081
1080, 1082
1082, 1084
1083, 1085
1085, 1087
1086, 1088
1088, 1090
1091, 1093
1093, 1095
1094, 1096
1096, 1098
1097, 1099
1099, 1101
1100, 1102
1102, 1104
1103, 1105
1105, 1107
1108, 1110
1110, 1112
1112, 1114
1115, 1117
1117, 1119
1120, 1122
1123, 1125
1125, 1127
1127, 1129
1130, 1132
1132, 1134
1133, 1135
1135, 1137
1137, 1139
1139, 1141
1142, 1144
1144, 1146
1145, 1147
1147, 1149
1149, 1151
1151, 1153
1152, 1154
1154, 1156
1156, 1158
1158, 1160
1161, 1163
1163, 1165
1165, 1167
1166, 1168
1168, 1170
1171, 1173
1173, 1175
1175, 1177
1176, 1178
1178, 1180
1179, 1181
1181, 1183
1183, 1185
1185, 1187
1187, 1189
1188, 1190
1190, 1192
1192, 1194
1194, 1196
1195, 1197
1197, 1199
1198, 1200
1200, 1202
1201, 1203
1203, 1205
1204, 1206
1206, 1208
1208, 1210
1210, 1212
1212, 1214
1214, 1216
1216, 1218
1217, 1219
1219, 1221
1221, 1223
1223, 1225
1226, 1228
1228, 1230
1229, 1231
1231, 1233
1234, 1236
1236, 1238
1238, 1240
1239, 1241
1241, 1243
1243, 1245
1245, 1247
1248, 1250
1250, 1252
1252, 1254
1253, 1255
1255, 1257
1258, 1260
1260, 1262
1262, 1264
1264, 1266
1267, 1269
1269, 1271
1271, 1273
1272, 1274
1274, 1276
1276, 1278
1278, 1280
1279, 1281
1281, 1283
1283, 1285
1285, 1287
1286, 1288
1288, 1290
1289, 1291
1291, 1293
1293, 1295
1295, 1297
1297, 1299
1298, 1300
1300, 1302
1301, 1303
1303, 1305
1304, 1306
1306, 1308
1307, 1309
1309, 1311
1310, 1312
1312, 1314
1314, 1316
1316, 1318
1318, 1320
1320, 1322
1322, 1324
1323, 1325
1325, 1327
1327, 1329
1329, 1331
1331, 1333
1333, 1335
1335, 1337
1337, 1339
1339, 1341
1341, 1343
1343, 1345
1344, 1346
1346, 1348
1348, 1350
1350, 1352
1352, 1354
1354, 1356
1355, 1357
1357, 1359
1359, 1361
1361, 1363
1363, 1365
1365, 1367
1367, 1369
1368, 1370
1370, 1372
1372, 1374
1374, 1376
1376, 1378
1379, 1381
1381, 1383
1382, 1384
1384, 1386
1385, 1387
1387, 1389
1390, 1392
1392, 1394
1395, 1397
1397, 1399
1399, 1401
1401, 1403
1402, 1404
1404, 1406
1406, 1408
1408, 1410
1410, 1412
1413, 1415
1415, 1417
1418, 1420
1420, 1422
1422, 1424
1425, 1427
1427, 1429
1429, 1431
1431, 1433
1433, 1435
1434, 1436
1436, 1438
1437, 1439
1439, 1441
1441, 1443
1443, 1445
1444, 1446
1446, 1448
1447, 1449
1449, 1451
1452, 1454
1455, 1457
1457, 1459
1460, 1462
1463, 1465
1465, 1467
1467, 1469
1470, 1472
1472, 1474
1473, 1475
1475, 1477
1477, 1479
1479, 1481
1480, 1482
1482, 1484
1485, 1487
1487, 1489
1490, 1492
1493, 1495
1495, 1497
1496, 1498
1498, 1500
1501, 1503
1503, 1505
1505, 1507
1507, 1509
1509, 1511
1511, 1513
1513, 1515
1515, 1517
1518, 1520
1521, 1523
1524, 1526
1526, 1528
1529, 1531
1531, 1533
1532, 1534
1534, 1536
1535, 1537
1537, 1539
1539, 1541
1541, 1543
1543, 1545
1545, 1547
1547, 1549
1549, 1551
1550, 1552
1552, 1554
1554, 1556
1556, 1558
1558, 1560
1560, 1562
1562, 1564
1564, 1566
1566, 1568
1568, 1570
1570, 1572
1572, 1574
1575, 1577
1578, 1580
1579, 1581
1581, 1583
1582, 1584
1584, 1586
1585, 1587
1587, 1589
1589, 1591
1591, 1593
1593, 1595
1595, 1597
1597, 1599
1599, 1601
1602, 1604
1604, 1606
1607, 1609
1609, 1611
1612, 1614
1615, 1617
1618, 1620
1620, 1622
1622, 1624
1625, 1627
1628, 1630
1631, 1633
1633, 1635
1635, 1637
1637, 1639
1639, 1641
1640, 1642
1642, 1644
1644, 1646
1646, 1648
1647, 1649
1649, 1651
1651, 1653
1653, 1655
1655, 1657
1657, 1659
1659, 1661
1661, 1663
1662, 1664
1664, 1666
1666, 1668
1668, 1670
1670, 1672
1672, 1674
1674, 1676
1676, 1678
1677, 1679
1679, 1681
1680, 1682
1682, 1684
1683, 1685
1685, 1687
1687, 1689
1689, 1691
1692, 1694
1694, 1696
1695, 1697
1697, 1699
1698, 1700
1700, 1702
1701, 1703
1703, 1705
1705, 1707
1707, 1709
1710, 1712
1711, 1713
1713, 1715
1714, 1716
1716, 1718
1717, 1719
1719, 1721
1721, 1723
1723, 1725
1725, 1727
1727, 1729
1729, 1731
1730, 1732
1732, 1734
1733, 1735
1735, 1737
1737, 1739
1739, 1741
1742, 1744
1744, 1746
1745, 1747
1747, 1749
1748, 1750
1750, 1752
1752, 1754
1754, 1756
1755, 1757
1757, 1759
1758, 1760
1760, 1762
1763, 1765
1765, 1767
1767, 1769
1769, 1771
1771, 1773
1774, 1776
1776, 1778
1777, 1779
1779, 1781
1782, 1784
1785, 1787
1788, 1790
1791, 1793
1793, 1795
1795, 1797
1796, 1798
1798, 1800
1799, 1801
1801, 1803
1804, 1806
1806, 1808
1808, 1810
1810, 1812
1811, 1813
1813, 1815
1815, 1817
1817, 1819
1819, 1821
1821, 1823
1823, 1825
1824, 1826
1826, 1828
1827, 1829
1829, 1831
1831, 1833
1833, 1835
1836, 1838
1838, 1840
1841, 1843
1843, 1845
1845, 1847
1847, 1849
1849, 1851
1851, 1853
1853, 1855
1855, 1857
1856, 1858
1858, 1860
1861, 1863
1864, 1866
1866, 1868
1868, 1870
1869, 1871
1871, 1873
1872, 1874
1874, 1876
1875, 1877
1877, 1879
1878, 1880
1880, 1882
1881, 1883
1883, 1885
1884, 1886
1886, 1888
1889, 1891
1892, 1894
1895, 1897
1897, 1899
1898, 1900
1900, 1902
1901, 1903
1903, 1905
1905, 1907
1907, 1909
1910, 1912
1912, 1914
1914, 1916
1917, 1919
1919, 1921
1920, 1922
1922, 1924
1924, 1926
1926, 1928
1927, 1929
1929, 1931
1931, 1933
1933, 1935
1934, 1936
1936, 1938
1939, 1941
1941, 1943
1943, 1945
1945, 1947
1948, 1950
1950, 1952
1952, 1954
1953, 1955
1955, 1957
1957, 1959
1959, 1961
1960, 1962
4, 7
15, 18
18, 21
21, 24
24, 27
31, 34
37, 40
50, 53
53, 56
56, 59
59, 62
72, 75
75, 78
78, 81
81, 84
86, 89
89, 92
92, 95
98, 101
107, 110
110, 113
117, 120
120, 123
123, 126
126, 129
133, 136
140, 143
149, 152
152, 155
159, 162
162, 165
165, 168
172, 175
175, 178
178, 181
181, 184
188, 191
191, 194
196, 199
201, 204
210, 213
217, 220
222, 225
230, 233
233, 236
236, 239
239, 242
247, 250
250, 253
253, 256
263, 266
268, 271
275, 278
278, 281
281, 284
292, 295
298, 301
305, 308
320, 323
325, 328
332, 335
335, 338
342, 345
347, 350
350, 353
353, 356
356, 359
359, 362
362, 365
375, 378
383, 386
386, 389
398, 401
404, 407
407, 410
414, 417
419, 422
422, 425
428, 431
431, 434
438, 441
443, 446
450, 453
459, 462
467, 470
470, 473
473, 476
476, 479
479, 482
486, 489
493, 496
500, 503
505, 508
512, 515
515, 518
518, 521
523, 526
526, 529
533, 536
538, 541
548, 551
553, 556
556, 559
564, 567
567, 570
574, 577
577, 580
580, 583
583, 586
586, 589
593, 596
596, 599
599, 602
602, 605
618, 621
627, 630
630, 633
635, 638
646, 649
653, 656
656, 659
665, 668
668, 671
689, 692
692, 695
695, 698
702, 705
705, 708
708, 711
711, 714
716, 719
719, 722
728, 731
735, 738
741, 744
748, 751
751, 754
754, 757
759, 762
762, 765
765, 768
768, 771
771, 774
774, 777
777, 780
780, 783
787, 790
794, 797
801, 804
809, 812
812, 815
815, 818
818, 821
829, 832
834, 837
839, 842
852, 855
855, 858
858, 861
861, 864
870, 873
873, 876
881, 884
894, 897
899, 902
906, 909
911, 914
918, 921
921, 924
930, 933
933, 936
936, 939
939, 942
946, 949
952, 955
955, 958
958, 961
961, 964
964, 967
971, 974
978, 981
981, 984
984, 987
991, 994
996, 999
1005, 1008
1012, 1015
1019, 1022
1026, 1029
1029, 1032
1036, 1039
1039, 1042
1048, 1051
1053, 1056
1056, 1059
1059, 1062
1072, 1075
1079, 1082
1082, 1085
1085, 1088
1088, 1091
1093, 1096
1096, 1099
1099, 1102
1102, 1105
1105, 1108
1112, 1115
1117, 1120
1120, 1123
1127, 1130
1132, 1135
1139, 1142
1144, 1147
1151, 1154
1158, 1161
1165, 1168
1168, 1171
1175, 1178
1178, 1181
1187, 1190
1194, 1197
1197, 1200
1200, 1203
1203, 1206
1216, 1219
1223, 1226
1228, 1231
1231, 1234
1238, 1241
1245, 1248
1252, 1255
1255, 1258
1264, 1267
1271, 1274
1278, 1281
1285, 1288
1288, 1291
1297, 1300
1300, 1303
1303, 1306
1306, 1309
1309, 1312
1322, 1325
1329, 1332
1343, 1346
1354, 1357
1367, 1370
1376, 1379
1381, 1384
1384, 1387
1387, 1390
1392, 1395
1401, 1404
1410, 1413
1415, 1418
1422, 1425
1433, 1436
1436, 1439
1443, 1446
1446, 1449
1449, 1452
1452, 1455
1457, 1460
1460, 1463
1467, 1470
1472, 1475
1479, 1482
1482, 1485
1487, 1490
1490, 1493
1495, 1498
1498, 1501
1515, 1518
1518, 1521
1521, 1524
1526, 1529
1531, 1534
1534, 1537
1549, 1552
1552, 1555
1572, 1575
1575, 1578
1578, 1581
1581, 1584
1584, 1587
1591, 1594
1599, 1602
1604, 1607
1609, 1612
1612, 1615
1615, 1618
1622, 1625
1625, 1628
1628, 1631
1639, 1642
1646, 1649
1649, 1652
1661, 1664
1664, 1667
1676, 1679
1679, 1682
1682, 1685
1689, 1692
1694, 1697
1697, 1700
1700, 1703
1707, 1710
1710, 1713
1713, 1716
1716, 1719
1719, 1722
1729, 1732
1732, 1735
1739, 1742
1744, 1747
1747, 1750
1754, 1757
1757, 1760
1760, 1763
1771, 1774
1776, 1779
1779, 1782
1782, 1785
1785, 1788
1788, 1791
1795, 1798
1798, 1801
1801, 1804
1810, 1813
1823, 1826
1826, 1829
1833, 1836
1838, 1841
1847, 1850
1855, 1858
1858, 1861
1861, 1864
1868, 1871
1871, 1874
1874, 1877
1877, 1880
1880, 1883
1883, 1886
1886, 1889
1889, 1892
1892, 1895
1897, 1900
1900, 1903
1907, 1910
1914, 1917
1919, 1922
1926, 1929
1933, 1936
1936, 1939
1945, 1948
1952, 1955
1959, 1962
4, 8
7, 11
11, 15
27, 31
31, 35
33, 37
42, 46
46, 50
62, 66
66, 70
92, 96
94, 98
101, 105
103, 107
113, 117
129, 133
136, 140
143, 147
145, 149
155, 159
168, 172
206, 210
213, 217
222, 226
224, 228
226, 230
239, 243
241, 245
243, 247
253, 257
255, 259
259, 263
271, 275
284, 288
288, 292
292, 296
294, 298
301, 305
308, 312
312, 316
316, 320
328, 332
338, 342
365, 369
369, 373
375, 379
377, 381
379, 383
386, 390
388, 392
392, 396
398, 402
400, 404
410, 414
422, 426
424, 428
434, 438
446, 450
450, 454
453, 457
455, 459
459, 463
461, 465
463, 467
482, 486
489, 493
496, 500
508, 512
529, 533
538, 542
540, 544
544, 548
556, 560
558, 562
560, 564
570, 574
589, 593
602, 606
604, 608
608, 612
614, 618
621, 625
623, 627
638, 642
642, 646
649, 653
656, 660
659, 663
661, 665
668, 672
671, 675
675, 679
681, 685
685, 689
698, 702
724, 728
731, 735
735, 739
737, 741
744, 748
783, 787
790, 794
801, 805
803, 807
805, 809
825, 829
842, 846
846, 850
848, 852
864, 868
866, 870
873, 877
875, 879
877, 881
884, 888
888, 892
902, 906
914, 918
926, 930
942, 946
946, 950
948, 952
967, 971
974, 978
987, 991
999, 1003
1001, 1005
1008, 1012
1015, 1019
1022, 1026
1032, 1036
1039, 1043
1042, 1046
1044, 1048
1064, 1068
1068, 1072
1075, 1079
1108, 1112
1123, 1127
1135, 1139
1147, 1151
1154, 1158
1161, 1165
1171, 1175
1181, 1185
1183, 1187
1190, 1194
1206, 1210
1210, 1214
1212, 1216
1219, 1223
1234, 1238
1241, 1245
1248, 1252
1260, 1264
1267, 1271
1274, 1278
1281, 1285
1291, 1295
1293, 1297
1312, 1316
1316, 1320
1318, 1322
1325, 1329
1329, 1333
1331, 1335
1333, 1337
1337, 1341
1339, 1343
1346, 1350
1350, 1354
1357, 1361
1361, 1365
1363, 1367
1370, 1374
1397, 1401
1404, 1408
1415, 1419
1418, 1422
1422, 1426
1425, 1429
1429, 1433
1439, 1443
1463, 1467
1475, 1479
1503, 1507
1507, 1511
1511, 1515
1537, 1541
1541, 1545
1545, 1549
1552, 1556
1554, 1558
1556, 1560
1558, 1562
1560, 1564
1564, 1568
1568, 1572
1587, 1591
1591, 1595
1593, 1597
1618, 1622
1628, 1632
1631, 1635
1635, 1639
1642, 1646
1649, 1653
1651, 1655
1655, 1659
1657, 1661
1664, 1668
1666, 1670
1672, 1676
1685, 1689
1703, 1707
1719, 1723
1721, 1725
1725, 1729
1735, 1739
1750, 1754
1767, 1771
1791, 1795
1806, 1810
1813, 1817
1817, 1821
1819, 1823
1829, 1833
1838, 1842
1841, 1845
1843, 1847
1847, 1851
1849, 1853
1851, 1855
1864, 1868
1903, 1907
1910, 1914
1922, 1926
1929, 1933
1941, 1945
1948, 1952
1955, 1959
4, 9
6, 11
24, 29
37, 42
59, 64
81, 86
110, 115
126, 131
152, 157
154, 159
181, 186
191, 196
196, 201
201, 206
210, 215
217, 222
225, 230
242, 247
263, 268
268, 273
298, 303
320, 325
325, 330
342, 347
378, 383
407, 412
414, 419
431, 436
433, 438
438, 443
443, 448
450, 455
452, 457
454, 459
493, 498
500, 505
518, 523
526, 531
533, 538
548, 553
567, 572
586, 591
630, 635
635, 640
656, 661
658, 663
660, 665
668, 673
670, 675
711, 716
719, 724
728, 733
741, 746
754, 759
787, 792
794, 799
804, 809
818, 823
829, 834
834, 839
839, 844
876, 881
881, 886
894, 899
899, 904
901, 906
906, 911
921, 926
939, 944
971, 976
984, 989
991, 996
1005, 1010
1039, 1044
1041, 1046
1043, 1048
1048, 1053
1059, 1064
1088, 1093
1105, 1110
1112, 1117
1127, 1132
1132, 1137
1139, 1144
1151, 1156
1187, 1192
1203, 1208
1216, 1221
1223, 1228
1231, 1236
1233, 1238
1238, 1243
1245, 1250
1255, 1260
1278, 1283
1309, 1314
1322, 1327
1332, 1337
1354, 1359
1376, 1381
1387, 1392
1392, 1397
1410, 1415
1415, 1420
1417, 1422
1422, 1427
1424, 1429
1436, 1441
1452, 1457
1460, 1465
1462, 1467
1467, 1472
1482, 1487
1490, 1495
1498, 1503
1521, 1526
1526, 1531
1552, 1557
1555, 1560
1557, 1562
1559, 1564
1584, 1589
1599, 1604
1604, 1609
1615, 1620
1617, 1622
1628, 1633
1630, 1635
1682, 1687
1689, 1694
1700, 1705
1732, 1737
1739, 1744
1747, 1752
1760, 1765
1771, 1776
1788, 1793
1801, 1806
1810, 1815
1826, 1831
1833, 1838
1838, 1843
1840, 1845
1842, 1847
1892, 1897
1900, 1905
1907, 1912
1909, 1914
1914, 1919
1936, 1941
1945, 1950
1947, 1952
1952, 1957
15, 21
18, 24
31, 37
53, 59
66, 72
72, 78
92, 98
101, 107
117, 123
143, 149
175, 181
204, 210
222, 228
224, 230
230, 236
239, 245
241, 247
253, 259
275, 281
292, 298
350, 356
356, 362
369, 375
375, 381
377, 383
386, 392
392, 398
398, 404
422, 428
453, 459
459, 465
461, 467
467, 473
473, 479
538, 544
556, 562
558, 564
574, 580
580, 586
593, 599
602, 608
608, 614
621, 627
640, 646
659, 665
675, 681
689, 695
702, 708
722, 728
735, 741
748, 754
765, 771
771, 777
774, 780
801, 807
803, 809
809, 815
823, 829
846, 852
855, 861
864, 870
873, 879
875, 881
888, 894
930, 936
933, 939
946, 952
958, 964
978, 984
999, 1005
1042, 1048
1053, 1059
1062, 1068
1066, 1072
1079, 1085
1093, 1099
1096, 1102
1181, 1187
1197, 1203
1210, 1216
1291, 1297
1300, 1306
1303, 1309
1316, 1322
1329, 1335
1331, 1337
1337, 1343
1361, 1367
1370, 1376
1395, 1401
1404, 1410
1446, 1452
1503, 1509
1509, 1515
1552, 1558
1554, 1560
1556, 1562
1558, 1564
1572, 1578
1575, 1581
1578, 1584
1591, 1597
1649, 1655
1655, 1661
1664, 1670
1670, 1676
1676, 1682
1694, 1700
1707, 1713
1719, 1725
1776, 1782
1817, 1823
1841, 1847
1847, 1853
1849, 1855
1855, 1861
1868, 1874
1877, 1883
1883, 1889
1939, 1945
4, 11
24, 31
59, 66
110, 117
126, 133
133, 140
152, 159
165, 172
181, 188
210, 217
268, 275
281, 288
298, 305
305, 312
325, 332
335, 342
362, 369
407, 414
431, 438
443, 450
450, 457
452, 459
479, 486
486, 493
493, 500
505, 512
526, 533
567, 574
586, 593
635, 642
646, 653
656, 663
658, 665
668, 675
695, 702
728, 735
741, 748
780, 787
787, 794
794, 801
818, 825
839, 846
881, 888
899, 906
911, 918
939, 946
964, 971
971, 978
984, 991
1005, 1012
1012, 1019
1019, 1026
1029, 1036
1039, 1046
1041, 1048
1059, 1066
1072, 1079
1105, 1112
1120, 1127
1132, 1139
1144, 1151
1151, 1158
1158, 1165
1168, 1175
1187, 1194
1203, 1210
1216, 1223
1231, 1238
1238, 1245
1245, 1252
1264, 1271
1271, 1278
1278, 1285
1288, 1295
1309, 1316
1322, 1329
1343, 1350
1354, 1361
1367, 1374
1401, 1408
1415, 1422
1422, 1429
1436, 1443
1460, 1467
1472, 1479
1534, 1541
1552, 1559
1555, 1562
1557, 1564
1584, 1591
1615, 1622
1628, 1635
1639, 1646
1682, 1689
1700, 1707
1732, 1739
1747, 1754
1760, 1767
1788, 1795
1810, 1817
1826, 1833
1838, 1845
1840, 1847
1861, 1868
1900, 1907
1907, 1914
1919, 1926
1926, 1933
1936, 1943
1945, 1952
1952, 1959
42, 50
78, 86
188, 196
222, 230
239, 247
284, 292
312, 320
375, 383
459, 467
515, 523
518, 526
556, 564
627, 635
638, 646
681, 689
708, 716
751, 759
754, 762
801, 809
815, 823
873, 881
918, 926
1064, 1072
1085, 1093
1252, 1260
1329, 1337
1346, 1354
1376, 1384
1384, 1392
1449, 1457
1479, 1487
1487, 1495
1495, 1503
1503, 1511
1507, 1515
1518, 1526
1541, 1549
1552, 1560
1554, 1562
1556, 1564
1564, 1572
1591, 1599
1664, 1672
1739, 1747
1757, 1765
1798, 1806
1847, 1855
1889, 1897
15, 24
37, 46
50, 59
89, 98
98, 107
140, 149
201, 210
250, 259
383, 392
419, 428
450, 459
553, 562
599, 608
618, 627
656, 665
719, 728
771, 780
852, 861
861, 870
870, 879
921, 930
930, 939
955, 964
996, 1005
1039, 1048
1059, 1068
1093, 1102
1123, 1132
1178, 1187
1194, 1203
1255, 1264
1288, 1297
1300, 1309
1367, 1376
1392, 1401
1401, 1410
1555, 1564
1572, 1581
1575, 1584
1646, 1655
1661, 1670
1707, 1716
1716, 1725
1776, 1785
1801, 1810
1838, 1847
1868, 1877
1874, 1883
1936, 1945
110, 120
123, 133
149, 159
162, 172
178, 188
191, 201
253, 263
268, 278
325, 335
365, 375
428, 438
505, 515
538, 548
567, 577
586, 596
608, 618
653, 663
665, 675
815, 825
829, 839
842, 852
971, 981
1019, 1029
1062, 1072
1102, 1112
1117, 1127
1165, 1175
1168, 1178
1187, 1197
1206, 1216
1228, 1238
1278, 1288
1312, 1322
1357, 1367
1436, 1446
1457, 1467
1521, 1531
1552, 1562
1554, 1564
1599, 1609
1612, 1622
1625, 1635
1700, 1710
1719, 1729
1747, 1757
1757, 1767
1785, 1795
1813, 1823
1858, 1868
1952, 1962
4, 15
78, 89
236, 247
281, 292
305, 316
515, 526
553, 564
635, 646
748, 759
751, 762
818, 829
870, 881
1343, 1354
1370, 1381
1422, 1433
1446, 1457
1534, 1545
1628, 1639
1661, 1672
1689, 1700
1760, 1771
1886, 1897
1889, 1900
98, 110
210, 222
308, 320
335, 347
350, 362
386, 398
392, 404
407, 419
431, 443
467, 479
493, 505
526, 538
653, 665
716, 728
894, 906
899, 911
918, 930
984, 996
1036, 1048
1105, 1117
1120, 1132
1132, 1144
1216, 1228
1252, 1264
1288, 1300
1410, 1422
1460, 1472
1495, 1507
1503, 1515
1537, 1549
1552, 1564
1572, 1584
1649, 1661
1664, 1676
1682, 1694
1732, 1744
1798, 1810
1826, 1838
1907, 1919
1933, 1945
24, 37
37, 50
59, 72
110, 123
149, 162
162, 175
175, 188
188, 201
217, 230
250, 263
268, 281
292, 305
312, 325
362, 375
567, 580
586, 599
668, 681
695, 708
728, 741
735, 748
839, 852
881, 894
939, 952
971, 984
1059, 1072
1072, 1085
1165, 1178
1203, 1216
1309, 1322
1354, 1367
1482, 1495
1498, 1511
1518, 1531
1521, 1534
1549, 1562
1609, 1622
1700, 1713
1716, 1729
1719, 1732
1782, 1795
1785, 1798
1810, 1823
1855, 1868
126, 140
196, 210
236, 250
284, 298
369, 383
479, 493
553, 567
675, 689
748, 762
787, 801
815, 829
991, 1005
1005, 1019
1039, 1053
1151, 1165
1238, 1252
1329, 1343
1367, 1381
1370, 1384
1387, 1401
1401, 1415
1422, 1436
1495, 1509
1625, 1639
1757, 1771
1833, 1847
1883, 1897
1886, 1900
1900, 1914
253, 268
305, 320
335, 350
383, 398
392, 407
428, 443
533, 548
538, 553
599, 614
765, 780
794, 809
1053, 1068
1102, 1117
1117, 1132
1322, 1337
1457, 1472
1534, 1549
1549, 1564
1584, 1599
1646, 1661
1661, 1676
1682, 1697
1732, 1747
1868, 1883
59, 75
443, 459
602, 618
630, 646
665, 681
818, 834
839, 855
939, 955
1056, 1072
1187, 1203
1255, 1271
1479, 1495
1495, 1511
1515, 1531
1518, 1534
1700, 1716
1716, 1732
1760, 1776
1779, 1795
1782, 1798
1810, 1826
1936, 1952
123, 140
281, 298
288, 305
308, 325
450, 467
675, 692
748, 765
894, 911
1036, 1053
1085, 1102
1367, 1384
1384, 1401
1498, 1515
1622, 1639
1838, 1855
1883, 1900
89, 107
250, 268
365, 383
386, 404
881, 899
1415, 1433
1591, 1609
1661, 1679
1664, 1682
1682, 1700
59, 78
191, 210
419, 438
567, 586
599, 618
627, 646
646, 665
815, 834
911, 930
939, 958
1053, 1072
1132, 1151
1252, 1271
1515, 1534
1549, 1568
1757, 1776
1776, 1795
1779, 1798
1900, 1919
1933, 1952
4, 24
210, 230
305, 325
533, 553
665, 685
675, 695
728, 748
861, 881
1495, 1515
1552, 1572
1584, 1604
89, 110
284, 305
335, 356
362, 383
383, 404
386, 407
505, 526
668, 689
695, 716
818, 839
918, 939
984, 1005
1288, 1309
1322, 1343
1401, 1422
1415, 1436
1446, 1467
1661, 1682
1826, 1847
188, 210
526, 548
787, 809
839, 861
1165, 1187
1216, 1238
1639, 1661
1776, 1798
1833, 1855
748, 771
1410, 1433
1449, 1472
1472, 1495
1495, 1518
1549, 1572
281, 305
383, 407
419, 443
443, 467
665, 689
668, 692
815, 839
1005, 1029
1029, 1053
602, 627
716, 741
881, 906
939, 964
1584, 1609
24, 50
149, 175
175, 201
210, 236
1410, 1436
1446, 1472
1549, 1575
1874, 1900
1900, 1926
1926, 1952
335, 362
526, 553
665, 692
668, 695
1105, 1132
1151, 1178
1612, 1639
599, 627
787, 815
911, 939
1855, 1883
24, 53
719, 748
1549, 1578
1747, 1776
1826, 1855
59, 89
110, 140
443, 473
665, 695
881, 911
1072, 1102
1102, 1132
1354, 1384
1609, 1639
839, 870
1278, 1309
178, 210
236, 268
716, 748
748, 780
939, 971
1322, 1354
1401, 1433
1549, 1581
1552, 1584
1700, 1732
1868, 1900
493, 526
1238, 1271
1367, 1401
1776, 1810
24, 59
175, 210
1203, 1238
1401, 1436
1549, 1584
407, 443
443, 479
1036, 1072
1151, 1187
1436, 1472
1495, 1531
1498, 1534
1646, 1682
1926, 1962
268, 305
325, 362
1584, 1622
1093, 1132
1495, 1534
210, 250
708, 748
1238, 1278
526, 567
586, 627
1757, 1798
653, 695
839, 881
1826, 1868
443, 486
1029, 1072
1639, 1682
281, 325
362, 407
939, 984
1309, 1354
1855, 1900
599, 646
1085, 1132
1354, 1401
162, 210
646, 695
443, 493
1534, 1584
1682, 1732
59, 110
1747, 1798
787, 839
1151, 1203
1900, 1952
695, 748
1757, 1810
1584, 1639
268, 325
1826, 1883
210, 268
881, 939
526, 586
586, 646
1072, 1132
149, 210
1472, 1534
1900, 1962
708, 771
1747, 1810
716, 780
939, 1005
1005, 1072
1367, 1436
140, 210
695, 765
716, 787
1132, 1203
1238, 1309
335, 407
708, 780
1826, 1900
695, 771
1732, 1810
708, 787
325, 407
1354, 1436
443, 526
695, 780
1810, 1900
695, 787
1436, 1534
1584, 1682
110, 210
1029, 1132
1203, 1309
586, 695
1472, 1584
210, 325
1005, 1132
1682, 1810
646, 780
1826, 1962
268, 407
646, 787
984, 1132
1436, 1584
1584, 1732
59, 210
1810, 1962
268, 443
939, 1132
586, 780
210, 407
1005, 1203
586, 787
984, 1203
567, 787
1584, 1810
1354, 1584
210, 443
586, 839
526, 787
939, 1203
567, 839
1309, 1584
493, 787
526, 839
881, 1203
443, 787
493, 839
59, 407
526, 881
59, 443
493, 881
443, 839
881, 1309
443, 881
1354, 1810
1309, 1810
1203, 1810
59, 787
59, 839
59, 881
881, 1810
