0, 1
1, 2
2, 3
3, 4
4, 5
5, 6
6, 7
7, 8
8, 9
9, 10
10, 11
11, 12
12, 13
13, 14
14, 15
15, 16
16, 17
17, 18
18, 19
19, 20
20, 21
21, 22
22, 23
23, 24
24, 25
25, 26
26, 27
27, 28
28, 29
29, 30
30, 31
31, 32
32, 33
33, 34
34, 35
35, 36
36, 37
37, 38
38, 39
39, 40
40, 41
41, 42
42, 43
43, 44
44, 45
45, 46
46, 47
47, 48
48, 49
49, 50
50, 51
51, 52
52, 53
53, 54
54, 55
55, 56
56, 57
57, 58
58, 59
59, 60
60, 61
61, 62
62, 63
63, 64
64, 65
65, 66
66, 67
67, 68
68, 69
69, 70
70, 71
71, 72
72, 73
73, 74
74, 75
75, 76
76, 77
77, 78
78, 79
79, 80
80, 81
81, 82
82, 83
83, 84
84, 85
85, 86
86, 87
87, 88
88, 89
89, 90
90, 91
91, 92
92, 93
93, 94
94, 95
95, 96
96, 97
97, 98
98, 99
99, 100
100, 101
101, 102
102, 103
103, 104
104, 105
105, 106
106, 107
107, 108
108, 109
109, 110
110, 111
111, 112
112, 113
113, 114
114, 115
115, 116
116, 117
117, 118
118, 119
119, 120
120, 121
121, 122
122, 123
123, 124
124, 125
125, 126
126, 127
127, 128
128, 129
129, 130
130, 131
131, 132
132, 133
133, 134
134, 135
135, 136
136, 137
137, 138
138, 139
139, 140
140, 141
141, 142
142, 143
143, 144
144, 145
145, 146
146, 147
147, 148
148, 149
149, 150
150, 151
151, 152
152, 153
153, 154
154, 155
155, 156
156, 157
157, 158
158, 159
159, 160
160, 161
161, 162
162, 163
163, 164
164, 165
165, 166
166, 167
167, 168
168, 169
169, 170
170, 171
171, 172
172, 173
173, 174
174, 175
175, 176
176, 177
177, 178
178, 179
179, 180
180, 181
181, 182
182, 183
183, 184
184, 185
185, 186
186, 187
187, 188
188, 189
189, 190
190, 191
191, 192
192, 193
193, 194
194, 195
195, 196
196, 197
197, 198
198, 199
199, 200
200, 201
201, 202
202, 203
203, 204
204, 205
205, 206
206, 207
207, 208
208, 209
209, 210
210, 211
211, 212
212, 213
213, 214
214, 215
215, 216
216, 217
217, 218
218, 219
219, 220
220, 221
221, 222
222, 223
223, 224
224, 225
225, 226
226, 227
227, 228
228, 229
229, 230
230, 231
231, 232
232, 233
233, 234
234, 235
235, 236
236, 237
237, 238
238, 239
239, 240
240, 241
241, 242
242, 243
243, 244
244, 245
245, 246
246, 247
247, 248
248, 249
249, 250
250, 251
251, 252
252, 253
253, 254
254, 255
255, 256
256, 257
257, 258
258, 259
259, 260
260, 261
261, 262
262, 263
263, 264
264, 265
265, 266
266, 267
267, 268
268, 269
269, 270
270, 271
271, 272
272, 273
273, 274
274, 275
275, 276
276, 277
277, 278
278, 279
279, 280
280, 281
281, 282
282, 283
283, 284
284, 285
285, 286
286, 287
287, 288
288, 289
289, 290
290, 291
291, 292
292, 293
293, 294
294, 295
295, 296
296, 297
297, 298
298, 299
299, 300
300, 301
301, 302
302, 303
303, 304
304, 305
305, 306
306, 307
307, 308
308, 309
309, 310
310, 311
311, 312
312, 313
313, 314
314, 315
315, 316
316, 317
317, 318
318, 319
319, 320
320, 321
321, 322
322, 323
323, 324
324, 325
325, 326
326, 327
327, 328
328, 329
329, 330
330, 331
331, 332
332, 333
333, 334
334, 335
335, 336
336, 337
337, 338
338, 339
339, 340
340, 341
341, 342
342, 343
343, 344
344, 345
345, 346
346, 347
347, 348
348, 349
349, 350
350, 351
351, 352
352, 353
353, 354
354, 355
355, 356
356, 357
357, 358
358, 359
359, 360
360, 361
361, 362
362, 363
363, 364
364, 365
365, 366
366, 367
367, 368
0, 2
2, 4
4, 6
7, 9
9, 11
11, 13
13, 15
15, 17
18, 20
19, 21
21, 23
22, 24
24, 26
25, 27
27, 29
29, 31
31, 33
33, 35
35, 37
37, 39
40, 42
42, 44
44, 46
46, 48
48, 50
50, 52
51, 53
53, 55
54, 56
56, 58
57, 59
59, 61
60, 62
62, 64
64, 66
66, 68
68, 70
70, 72
72, 74
73, 75
75, 77
76, 78
78, 80
79, 81
81, 83
84, 86
86, 88
87, 89
89, 91
90, 92
92, 94
94, 96
96, 98
98, 100
101, 103
103, 105
105, 107
107, 109
108, 110
110, 112
111, 113
113, 115
115, 117
117, 119
118, 120
120, 122
121, 123
123, 125
124, 126
126, 128
129, 131
131, 133
133, 135
136, 138
138, 140
140, 142
141, 143
143, 145
145, 147
147, 149
149, 151
150, 152
152, 154
155, 157
157, 159
159, 161
160, 162
162, 164
163, 165
165, 167
168, 170
170, 172
172, 174
173, 175
175, 177
176, 178
178, 180
181, 183
184, 186
186, 188
188, 190
191, 193
194, 196
196, 198
199, 201
201, 203
204, 206
206, 208
208, 210
210, 212
211, 213
213, 215
215, 217
217, 219
220, 222
222, 224
224, 226
226, 228
228, 230
230, 232
231, 233
233, 235
234, 236
236, 238
237, 239
239, 241
241, 243
243, 245
245, 247
247, 249
248, 250
250, 252
251, 253
253, 255
255, 257
257, 259
259, 261
261, 263
263, 265
266, 268
268, 270
269, 271
271, 273
273, 275
275, 277
276, 278
278, 280
279, 281
281, 283
282, 284
284, 286
286, 288
288, 290
290, 292
292, 294
294, 296
296, 298
298, 300
301, 303
303, 305
305, 307
306, 308
308, 310
310, 312
312, 314
314, 316
316, 318
318, 320
320, 322
323, 325
325, 327
326, 328
328, 330
330, 332
332, 334
333, 335
335, 337
336, 338
338, 340
340, 342
342, 344
345, 347
347, 349
348, 350
350, 352
351, 353
353, 355
354, 356
356, 358
357, 359
359, 361
360, 362
362, 364
363, 365
365, 367
4, 7
15, 18
18, 21
21, 24
24, 27
31, 34
37, 40
50, 53
53, 56
56, 59
59, 62
72, 75
75, 78
78, 81
81, 84
86, 89
89, 92
92, 95
98, 101
107, 110
110, 113
117, 120
120, 123
123, 126
126, 129
133, 136
140, 143
149, 152
152, 155
159, 162
162, 165
165, 168
172, 175
175, 178
178, 181
181, 184
188, 191
191, 194
196, 199
201, 204
210, 213
217, 220
222, 225
230, 233
233, 236
236, 239
239, 242
247, 250
250, 253
253, 256
263, 266
268, 271
275, 278
278, 281
281, 284
292, 295
298, 301
305, 308
320, 323
325, 328
332, 335
335, 338
342, 345
347, 350
350, 353
353, 356
356, 359
359, 362
362, 365
4, 8
7, 11
11, 15
27, 31
31, 35
33, 37
42, 46
46, 50
62, 66
66, 70
92, 96
94, 98
101, 105
103, 107
113, 117
129, 133
136, 140
143, 147
145, 149
155, 159
168, 172
206, 210
213, 217
222, 226
224, 228
226, 230
239, 243
241, 245
243, 247
253, 257
255, 259
259, 263
271, 275
284, 288
288, 292
292, 296
294, 298
301, 305
308, 312
312, 316
316, 320
328, 332
338, 342
4, 9
6, 11
24, 29
37, 42
59, 64
81, 86
110, 115
126, 131
152, 157
154, 159
181, 186
191, 196
196, 201
201, 206
210, 215
217, 222
225, 230
242, 247
263, 268
268, 273
298, 303
320, 325
325, 330
342, 347
15, 21
18, 24
31, 37
53, 59
66, 72
72, 78
92, 98
101, 107
117, 123
143, 149
175, 181
204, 210
222, 228
224, 230
230, 236
239, 245
241, 247
253, 259
275, 281
292, 298
350, 356
356, 362
4, 11
24, 31
59, 66
110, 117
126, 133
133, 140
152, 159
165, 172
181, 188
210, 217
268, 275
281, 288
298, 305
305, 312
325, 332
335, 342
42, 50
78, 86
188, 196
222, 230
239, 247
284, 292
312, 320
15, 24
37, 46
50, 59
89, 98
98, 107
140, 149
201, 210
250, 259
110, 120
123, 133
149, 159
162, 172
178, 188
191, 201
253, 263
268, 278
325, 335
4, 15
78, 89
236, 247
281, 292
305, 316
98, 110
210, 222
308, 320
335, 347
350, 362
24, 37
37, 50
59, 72
110, 123
149, 162
162, 175
175, 188
188, 201
217, 230
250, 263
268, 281
292, 305
312, 325
126, 140
196, 210
236, 250
284, 298
253, 268
305, 320
335, 350
59, 75
123, 140
281, 298
288, 305
308, 325
89, 107
250, 268
59, 78
191, 210
4, 24
210, 230
305, 325
89, 110
284, 305
335, 356
188, 210
281, 305
24, 50
149, 175
175, 201
210, 236
335, 362
24, 53
59, 89
110, 140
178, 210
236, 268
24, 59
175, 210
268, 305
325, 362
210, 250
281, 325
162, 210
59, 110
268, 325
210, 268
149, 210
140, 210
110, 210
210, 325
59, 210
