0, 1
1, 2
2, 3
3, 4
4, 5
5, 6
6, 7
7, 8
8, 9
9, 10
10, 11
11, 12
12, 13
13, 14
14, 15
15, 16
16, 17
17, 18
18, 19
19, 20
20, 21
21, 22
22, 23
23, 24
24, 25
25, 26
26, 27
27, 28
28, 29
29, 30
30, 31
31, 32
32, 33
33, 34
34, 35
35, 36
36, 37
37, 38
38, 39
39, 40
40, 41
41, 42
42, 43
43, 44
44, 45
45, 46
46, 47
47, 48
48, 49
49, 50
50, 51
51, 52
52, 53
53, 54
54, 55
55, 56
56, 57
57, 58
58, 59
59, 60
60, 61
61, 62
62, 63
63, 64
64, 65
65, 66
66, 67
67, 68
68, 69
69, 70
70, 71
71, 72
72, 73
73, 74
74, 75
75, 76
76, 77
77, 78
78, 79
79, 80
80, 81
81, 82
82, 83
83, 84
84, 85
85, 86
86, 87
87, 88
88, 89
89, 90
90, 91
91, 92
92, 93
93, 94
94, 95
95, 96
96, 97
97, 98
98, 99
99, 100
100, 101
101, 102
102, 103
103, 104
104, 105
105, 106
106, 107
107, 108
108, 109
109, 110
110, 111
111, 112
112, 113
113, 114
114, 115
115, 116
116, 117
117, 118
118, 119
119, 120
120, 121
121, 122
122, 123
123, 124
124, 125
125, 126
126, 127
127, 128
128, 129
129, 130
130, 131
131, 132
132, 133
133, 134
134, 135
135, 136
136, 137
137, 138
138, 139
139, 140
140, 141
141, 142
142, 143
143, 144
144, 145
145, 146
146, 147
147, 148
148, 149
149, 150
150, 151
151, 152
152, 153
153, 154
154, 155
155, 156
156, 157
157, 158
158, 159
159, 160
160, 161
161, 162
162, 163
163, 164
164, 165
165, 166
166, 167
167, 168
168, 169
169, 170
170, 171
171, 172
172, 173
173, 174
174, 175
175, 176
176, 177
177, 178
178, 179
179, 180
180, 181
181, 182
182, 183
183, 184
184, 185
185, 186
186, 187
187, 188
188, 189
189, 190
190, 191
191, 192
192, 193
193, 194
194, 195
195, 196
196, 197
197, 198
198, 199
199, 200
200, 201
201, 202
202, 203
203, 204
204, 205
205, 206
206, 207
207, 208
208, 209
209, 210
210, 211
211, 212
212, 213
213, 214
214, 215
215, 216
216, 217
217, 218
218, 219
219, 220
220, 221
221, 222
222, 223
223, 224
224, 225
225, 226
226, 227
227, 228
228, 229
229, 230
230, 231
231, 232
232, 233
233, 234
234, 235
235, 236
236, 237
237, 238
238, 239
239, 240
240, 241
241, 242
242, 243
243, 244
244, 245
245, 246
246, 247
247, 248
248, 249
249, 250
250, 251
251, 252
252, 253
253, 254
254, 255
255, 256
256, 257
257, 258
258, 259
259, 260
260, 261
261, 262
262, 263
263, 264
264, 265
265, 266
266, 267
267, 268
268, 269
269, 270
270, 271
271, 272
272, 273
273, 274
274, 275
275, 276
276, 277
277, 278
278, 279
279, 280
280, 281
281, 282
282, 283
283, 284
284, 285
285, 286
286, 287
287, 288
288, 289
289, 290
290, 291
291, 292
292, 293
293, 294
294, 295
295, 296
296, 297
297, 298
298, 299
299, 300
300, 301
301, 302
302, 303
303, 304
304, 305
305, 306
306, 307
307, 308
308, 309
309, 310
310, 311
311, 312
312, 313
313, 314
314, 315
315, 316
316, 317
317, 318
318, 319
319, 320
320, 321
321, 322
322, 323
323, 324
324, 325
325, 326
326, 327
327, 328
328, 329
329, 330
330, 331
331, 332
332, 333
333, 334
334, 335
335, 336
336, 337
337, 338
338, 339
339, 340
340, 341
341, 342
342, 343
343, 344
344, 345
345, 346
346, 347
347, 348
348, 349
349, 350
350, 351
351, 352
352, 353
353, 354
354, 355
355, 356
356, 357
357, 358
358, 359
359, 360
360, 361
361, 362
362, 363
363, 364
364, 365
365, 366
366, 367
367, 368
368, 369
369, 370
370, 371
371, 372
372, 373
373, 374
374, 375
375, 376
376, 377
377, 378
378, 379
379, 380
380, 381
381, 382
382, 383
383, 384
384, 385
385, 386
386, 387
387, 388
388, 389
389, 390
390, 391
391, 392
392, 393
393, 394
394, 395
395, 396
396, 397
397, 398
398, 399
399, 400
400, 401
401, 402
402, 403
403, 404
404, 405
405, 406
406, 407
407, 408
408, 409
409, 410
410, 411
411, 412
412, 413
413, 414
414, 415
415, 416
416, 417
417, 418
418, 419
419, 420
420, 421
421, 422
422, 423
423, 424
424, 425
425, 426
426, 427
427, 428
428, 429
429, 430
430, 431
431, 432
432, 433
433, 434
434, 435
435, 436
436, 437
437, 438
438, 439
439, 440
440, 441
441, 442
442, 443
443, 444
444, 445
445, 446
446, 447
447, 448
448, 449
449, 450
450, 451
451, 452
452, 453
453, 454
454, 455
455, 456
456, 457
457, 458
458, 459
459, 460
460, 461
461, 462
462, 463
463, 464
464, 465
465, 466
466, 467
467, 468
468, 469
469, 470
470, 471
471, 472
472, 473
473, 474
474, 475
475, 476
476, 477
477, 478
478, 479
479, 480
480, 481
481, 482
482, 483
483, 484
484, 485
485, 486
486, 487
487, 488
488, 489
489, 490
490, 491
491, 492
492, 493
493, 494
494, 495
495, 496
496, 497
497, 498
498, 499
499, 500
500, 501
501, 502
502, 503
503, 504
504, 505
505, 506
506, 507
507, 508
508, 509
509, 510
510, 511
511, 512
512, 513
513, 514
514, 515
515, 516
516, 517
517, 518
518, 519
519, 520
520, 521
521, 522
522, 523
523, 524
524, 525
525, 526
526, 527
527, 528
528, 529
529, 530
530, 531
531, 532
532, 533
533, 534
534, 535
535, 536
536, 537
537, 538
538, 539
539, 540
540, 541
541, 542
542, 543
543, 544
544, 545
545, 546
546, 547
547, 548
548, 549
549, 550
550, 551
551, 552
552, 553
553, 554
554, 555
555, 556
556, 557
557, 558
558, 559
559, 560
560, 561
561, 562
562, 563
563, 564
564, 565
565, 566
566, 567
567, 568
568, 569
569, 570
570, 571
571, 572
572, 573
573, 574
574, 575
575, 576
576, 577
577, 578
578, 579
579, 580
580, 581
581, 582
582, 583
583, 584
584, 585
585, 586
586, 587
587, 588
588, 589
589, 590
590, 591
591, 592
592, 593
593, 594
594, 595
595, 596
596, 597
597, 598
598, 599
599, 600
600, 601
601, 602
602, 603
603, 604
604, 605
605, 606
606, 607
607, 608
608, 609
609, 610
610, 611
611, 612
612, 613
613, 614
614, 615
615, 616
616, 617
617, 618
618, 619
619, 620
620, 621
621, 622
622, 623
623, 624
624, 625
625, 626
626, 627
627, 628
628, 629
629, 630
630, 631
631, 632
632, 633
633, 634
634, 635
635, 636
636, 637
637, 638
638, 639
639, 640
640, 641
641, 642
642, 643
643, 644
644, 645
645, 646
646, 647
647, 648
648, 649
649, 650
650, 651
651, 652
652, 653
653, 654
654, 655
655, 656
656, 657
657, 658
658, 659
659, 660
660, 661
661, 662
662, 663
663, 664
664, 665
665, 666
666, 667
667, 668
668, 669
669, 670
670, 671
671, 672
672, 673
673, 674
674, 675
675, 676
676, 677
677, 678
678, 679
679, 680
680, 681
681, 682
682, 683
683, 684
684, 685
685, 686
686, 687
687, 688
688, 689
689, 690
690, 691
691, 692
692, 693
693, 694
694, 695
695, 696
696, 697
697, 698
698, 699
699, 700
700, 701
701, 702
702, 703
703, 704
704, 705
705, 706
706, 707
707, 708
708, 709
709, 710
710, 711
711, 712
712, 713
713, 714
714, 715
715, 716
716, 717
717, 718
718, 719
719, 720
720, 721
721, 722
722, 723
723, 724
724, 725
725, 726
726, 727
727, 728
728, 729
729, 730
730, 731
731, 732
732, 733
733, 734
734, 735
735, 736
736, 737
737, 738
738, 739
739, 740
740, 741
741, 742
742, 743
743, 744
744, 745
745, 746
746, 747
747, 748
748, 749
749, 750
750, 751
751, 752
752, 753
753, 754
754, 755
755, 756
756, 757
757, 758
758, 759
759, 760
760, 761
761, 762
762, 763
763, 764
764, 765
765, 766
766, 767
767, 768
768, 769
769, 770
770, 771
771, 772
772, 773
773, 774
774, 775
775, 776
776, 777
777, 778
778, 779
779, 780
780, 781
781, 782
782, 783
783, 784
784, 785
785, 786
786, 787
787, 788
788, 789
789, 790
790, 791
791, 792
792, 793
793, 794
794, 795
795, 796
796, 797
797, 798
798, 799
799, 800
800, 801
801, 802
802, 803
803, 804
804, 805
805, 806
806, 807
807, 808
808, 809
809, 810
810, 811
811, 812
812, 813
813, 814
814, 815
815, 816
816, 817
817, 818
818, 819
819, 820
820, 821
821, 822
822, 823
823, 824
824, 825
825, 826
826, 827
827, 828
828, 829
829, 830
830, 831
831, 832
832, 833
833, 834
834, 835
835, 836
836, 837
837, 838
838, 839
839, 840
840, 841
841, 842
842, 843
843, 844
844, 845
845, 846
846, 847
847, 848
848, 849
849, 850
850, 851
851, 852
852, 853
853, 854
854, 855
855, 856
856, 857
857, 858
858, 859
859, 860
860, 861
861, 862
862, 863
863, 864
864, 865
865, 866
866, 867
867, 868
868, 869
869, 870
870, 871
871, 872
872, 873
873, 874
874, 875
875, 876
876, 877
877, 878
878, 879
879, 880
880, 881
881, 882
882, 883
883, 884
884, 885
885, 886
886, 887
887, 888
888, 889
889, 890
890, 891
891, 892
892, 893
893, 894
894, 895
895, 896
896, 897
897, 898
898, 899
899, 900
900, 901
901, 902
902, 903
903, 904
904, 905
905, 906
906, 907
907, 908
908, 909
909, 910
910, 911
911, 912
912, 913
913, 914
914, 915
915, 916
916, 917
917, 918
918, 919
919, 920
920, 921
921, 922
922, 923
923, 924
924, 925
925, 926
926, 927
927, 928
928, 929
929, 930
930, 931
931, 932
932, 933
933, 934
934, 935
935, 936
936, 937
937, 938
938, 939
939, 940
940, 941
941, 942
942, 943
943, 944
944, 945
945, 946
946, 947
947, 948
948, 949
949, 950
950, 951
951, 952
0, 2
2, 4
4, 6
7, 9
9, 11
11, 13
13, 15
15, 17
18, 20
19, 21
21, 23
22, 24
24, 26
25, 27
27, 29
29, 31
31, 33
33, 35
35, 37
37, 39
40, 42
42, 44
44, 46
46, 48
48, 50
50, 52
51, 53
53, 55
54, 56
56, 58
57, 59
59, 61
60, 62
62, 64
64, 66
66, 68
68, 70
70, 72
72, 74
73, 75
75, 77
76, 78
78, 80
79, 81
81, 83
84, 86
86, 88
87, 89
89, 91
90, 92
92, 94
94, 96
96, 98
98, 100
101, 103
103, 105
105, 107
107, 109
108, 110
110, 112
111, 113
113, 115
115, 117
117, 119
118, 120
120, 122
121, 123
123, 125
124, 126
126, 128
129, 131
131, 133
133, 135
136, 138
138, 140
140, 142
141, 143
143, 145
145, 147
147, 149
149, 151
150, 152
152, 154
155, 157
157, 159
159, 161
160, 162
162, 164
163, 165
165, 167
168, 170
170, 172
172, 174
173, 175
175, 177
176, 178
178, 180
181, 183
184, 186
186, 188
188, 190
191, 193
194, 196
196, 198
199, 201
201, 203
204, 206
206, 208
208, 210
210, 212
211, 213
213, 215
215, 217
217, 219
220, 222
222, 224
224, 226
226, 228
228, 230
230, 232
231, 233
233, 235
234, 236
236, 238
237, 239
239, 241
241, 243
243, 245
245, 247
247, 249
248, 250
250, 252
251, 253
253, 255
255, 257
257, 259
259, 261
261, 263
263, 265
266, 268
268, 270
269, 271
271, 273
273, 275
275, 277
276, 278
278, 280
279, 281
281, 283
282, 284
284, 286
286, 288
288, 290
290, 292
292, 294
294, 296
296, 298
298, 300
301, 303
303, 305
305, 307
306, 308
308, 310
310, 312
312, 314
314, 316
316, 318
318, 320
320, 322
323, 325
325, 327
326, 328
328, 330
330, 332
332, 334
333, 335
335, 337
336, 338
338, 340
340, 342
342, 344
345, 347
347, 349
348, 350
350, 352
351, 353
353, 355
354, 356
356, 358
357, 359
359, 361
360, 362
362, 364
363, 365
365, 367
367, 369
369, 371
371, 373
373, 375
375, 377
377, 379
379, 381
381, 383
383, 385
384, 386
386, 388
388, 390
390, 392
392, 394
394, 396
396, 398
398, 400
400, 402
402, 404
404, 406
405, 407
407, 409
408, 410
410, 412
412, 414
414, 416
417, 419
419, 421
420, 422
422, 424
424, 426
426, 428
428, 430
431, 433
434, 436
436, 438
438, 440
441, 443
443, 445
444, 446
446, 448
448, 450
450, 452
453, 455
455, 457
457, 459
459, 461
461, 463
463, 465
465, 467
467, 469
468, 470
470, 472
471, 473
473, 475
474, 476
476, 478
477, 479
479, 481
480, 482
482, 484
484, 486
486, 488
487, 489
489, 491
491, 493
493, 495
494, 496
496, 498
498, 500
500, 502
503, 505
505, 507
506, 508
508, 510
510, 512
512, 514
513, 515
515, 517
516, 518
518, 520
521, 523
523, 525
524, 526
526, 528
527, 529
529, 531
531, 533
533, 535
536, 538
538, 540
540, 542
542, 544
544, 546
546, 548
548, 550
551, 553
553, 555
554, 556
556, 558
558, 560
560, 562
562, 564
564, 566
565, 567
567, 569
568, 570
570, 572
572, 574
574, 576
577, 579
578, 580
580, 582
581, 583
583, 585
584, 586
586, 588
587, 589
589, 591
591, 593
593, 595
594, 596
596, 598
597, 599
599, 601
600, 602
602, 604
604, 606
606, 608
608, 610
610, 612
612, 614
614, 616
616, 618
618, 620
621, 623
623, 625
625, 627
627, 629
628, 630
630, 632
633, 635
635, 637
638, 640
640, 642
642, 644
644, 646
646, 648
647, 649
649, 651
651, 653
653, 655
654, 656
656, 658
659, 661
661, 663
663, 665
665, 667
666, 668
668, 670
671, 673
673, 675
675, 677
677, 679
679, 681
681, 683
683, 685
685, 687
687, 689
689, 691
690, 692
692, 694
693, 695
695, 697
696, 698
698, 700
700, 702
702, 704
703, 705
705, 707
706, 708
708, 710
709, 711
711, 713
714, 716
716, 718
717, 719
719, 721
722, 724
724, 726
726, 728
728, 730
731, 733
733, 735
735, 737
737, 739
739, 741
741, 743
744, 746
746, 748
748, 750
749, 751
751, 753
754, 756
757, 759
759, 761
760, 762
762, 764
763, 765
765, 767
766, 768
768, 770
769, 771
771, 773
772, 774
774, 776
775, 777
777, 779
778, 780
780, 782
781, 783
783, 785
785, 787
787, 789
788, 790
790, 792
792, 794
794, 796
797, 799
799, 801
801, 803
803, 805
805, 807
807, 809
809, 811
810, 812
812, 814
813, 815
815, 817
816, 818
818, 820
821, 823
823, 825
825, 827
827, 829
829, 831
832, 834
834, 836
837, 839
839, 841
840, 842
842, 844
844, 846
846, 848
848, 850
850, 852
852, 854
853, 855
855, 857
856, 858
858, 860
859, 861
861, 863
862, 864
864, 866
866, 868
868, 870
870, 872
871, 873
873, 875
875, 877
877, 879
879, 881
881, 883
882, 884
884, 886
886, 888
888, 890
890, 892
892, 894
894, 896
897, 899
899, 901
902, 904
904, 906
906, 908
909, 911
911, 913
912, 914
914, 916
916, 918
918, 920
919, 921
921, 923
924, 926
926, 928
928, 930
930, 932
931, 933
933, 935
934, 936
936, 938
937, 939
939, 941
940, 942
942, 944
944, 946
946, 948
948, 950
950, 952
4, 7
15, 18
18, 21
21, 24
24, 27
31, 34
37, 40
50, 53
53, 56
56, 59
59, 62
72, 75
75, 78
78, 81
81, 84
86, 89
89, 92
92, 95
98, 101
107, 110
110, 113
117, 120
120, 123
123, 126
126, 129
133, 136
140, 143
149, 152
152, 155
159, 162
162, 165
165, 168
172, 175
175, 178
178, 181
181, 184
188, 191
191, 194
196, 199
201, 204
210, 213
217, 220
222, 225
230, 233
233, 236
236, 239
239, 242
247, 250
250, 253
253, 256
263, 266
268, 271
275, 278
278, 281
281, 284
292, 295
298, 301
305, 308
320, 323
325, 328
332, 335
335, 338
342, 345
347, 350
350, 353
353, 356
356, 359
359, 362
362, 365
375, 378
383, 386
386, 389
398, 401
404, 407
407, 410
414, 417
419, 422
422, 425
428, 431
431, 434
438, 441
443, 446
450, 453
459, 462
467, 470
470, 473
473, 476
476, 479
479, 482
486, 489
493, 496
500, 503
505, 508
512, 515
515, 518
518, 521
523, 526
526, 529
533, 536
538, 541
548, 551
553, 556
556, 559
564, 567
567, 570
574, 577
577, 580
580, 583
583, 586
586, 589
593, 596
596, 599
599, 602
602, 605
618, 621
627, 630
630, 633
635, 638
646, 649
653, 656
656, 659
665, 668
668, 671
689, 692
692, 695
695, 698
702, 705
705, 708
708, 711
711, 714
716, 719
719, 722
728, 731
735, 738
741, 744
748, 751
751, 754
754, 757
759, 762
762, 765
765, 768
768, 771
771, 774
774, 777
777, 780
780, 783
787, 790
794, 797
801, 804
809, 812
812, 815
815, 818
818, 821
829, 832
834, 837
839, 842
852, 855
855, 858
858, 861
861, 864
870, 873
873, 876
881, 884
894, 897
899, 902
906, 909
911, 914
918, 921
921, 924
930, 933
933, 936
936, 939
939, 942
946, 949
4, 8
7, 11
11, 15
27, 31
31, 35
33, 37
42, 46
46, 50
62, 66
66, 70
92, 96
94, 98
101, 105
103, 107
113, 117
129, 133
136, 140
143, 147
145, 149
155, 159
168, 172
206, 210
213, 217
222, 226
224, 228
226, 230
239, 243
241, 245
243, 247
253, 257
255, 259
259, 263
271, 275
284, 288
288, 292
292, 296
294, 298
301, 305
308, 312
312, 316
316, 320
328, 332
338, 342
365, 369
369, 373
375, 379
377, 381
379, 383
386, 390
388, 392
392, 396
398, 402
400, 404
410, 414
422, 426
424, 428
434, 438
446, 450
450, 454
453, 457
455, 459
459, 463
461, 465
463, 467
482, 486
489, 493
496, 500
508, 512
529, 533
538, 542
540, 544
544, 548
556, 560
558, 562
560, 564
570, 574
589, 593
602, 606
604, 608
608, 612
614, 618
621, 625
623, 627
638, 642
642, 646
649, 653
656, 660
659, 663
661, 665
668, 672
671, 675
675, 679
681, 685
685, 689
698, 702
724, 728
731, 735
735, 739
737, 741
744, 748
783, 787
790, 794
801, 805
803, 807
805, 809
825, 829
842, 846
846, 850
848, 852
864, 868
866, 870
873, 877
875, 879
877, 881
884, 888
888, 892
902, 906
914, 918
926, 930
942, 946
946, 950
948, 952
4, 9
6, 11
24, 29
37, 42
59, 64
81, 86
110, 115
126, 131
152, 157
154, 159
181, 186
191, 196
196, 201
201, 206
210, 215
217, 222
225, 230
242, 247
263, 268
268, 273
298, 303
320, 325
325, 330
342, 347
378, 383
407, 412
414, 419
431, 436
433, 438
438, 443
443, 448
450, 455
452, 457
454, 459
493, 498
500, 505
518, 523
526, 531
533, 538
548, 553
567, 572
586, 591
630, 635
635, 640
656, 661
658, 663
660, 665
668, 673
670, 675
711, 716
719, 724
728, 733
741, 746
754, 759
787, 792
794, 799
804, 809
818, 823
829, 834
834, 839
839, 844
876, 881
881, 886
894, 899
899, 904
901, 906
906, 911
921, 926
939, 944
15, 21
18, 24
31, 37
53, 59
66, 72
72, 78
92, 98
101, 107
117, 123
143, 149
175, 181
204, 210
222, 228
224, 230
230, 236
239, 245
241, 247
253, 259
275, 281
292, 298
350, 356
356, 362
369, 375
375, 381
377, 383
386, 392
392, 398
398, 404
422, 428
453, 459
459, 465
461, 467
467, 473
473, 479
538, 544
556, 562
558, 564
574, 580
580, 586
593, 599
602, 608
608, 614
621, 627
640, 646
659, 665
675, 681
689, 695
702, 708
722, 728
735, 741
748, 754
765, 771
771, 777
774, 780
801, 807
803, 809
809, 815
823, 829
846, 852
855, 861
864, 870
873, 879
875, 881
888, 894
930, 936
933, 939
946, 952
4, 11
24, 31
59, 66
110, 117
126, 133
133, 140
152, 159
165, 172
181, 188
210, 217
268, 275
281, 288
298, 305
305, 312
325, 332
335, 342
362, 369
407, 414
431, 438
443, 450
450, 457
452, 459
479, 486
486, 493
493, 500
505, 512
526, 533
567, 574
586, 593
635, 642
646, 653
656, 663
658, 665
668, 675
695, 702
728, 735
741, 748
780, 787
787, 794
794, 801
818, 825
839, 846
881, 888
899, 906
911, 918
939, 946
42, 50
78, 86
188, 196
222, 230
239, 247
284, 292
312, 320
375, 383
459, 467
515, 523
518, 526
556, 564
627, 635
638, 646
681, 689
708, 716
751, 759
754, 762
801, 809
815, 823
873, 881
918, 926
15, 24
37, 46
50, 59
89, 98
98, 107
140, 149
201, 210
250, 259
383, 392
419, 428
450, 459
553, 562
599, 608
618, 627
656, 665
719, 728
771, 780
852, 861
861, 870
870, 879
921, 930
930, 939
110, 120
123, 133
149, 159
162, 172
178, 188
191, 201
253, 263
268, 278
325, 335
365, 375
428, 438
505, 515
538, 548
567, 577
586, 596
608, 618
653, 663
665, 675
815, 825
829, 839
842, 852
4, 15
78, 89
236, 247
281, 292
305, 316
515, 526
553, 564
635, 646
748, 759
751, 762
818, 829
870, 881
98, 110
210, 222
308, 320
335, 347
350, 362
386, 398
392, 404
407, 419
431, 443
467, 479
493, 505
526, 538
653, 665
716, 728
894, 906
899, 911
918, 930
24, 37
37, 50
59, 72
110, 123
149, 162
162, 175
175, 188
188, 201
217, 230
250, 263
268, 281
292, 305
312, 325
362, 375
567, 580
586, 599
668, 681
695, 708
728, 741
735, 748
839, 852
881, 894
939, 952
126, 140
196, 210
236, 250
284, 298
369, 383
479, 493
553, 567
675, 689
748, 762
787, 801
815, 829
253, 268
305, 320
335, 350
383, 398
392, 407
428, 443
533, 548
538, 553
599, 614
765, 780
794, 809
59, 75
443, 459
602, 618
630, 646
665, 681
818, 834
839, 855
123, 140
281, 298
288, 305
308, 325
450, 467
675, 692
748, 765
894, 911
89, 107
250, 268
365, 383
386, 404
881, 899
59, 78
191, 210
419, 438
567, 586
599, 618
627, 646
646, 665
815, 834
911, 930
4, 24
210, 230
305, 325
533, 553
665, 685
675, 695
728, 748
861, 881
89, 110
284, 305
335, 356
362, 383
383, 404
386, 407
505, 526
668, 689
695, 716
818, 839
918, 939
188, 210
526, 548
787, 809
839, 861
748, 771
281, 305
383, 407
419, 443
443, 467
665, 689
668, 692
815, 839
602, 627
716, 741
881, 906
24, 50
149, 175
175, 201
210, 236
335, 362
526, 553
665, 692
668, 695
599, 627
787, 815
911, 939
24, 53
719, 748
59, 89
110, 140
443, 473
665, 695
881, 911
839, 870
178, 210
236, 268
716, 748
748, 780
493, 526
24, 59
175, 210
407, 443
443, 479
268, 305
325, 362
210, 250
708, 748
526, 567
586, 627
653, 695
839, 881
443, 486
281, 325
362, 407
599, 646
162, 210
646, 695
443, 493
59, 110
787, 839
695, 748
268, 325
210, 268
881, 939
526, 586
586, 646
149, 210
708, 771
716, 780
140, 210
695, 765
716, 787
335, 407
708, 780
695, 771
708, 787
325, 407
443, 526
695, 780
695, 787
110, 210
586, 695
210, 325
646, 780
268, 407
646, 787
59, 210
268, 443
586, 780
210, 407
586, 787
567, 787
210, 443
586, 839
526, 787
567, 839
493, 787
526, 839
443, 787
493, 839
59, 407
526, 881
59, 443
493, 881
443, 839
443, 881
59, 787
59, 839
59, 881
