0.100000
0.347130
0.874115
0.424417
0.942216
0.209995
0.639866
0.888798
0.381212
0.909826
0.316440
0.834291
0.533228
0.959992
0.148139
0.486729
0.963571
0.135389
0.451496
0.955176
0.165137
0.531751
0.960362
0.146825
0.483158
0.963156
0.136872
0.455658
0.956666
0.159895
0.518106
0.962986
0.137480
0.457362
0.957238
0.157881
0.512805
0.963618
0.135221
0.451024
0.954999
0.165760
0.533359
0.959958
0.148258
0.487054
0.963604
0.135272
0.451165
0.955052
0.165573
0.532877
0.960081
0.147822
0.485868
0.963480
0.135715
0.452411
0.955515
0.163945
0.528669
0.961080
0.144272
0.476177
0.962061
0.140779
0.466544
0.959933
0.148347
0.487294
0.963627
0.135186
0.450925
0.954961
0.165891
0.533698
0.959870
0.148569
0.487896
0.963685
0.134981
0.450347
0.954741
0.166664
0.535688
0.959338
0.150457
0.493001
0.964061
0.133635
0.446550
0.953231
0.171952
0.549177
0.954922
0.166027
0.534048
0.959779
0.148894
0.488776
0.963764
0.134697
0.449549
0.954433
0.167745
0.538462
0.958544
0.153266
0.500544
0.964249
0.132962
0.444648
0.952433
0.174740
0.556203
0.952067
0.176017
0.559400
0.950641
0.180981
0.571710
0.944416
0.202471
0.622815
0.906073
0.328250
0.850476
0.490480
0.963901
