0.100000
0.347130
0.874115
0.424417
0.942216
0.209995
0.639866
0.888798
0.381212
0.909826
0.316440
0.834291
0.533228
0.959992
0.148139
0.486729
0.963571
0.135389
0.451496
0.955176
0.165137
0.531751
0.960362
0.146825
0.483158
0.963156
0.136872
0.455658
0.956666
0.159895
0.518106
0.962986
0.137480
0.457362
0.957238
0.157881
0.512805
0.963618
0.135221
0.451024
0.954999
0.165760
0.533359
0.959958
0.148258
0.487054
0.963604
0.135272
0.451165
0.955052
0.165573
0.532877
0.960081
0.147822
0.485868
0.963480
0.135715
0.452411
0.955515
0.163945
0.528669
0.961080
0.144272
0.476177
0.962061
0.140779
0.466544
0.959933
0.148347
0.487294
0.963627
0.135186
0.450925
0.954961
0.165891
0.533698
0.959870
0.148569
0.487896
0.963685
0.134981
0.450347
0.954741
0.166664
0.535688
0.959338
0.150457
0.493001
0.964061
0.133635
0.446550
0.953231
0.171952
0.549177
0.954922
0.166027
0.534048
0.959779
0.148894
0.488776
0.963764
0.134697
0.449549
0.954433
0.167745
0.538462
0.958544
0.153266
0.500544
0.964249
0.132962
0.444648
0.952433
0.174740
0.556203
0.952067
0.176017
0.559400
0.950641
0.180981
0.571710
0.944416
0.202471
0.622815
0.906073
0.328250
0.850476
0.490480
0.963901
0.134209
0.448173
0.953890
0.169646
0.543321
0.957011
0.158679
0.514909
0.963393
0.136026
0.453286
0.955833
0.162827
0.525766
0.961689
0.142103
0.470205
0.960826
0.145175
0.478650
0.962492
0.139242
0.462277
0.958761
0.152498
0.498488
0.964241
0.132990
0.444725
0.952466
0.174625
0.555914
0.952191
0.175582
0.558312
0.951135
0.179261
0.567468
0.946693
0.194644
0.604615
0.922038
0.277256
0.772886
0.677033
0.843369
0.509500
0.963902
0.134204
0.448158
0.953884
0.169666
0.543373
0.956994
0.158740
0.515070
0.963374
0.136092
0.453471
0.955900
0.162593
0.525156
0.961809
0.141676
0.469026
0.960550
0.146157
0.481335
0.962906
0.137763
0.458152
0.957496
0.156972
0.510403
0.963833
0.134452
0.448858
0.954162
0.168693
0.540889
0.957802
0.155891
0.507540
0.964031
0.133743
0.446856
0.953357
0.171512
0.548062
0.955340
0.164559
0.530259
0.960719
0.145557
0.479696
0.962660
0.138643
0.460607
0.958265
0.154255
0.503186
0.964211
0.133098
0.445032
0.952596
0.174169
0.554768
0.952681
0.173873
0.554025
0.952993
0.172784
0.551280
0.954107
0.168885
0.541379
0.957646
0.156441
0.508997
0.963938
0.134076
0.447795
0.953738
0.170177
0.544672
0.956553
0.160294
0.519152
0.962835
0.138017
0.458862
0.957723
0.156170
0.508280
0.963986
0.133905
0.447313
0.953543
0.170859
0.546408
0.955943
0.162440
0.524758
0.961886
0.141403
0.468272
0.960367
0.146805
0.483102
0.963149
0.136898
0.455731
0.956691
0.159808
0.517877
0.963017
0.137367
0.457044
0.957133
0.158251
0.513781
0.963518
0.135579
0.452031
0.955375
0.164438
0.529945
0.960792
0.145298
0.478986
0.962547
0.139047
0.461731
0.958602
0.153064
0.500003
0.964250
0.132958
0.444636
0.952428
0.174758
0.556247
0.952048
0.176084
0.559567
0.950565
0.181247
0.572364
0.944053
0.203716
0.625667
0.903339
0.336783
0.861500
0.460208
0.958143
0.154686
0.504335
0.964178
0.133218
0.445371
0.952739
0.173669
0.553511
0.953206
0.172040
0.549399
0.954838
0.166324
0.534813
0.959575
0.149615
0.490726
0.963918
0.134146
0.447993
0.953818
0.169898
0.543964
0.956795
0.159442
0.516916
0.963146
0.136906
0.455754
0.956699
0.159780
0.517804
0.963027
0.137331
0.456943
0.957099
0.158369
0.514092
0.963484
0.135699
0.452367
0.955499
0.164003
0.528818
0.961047
0.144390
0.476499
0.962120
0.140569
0.465963
0.959782
0.148884
0.488749
0.963762
0.134706
0.449573
0.954442
0.167711
0.538375
0.958570
0.153176
0.500302
0.964250
0.132959
0.444640
0.952429
0.174752
0.556232
0.952054
0.176062
0.559511
0.950590
0.181158
0.572146
0.944174
0.203299
0.624713
0.904261
0.333911
0.857853
0.470327
0.960854
0.145075
0.478378
0.962447
0.139403
0.462724
0.958891
0.152041
0.497261
0.964221
0.133061
0.444929
0.952552
0.174323
0.555155
0.952517
0.174446
0.555464
0.952385
0.174907
0.556621
0.951885
0.176651
0.560984
0.949906
0.183535
0.577970
0.940802
0.214810
0.650548
0.876832
0.416546
0.937388
0.226375
0.675474
0.845489
0.503868
0.964192
0.133165
0.445221
0.952676
0.173890
0.554067
0.952975
0.172847
0.551438
0.954045
0.169103
0.541936
0.957467
0.157072
0.510668
0.963811
0.134529
0.449075
0.954247
0.168394
0.540124
0.958041
0.155047
0.505295
0.964142
0.133345
0.445732
0.952891
0.173140
0.552177
0.953749
0.170138
0.544574
0.956587
0.160175
0.518840
0.962881
0.137853
0.458404
0.957576
0.156686
0.509647
0.963891
0.134243
0.448268
0.953928
0.169513
0.542983
0.957124
0.158281
0.513862
0.963509
0.135610
0.452118
0.955407
0.164325
0.529653
0.960859
0.145059
0.478334
0.962439
0.139430
0.462797
0.958912
0.151966
0.497060
0.964217
0.133078
0.444974
0.952572
0.174255
0.554984
0.952590
0.174193
0.554828
0.952656
0.173962
0.554248
0.952900
0.173109
0.552101
0.953780
0.170030
0.544299
0.956681
0.159844
0.517971
0.963004
0.137413
0.457173
0.957176
0.158100
0.513382
0.963559
0.135430
0.451611
0.955219
0.164985
0.531361
0.960457
0.146487
0.482236
0.963033
0.137311
0.456888
0.957081
0.158433
0.514261
0.963466
0.135765
0.452553
0.955567
0.163763
0.528195
0.961184
0.143902
0.475161
0.961870
0.141459
0.468426
0.960405
0.146672
0.482739
0.963101
0.137069
0.456209
0.956854
0.159235
0.516373
0.963216
0.136657
0.455056
0.956459
0.160625
0.520019
0.962704
0.138484
0.460165
0.958130
0.154733
0.504459
0.964173
0.133233
0.445413
0.952757
0.173607
0.553356
0.953270
0.171815
0.548832
0.955053
0.165569
0.532867
0.960083
0.147813
0.485843
0.963477
0.135724
0.452438
0.955525
0.163912
0.528581
0.961099
0.144203
0.475988
0.962026
0.140903
0.466888
0.960021
0.148033
0.486442
0.963541
0.135495
0.451795
0.955287
0.164746
0.530741
0.960605
0.145961
0.480799
0.962828
0.138043
0.458933
0.957745
0.156090
0.508067
0.963999
0.133857
0.447178
0.953488
0.171051
0.546894
0.955768
0.163056
0.526361
0.961570
0.142529
0.471381
0.961091
0.144233
0.476069
0.962041
0.140850
0.466741
0.959984
0.148167
0.486806
0.963579
0.135361
0.451418
0.955147
0.165240
0.532019
0.960296
0.147059
0.483793
0.963237
0.136582
0.454847
0.956386
0.160881
0.520689
0.962599
0.138860
0.461213
0.958448
0.153608
0.501459
0.964242
0.132988
0.444719
0.952463
0.174633
0.555934
0.952183
0.175612
0.558386
0.951102
0.179379
0.567758
0.946542
0.195166
0.605843
0.921041
0.280497
0.778414
0.665277
0.858891
0.467458
0.960166
0.147521
0.485051
0.963388
0.136042
0.453331
0.955850
0.162770
0.525615
0.961719
0.141997
0.469912
0.960758
0.145415
0.479309
0.962599
0.138861
0.461215
0.958448
0.153607
0.501456
0.964242
0.132987
0.444719
0.952463
0.174634
0.555937
0.952182
0.175616
0.558396
0.951097
0.179394
0.567797
0.946522
0.195235
0.606006
0.920908
0.280930
0.779147
0.663701
0.860890
0.461908
0.958653
0.152880
0.499512
0.964249
0.132962
0.444646
0.952432
0.174743
0.556210
0.952064
0.176027
0.559426
0.950629
0.181022
0.571811
0.944360
0.202663
0.623256
0.905655
0.329558
0.852203
0.485801
0.963472
0.135741
0.452484
0.955542
0.163851
0.528425
0.961134
0.144081
0.475651
0.961963
0.141127
0.467507
0.960178
0.147477
0.484932
0.963374
0.136091
0.453469
0.955899
0.162595
0.525162
0.961808
0.141680
0.469038
0.960553
0.146147
0.481308
0.962902
0.137777
0.458191
0.957508
0.156928
0.510286
0.963842
0.134419
0.448764
0.954125
0.168823
0.541221
0.957696
0.156262
0.508524
0.963970
0.133962
0.447473
0.953608
0.170632
0.545829
0.956149
0.161716
0.522871
0.962233
0.140168
0.464848
0.959484
0.149938
0.491601
0.963978
0.133932
0.447389
0.953574
0.170751
0.546131
0.956042
0.162093
0.523853
0.962056
0.140799
0.466598
0.959947
0.148297
0.487159
0.963614
0.135234
0.451060
0.955012
0.165712
0.533237
0.959989
0.148147
0.486750
0.963573
0.135382
0.451475
0.955168
0.165164
0.531822
0.960344
0.146887
0.483325
0.963178
0.136795
0.455442
0.956592
0.160156
0.518790
0.962888
0.137828
0.458333
0.957554
0.156766
0.509859
0.963875
0.134300
0.448429
0.953992
0.169289
0.542411
0.957313
0.157617
0.512110
0.963684
0.134982
0.450352
0.954743
0.166657
0.535670
0.959342
0.150440
0.492956
0.964059
0.133644
0.446575
0.953241
0.171915
0.549084
0.954958
0.165904
0.533730
0.959862
0.148599
0.487977
0.963693
0.134953
0.450270
0.954711
0.166767
0.535952
0.959265
0.150716
0.493699
0.964097
0.133506
0.446187
0.953081
0.172476
0.550502
0.954413
0.167814
0.538641
0.958491
0.153454
0.501048
0.964246
0.132973
0.444679
0.952446
0.174694
0.556086
0.952117
0.175841
0.558959
0.950842
0.180280
0.569985
0.945359
0.199234
0.615346
0.912934
0.306576
0.819949
0.569420
0.945663
0.198191
0.612922
0.915068
0.299760
0.809599
0.594550
0.929770
0.251855
0.726752
0.765937
0.691473
0.822845
0.562239
0.949309
0.185603
0.583004
0.937677
0.225400
0.673412
0.848264
0.496444
0.964201
0.133133
0.445130
0.952638
0.174025
0.554406
0.952833
0.173342
0.552687
0.953543
0.170859
0.546407
0.955944
0.162439
0.524754
0.961887
0.141401
0.468265
0.960365
0.146811
0.483119
0.963151
0.136890
0.455708
0.956683
0.159835
0.517949
0.963007
0.137402
0.457142
0.957166
0.158135
0.513477
0.963550
0.135465
0.451709
0.955255
0.164858
0.531031
0.960536
0.146206
0.481467
0.962925
0.137696
0.457963
0.957434
0.157187
0.510973
0.963786
0.134621
0.449332
0.954348
0.168040
0.539220
0.958317
0.154069
0.502689
0.964222
0.133058
0.444919
0.952548
0.174337
0.555190
0.952502
0.174499
0.555598
0.952328
0.175107
0.557122
0.951665
0.177417
0.562892
0.948994
0.186695
0.585647
0.935957
0.231193
0.685555
0.831451
0.540521
0.957917
0.155484
0.506457
0.964089
0.133534
0.446265
0.953113
0.172363
0.550217
0.954524
0.167426
0.537645
0.958784
0.152417
0.498271
0.964239
0.132999
0.444752
0.952477
0.174585
0.555812
0.952235
0.175429
0.557929
0.951307
0.178664
0.565988
0.947455
0.192016
0.598399
0.926906
0.261318
0.744521
0.733639
0.753708
0.715984
0.784325
0.652447
0.874613
0.422980
0.941370
0.212879
0.646284
0.881714
0.402263
0.927406
0.259669
0.741474
0.739349
0.743291
0.735952
0.749517
0.724117
0.770518
0.681994
0.836499
0.527515
0.961330
0.143382
0.473732
0.961589
0.142462
0.471196
0.961050
0.144378
0.476468
0.962114
0.140589
0.466018
0.959796
0.148832
0.488608
0.963750
0.134750
0.449696
0.954490
0.167544
0.537947
0.958696
0.152730
0.499109
0.964247
0.132969
0.444668
0.952441
0.174711
0.556129
0.952099
0.175905
0.559121
0.950769
0.180536
0.570616
0.945017
0.200410
0.618068
0.910483
0.314359
0.831328
0.540836
0.957818
0.155832
0.507383
0.964040
0.133711
0.446765
0.953319
0.171642
0.548393
0.955217
0.164991
0.531376
0.960453
0.146500
0.482271
0.963038
0.137294
0.456841
0.957065
0.158489
0.514408
0.963449
0.135823
0.452716
0.955627
0.163554
0.527653
0.961301
0.143487
0.474019
0.961646
0.142256
0.470629
0.960923
0.144831
0.477710
0.962334
0.139807
0.463847
0.959209
0.150914
0.494232
0.964122
0.133417
0.445936
0.952976
0.172842
0.551427
0.954049
0.169087
0.541896
0.957480
0.157027
0.510549
0.963821
0.134495
0.448977
0.954209
0.168529
0.540469
0.957933
0.155426
0.506303
0.964097
0.133507
0.446188
0.953081
0.172475
0.550500
0.954414
0.167812
0.538634
0.958493
0.153447
0.501027
0.964246
0.132973
0.444677
0.952445
0.174696
0.556093
0.952114
0.175851
0.558984
0.950831
0.180320
0.570084
0.945305
0.199419
0.615774
0.912552
0.307791
0.821755
0.564949
0.947980
0.190204
0.594080
0.930111
0.250721
0.724576
0.769725
0.683647
0.834167
0.533547
0.959909
0.148430
0.487520
0.963649
0.135108
0.450706
0.954878
0.166183
0.534449
0.959673
0.149269
0.489792
0.963848
0.134396
0.448700
0.954100
0.168911
0.541446
0.957625
0.156516
0.509196
0.963924
0.134126
0.447937
0.953795
0.169977
0.544164
0.956727
0.159682
0.517545
0.963063
0.137205
0.456590
0.956982
0.158783
0.515184
0.963361
0.136140
0.453606
0.955948
0.162423
0.524714
0.961894
0.141373
0.468190
0.960347
0.146876
0.483297
0.963174
0.136807
0.455478
0.956605
0.160113
0.518676
0.962905
0.137769
0.458168
0.957501
0.156954
0.510355
0.963836
0.134438
0.448819
0.954147
0.168747
0.541028
0.957758
0.156046
0.507950
0.964006
0.133831
0.447104
0.953458
0.171157
0.547162
0.955671
0.163397
0.527245
0.961387
0.143180
0.473175
0.961475
0.142868
0.472315
0.961294
0.143511
0.474085
0.961660
0.142209
0.470497
0.960893
0.144937
0.478000
0.962383
0.139630
0.463355
0.959071
0.151403
0.495548
0.964174
0.133232
0.445411
0.952756
0.173610
0.553362
0.953267
0.171825
0.548856
0.955044
0.165601
0.532951
0.960062
0.147888
0.486048
0.963499
0.135644
0.452214
0.955443
0.164200
0.529329
0.960932
0.144798
0.477617
0.962318
0.139864
0.464004
0.959253
0.150759
0.493814
0.964102
0.133487
0.446131
0.953058
0.172558
0.550709
0.954332
0.168097
0.539364
0.958274
0.154224
0.503102
0.964213
0.133091
0.445013
0.952588
0.174198
0.554842
0.952650
0.173983
0.554301
0.952877
0.173187
0.552298
0.953701
0.170308
0.545005
0.956438
0.160700
0.520216
0.962674
0.138593
0.460469
0.958223
0.154404
0.503582
0.964201
0.133135
0.445138
0.952641
0.174013
0.554377
0.952845
0.173299
0.552578
0.953587
0.170705
0.546015
0.956083
0.161948
0.523476
0.962124
0.140553
0.465918
0.959770
0.148925
0.488861
0.963771
0.134671
0.449475
0.954404
0.167845
0.538720
0.958468
0.153538
0.501270
0.964244
0.132980
0.444699
0.952455
0.174664
0.556011
0.952150
0.175727
0.558676
0.950971
0.179833
0.568881
0.945950
0.197202
0.610615
0.917057
0.293378
0.799584
0.618082
0.910471
0.314398
0.831384
0.540691
0.957864
0.155672
0.506957
0.964063
0.133627
0.446527
0.953221
0.171985
0.549260
0.954891
0.166138
0.534334
0.959703
0.149162
0.489501
0.963825
0.134480
0.448937
0.954193
0.168584
0.540611
0.957889
0.155583
0.506722
0.964076
0.133582
0.446401
0.953170
0.172166
0.549718
0.954716
0.166752
0.535913
0.959275
0.150678
0.493595
0.964092
0.133524
0.446238
0.953102
0.172403
0.550317
0.954485
0.167561
0.537992
0.958683
0.152776
0.499232
0.964248
0.132966
0.444660
0.952438
0.174722
0.556158
0.952086
0.175949
0.559231
0.950719
0.180711
0.571047
0.944781
0.201218
0.619933
0.908771
0.319768
0.838961
0.521101
0.962533
0.139097
0.461872
0.958643
0.152916
0.499609
0.964249
0.132960
0.444642
0.952430
0.174749
0.556224
0.952058
0.176049
0.559480
0.950605
0.181107
0.572021
0.944243
0.203062
0.624171
0.904782
0.332288
0.855763
0.476081
0.962043
0.140842
0.466719
0.959978
0.148187
0.486861
0.963584
0.135341
0.451361
0.955125
0.165315
0.532211
0.960248
0.147228
0.484254
0.963294
0.136380
0.454279
0.956187
0.161582
0.522520
0.962294
0.139949
0.464241
0.959318
0.150527
0.493189
0.964071
0.133599
0.446449
0.953189
0.172098
0.549547
0.954782
0.166521
0.535320
0.959438
0.150100
0.492038
0.964005
0.133834
0.447112
0.953462
0.171145
0.547132
0.955682
0.163359
0.527148
0.961407
0.143107
0.472974
0.961433
0.143016
0.472724
0.961381
0.143202
0.473237
0.961487
0.142822
0.472190
0.961267
0.143606
0.474348
0.961712
0.142023
0.469984
0.960775
0.145356
0.479146
0.962573
0.138954
0.461475
0.958526
0.153332
0.500721
0.964248
0.132965
0.444656
0.952436
0.174728
0.556171
0.952080
0.175969
0.559280
0.950696
0.180790
0.571240
0.944675
0.201582
0.620772
0.907993
0.322222
0.842349
0.512198
0.963676
0.135012
0.450436
0.954775
0.166544
0.535379
0.959422
0.150158
0.492194
0.964015
0.133800
0.447016
0.953422
0.171283
0.547482
0.955554
0.163808
0.528313
0.961158
0.143994
0.475413
0.961918
0.141287
0.467951
0.960288
0.147085
0.483865
0.963246
0.136550
0.454756
0.956355
0.160993
0.520980
0.962552
0.139027
0.461677
0.958585
0.153121
0.500155
0.964250
0.132958
0.444637
0.952428
0.174757
0.556245
0.952049
0.176080
0.559558
0.950569
0.181233
0.572330
0.944072
0.203651
0.625518
0.903484
0.336334
0.860934
0.461785
0.958617
0.153008
0.499854
0.964250
0.132959
0.444637
0.952428
0.174756
0.556242
0.952050
0.176075
0.559546
0.950574
0.181213
0.572282
0.944098
0.203560
0.625309
0.903686
0.335703
0.860136
0.464005
0.959253
0.150758
0.493813
0.964102
0.133487
0.446132
0.953058
0.172556
0.550704
0.954334
0.168090
0.539346
0.958279
0.154204
0.503051
0.964214
0.133087
0.445000
0.952583
0.174216
0.554886
0.952631
0.174049
0.554466
0.952808
0.173430
0.552909
0.953453
0.171175
0.547209
0.955654
0.163457
0.527403
0.961354
0.143298
0.473499
0.961541
0.142631
0.471662
0.961153
0.144013
0.475465
0.961928
0.141252
0.467854
0.960264
0.147170
0.484097
0.963275
0.136448
0.454470
0.956255
0.161345
0.521902
0.962400
0.139571
0.463190
0.959024
0.151568
0.495992
0.964188
0.133180
0.445264
0.952694
0.173826
0.553906
0.953042
0.172612
0.550846
0.954278
0.168285
0.539846
0.958126
0.154745
0.504491
0.964172
0.133237
0.445424
0.952762
0.173591
0.553313
0.953287
0.171755
0.548677
0.955111
0.165365
0.532342
0.960216
0.147344
0.484569
