0.100000
0.347130
0.874115
0.424417
0.942216
0.209995
0.639866
0.888798
0.381212
0.909826
0.316440
0.834291
0.533228
0.959992
0.148139
0.486729
0.963571
0.135389
0.451496
0.955176
0.165137
0.531751
0.960362
0.146825
0.483158
0.963156
0.136872
0.455658
0.956666
0.159895
0.518106
0.962986
0.137480
0.457362
0.957238
0.157881
0.512805
0.963618
0.135221
0.451024
0.954999
0.165760
0.533359
0.959958
0.148258
0.487054
0.963604
0.135272
0.451165
0.955052
0.165573
0.532877
0.960081
0.147822
0.485868
0.963480
0.135715
0.452411
0.955515
0.163945
0.528669
0.961080
0.144272
0.476177
0.962061
0.140779
0.466544
0.959933
0.148347
0.487294
0.963627
0.135186
0.450925
0.954961
0.165891
0.533698
0.959870
0.148569
0.487896
0.963685
0.134981
0.450347
0.954741
0.166664
0.535688
0.959338
0.150457
0.493001
0.964061
0.133635
0.446550
0.953231
0.171952
0.549177
0.954922
0.166027
0.534048
0.959779
0.148894
0.488776
0.963764
0.134697
0.449549
0.954433
0.167745
0.538462
0.958544
0.153266
0.500544
0.964249
0.132962
0.444648
0.952433
0.174740
0.556203
0.952067
0.176017
0.559400
0.950641
0.180981
0.571710
0.944416
0.202471
0.622815
0.906073
0.328250
0.850476
0.490480
0.963901
0.134209
0.448173
0.953890
0.169646
0.543321
0.957011
0.158679
0.514909
0.963393
0.136026
0.453286
0.955833
0.162827
0.525766
0.961689
0.142103
0.470205
0.960826
0.145175
0.478650
0.962492
0.139242
0.462277
0.958761
0.152498
0.498488
0.964241
0.132990
0.444725
0.952466
0.174625
0.555914
0.952191
0.175582
0.558312
0.951135
0.179261
0.567468
0.946693
0.194644
0.604615
0.922038
0.277256
0.772886
0.677033
0.843369
0.509500
0.963902
0.134204
0.448158
0.953884
0.169666
0.543373
0.956994
0.158740
0.515070
0.963374
0.136092
0.453471
0.955900
0.162593
0.525156
0.961809
0.141676
0.469026
0.960550
0.146157
0.481335
0.962906
0.137763
0.458152
0.957496
0.156972
0.510403
0.963833
0.134452
0.448858
0.954162
0.168693
0.540889
0.957802
0.155891
0.507540
0.964031
0.133743
0.446856
0.953357
0.171512
0.548062
0.955340
0.164559
0.530259
0.960719
0.145557
0.479696
0.962660
0.138643
0.460607
0.958265
0.154255
0.503186
0.964211
0.133098
0.445032
0.952596
0.174169
0.554768
0.952681
0.173873
0.554025
0.952993
0.172784
0.551280
0.954107
0.168885
0.541379
0.957646
0.156441
0.508997
0.963938
0.134076
0.447795
0.953738
0.170177
0.544672
0.956553
0.160294
0.519152
0.962835
0.138017
0.458862
0.957723
0.156170
0.508280
0.963986
0.133905
0.447313
0.953543
0.170859
0.546408
0.955943
0.162440
0.524758
0.961886
0.141403
0.468272
0.960367
0.146805
0.483102
0.963149
0.136898
0.455731
0.956691
0.159808
0.517877
0.963017
0.137367
0.457044
0.957133
0.158251
0.513781
0.963518
0.135579
0.452031
0.955375
0.164438
0.529945
0.960792
0.145298
0.478986
0.962547
0.139047
0.461731
0.958602
0.153064
0.500003
0.964250
0.132958
0.444636
0.952428
0.174758
0.556247
0.952048
0.176084
0.559567
0.950565
0.181247
0.572364
0.944053
0.203716
0.625667
0.903339
0.336783
0.861500
0.460208
0.958143
0.154686
0.504335
0.964178
0.133218
0.445371
0.952739
0.173669
0.553511
0.953206
0.172040
0.549399
0.954838
0.166324
0.534813
0.959575
0.149615
0.490726
0.963918
0.134146
0.447993
0.953818
0.169898
0.543964
0.956795
0.159442
0.516916
0.963146
0.136906
0.455754
0.956699
0.159780
0.517804
0.963027
0.137331
0.456943
0.957099
0.158369
0.514092
0.963484
0.135699
0.452367
0.955499
0.164003
0.528818
0.961047
0.144390
0.476499
0.962120
0.140569
0.465963
0.959782
