0, 1
1, 2
2, 3
3, 4
4, 5
5, 6
6, 7
7, 8
8, 9
9, 10
10, 11
11, 12
12, 13
13, 14
14, 15
15, 16
16, 17
17, 18
18, 19
19, 20
20, 21
21, 22
22, 23
23, 24
24, 25
25, 26
26, 27
27, 28
28, 29
29, 30
30, 31
31, 32
32, 33
33, 34
34, 35
35, 36
36, 37
37, 38
38, 39
39, 40
40, 41
41, 42
42, 43
43, 44
44, 45
45, 46
46, 47
47, 48
48, 49
49, 50
50, 51
51, 52
52, 53
53, 54
54, 55
55, 56
56, 57
57, 58
58, 59
59, 60
60, 61
61, 62
62, 63
63, 64
64, 65
65, 66
66, 67
67, 68
68, 69
69, 70
70, 71
71, 72
72, 73
73, 74
74, 75
75, 76
76, 77
77, 78
78, 79
79, 80
80, 81
81, 82
82, 83
83, 84
84, 85
85, 86
86, 87
87, 88
88, 89
89, 90
90, 91
91, 92
92, 93
93, 94
94, 95
95, 96
96, 97
97, 98
98, 99
99, 100
100, 101
101, 102
102, 103
103, 104
104, 105
105, 106
106, 107
107, 108
108, 109
109, 110
110, 111
111, 112
112, 113
113, 114
114, 115
115, 116
116, 117
117, 118
118, 119
119, 120
120, 121
121, 122
122, 123
123, 124
124, 125
125, 126
126, 127
127, 128
128, 129
129, 130
130, 131
131, 132
132, 133
133, 134
134, 135
135, 136
136, 137
137, 138
138, 139
139, 140
140, 141
141, 142
142, 143
143, 144
144, 145
145, 146
146, 147
147, 148
148, 149
149, 150
150, 151
151, 152
152, 153
153, 154
154, 155
155, 156
156, 157
157, 158
158, 159
159, 160
160, 161
161, 162
162, 163
163, 164
164, 165
165, 166
166, 167
167, 168
168, 169
169, 170
170, 171
171, 172
172, 173
173, 174
174, 175
175, 176
176, 177
177, 178
178, 179
179, 180
180, 181
181, 182
182, 183
183, 184
184, 185
185, 186
186, 187
187, 188
188, 189
189, 190
190, 191
191, 192
192, 193
193, 194
194, 195
195, 196
196, 197
197, 198
198, 199
199, 200
200, 201
201, 202
202, 203
203, 204
204, 205
205, 206
206, 207
207, 208
208, 209
209, 210
210, 211
211, 212
212, 213
213, 214
214, 215
215, 216
216, 217
217, 218
218, 219
219, 220
220, 221
221, 222
222, 223
223, 224
224, 225
225, 226
226, 227
227, 228
228, 229
229, 230
230, 231
231, 232
232, 233
233, 234
234, 235
235, 236
236, 237
237, 238
238, 239
239, 240
240, 241
241, 242
242, 243
243, 244
244, 245
245, 246
246, 247
247, 248
248, 249
249, 250
250, 251
251, 252
252, 253
253, 254
254, 255
255, 256
256, 257
257, 258
258, 259
259, 260
260, 261
261, 262
262, 263
263, 264
264, 265
265, 266
266, 267
267, 268
268, 269
269, 270
270, 271
271, 272
272, 273
273, 274
274, 275
275, 276
276, 277
277, 278
278, 279
279, 280
280, 281
281, 282
282, 283
283, 284
284, 285
285, 286
286, 287
287, 288
288, 289
289, 290
290, 291
291, 292
292, 293
293, 294
294, 295
295, 296
296, 297
297, 298
298, 299
299, 300
300, 301
301, 302
302, 303
303, 304
304, 305
305, 306
306, 307
307, 308
308, 309
309, 310
310, 311
311, 312
312, 313
313, 314
314, 315
315, 316
316, 317
317, 318
318, 319
319, 320
320, 321
321, 322
322, 323
323, 324
324, 325
325, 326
326, 327
327, 328
328, 329
329, 330
330, 331
331, 332
332, 333
333, 334
334, 335
335, 336
336, 337
337, 338
338, 339
339, 340
340, 341
341, 342
342, 343
343, 344
344, 345
345, 346
346, 347
347, 348
348, 349
349, 350
350, 351
351, 352
352, 353
353, 354
354, 355
355, 356
356, 357
357, 358
358, 359
359, 360
360, 361
361, 362
362, 363
363, 364
364, 365
365, 366
366, 367
367, 368
368, 369
369, 370
370, 371
371, 372
372, 373
373, 374
374, 375
375, 376
376, 377
377, 378
378, 379
379, 380
380, 381
381, 382
382, 383
383, 384
384, 385
385, 386
386, 387
387, 388
388, 389
389, 390
390, 391
391, 392
392, 393
393, 394
394, 395
395, 396
396, 397
397, 398
398, 399
399, 400
400, 401
401, 402
402, 403
403, 404
404, 405
405, 406
406, 407
407, 408
408, 409
409, 410
410, 411
411, 412
412, 413
413, 414
414, 415
415, 416
416, 417
417, 418
418, 419
419, 420
420, 421
421, 422
422, 423
423, 424
424, 425
425, 426
426, 427
427, 428
428, 429
429, 430
430, 431
431, 432
432, 433
433, 434
434, 435
435, 436
436, 437
437, 438
438, 439
439, 440
440, 441
441, 442
442, 443
443, 444
444, 445
445, 446
446, 447
447, 448
448, 449
449, 450
450, 451
451, 452
452, 453
453, 454
454, 455
455, 456
456, 457
457, 458
458, 459
459, 460
460, 461
461, 462
462, 463
463, 464
464, 465
465, 466
466, 467
467, 468
468, 469
469, 470
470, 471
471, 472
472, 473
473, 474
474, 475
475, 476
476, 477
477, 478
478, 479
479, 480
480, 481
481, 482
482, 483
483, 484
484, 485
485, 486
486, 487
487, 488
488, 489
489, 490
490, 491
491, 492
492, 493
493, 494
494, 495
495, 496
496, 497
497, 498
498, 499
499, 500
500, 501
501, 502
502, 503
503, 504
504, 505
505, 506
506, 507
507, 508
508, 509
509, 510
510, 511
511, 512
512, 513
513, 514
514, 515
515, 516
516, 517
517, 518
518, 519
519, 520
520, 521
521, 522
522, 523
523, 524
524, 525
525, 526
526, 527
527, 528
528, 529
529, 530
530, 531
531, 532
532, 533
533, 534
534, 535
535, 536
536, 537
537, 538
538, 539
539, 540
540, 541
541, 542
542, 543
543, 544
544, 545
545, 546
546, 547
547, 548
548, 549
549, 550
550, 551
551, 552
552, 553
553, 554
554, 555
555, 556
556, 557
557, 558
558, 559
559, 560
560, 561
561, 562
562, 563
563, 564
564, 565
565, 566
566, 567
567, 568
568, 569
569, 570
570, 571
571, 572
572, 573
573, 574
574, 575
575, 576
576, 577
577, 578
578, 579
579, 580
580, 581
581, 582
582, 583
583, 584
584, 585
585, 586
586, 587
587, 588
588, 589
589, 590
590, 591
591, 592
592, 593
593, 594
594, 595
595, 596
596, 597
597, 598
598, 599
599, 600
600, 601
601, 602
602, 603
603, 604
604, 605
605, 606
606, 607
607, 608
608, 609
609, 610
610, 611
611, 612
612, 613
613, 614
614, 615
615, 616
616, 617
617, 618
618, 619
619, 620
620, 621
621, 622
622, 623
623, 624
624, 625
625, 626
626, 627
627, 628
628, 629
629, 630
630, 631
631, 632
632, 633
633, 634
634, 635
635, 636
636, 637
637, 638
638, 639
639, 640
640, 641
641, 642
642, 643
643, 644
644, 645
645, 646
646, 647
647, 648
648, 649
649, 650
650, 651
651, 652
652, 653
653, 654
654, 655
655, 656
656, 657
657, 658
658, 659
659, 660
660, 661
661, 662
662, 663
663, 664
664, 665
665, 666
666, 667
667, 668
668, 669
669, 670
670, 671
671, 672
672, 673
673, 674
674, 675
675, 676
676, 677
677, 678
678, 679
679, 680
680, 681
681, 682
682, 683
683, 684
684, 685
685, 686
686, 687
687, 688
688, 689
689, 690
690, 691
691, 692
692, 693
693, 694
694, 695
695, 696
696, 697
697, 698
698, 699
699, 700
700, 701
701, 702
702, 703
703, 704
704, 705
705, 706
706, 707
707, 708
708, 709
709, 710
710, 711
711, 712
712, 713
713, 714
714, 715
715, 716
716, 717
717, 718
718, 719
719, 720
720, 721
721, 722
722, 723
723, 724
724, 725
725, 726
726, 727
727, 728
728, 729
729, 730
730, 731
731, 732
732, 733
733, 734
734, 735
735, 736
736, 737
737, 738
738, 739
739, 740
740, 741
741, 742
742, 743
743, 744
744, 745
745, 746
746, 747
747, 748
748, 749
749, 750
750, 751
751, 752
752, 753
753, 754
754, 755
755, 756
756, 757
757, 758
758, 759
759, 760
760, 761
761, 762
762, 763
763, 764
764, 765
765, 766
766, 767
767, 768
768, 769
769, 770
770, 771
771, 772
772, 773
773, 774
774, 775
775, 776
776, 777
777, 778
778, 779
779, 780
780, 781
781, 782
782, 783
783, 784
784, 785
785, 786
786, 787
787, 788
788, 789
789, 790
790, 791
791, 792
792, 793
793, 794
794, 795
795, 796
796, 797
797, 798
798, 799
799, 800
800, 801
801, 802
802, 803
803, 804
804, 805
805, 806
806, 807
807, 808
808, 809
809, 810
810, 811
811, 812
812, 813
813, 814
814, 815
815, 816
816, 817
817, 818
818, 819
819, 820
820, 821
821, 822
822, 823
823, 824
824, 825
825, 826
826, 827
827, 828
828, 829
829, 830
830, 831
831, 832
832, 833
833, 834
834, 835
835, 836
836, 837
837, 838
838, 839
839, 840
840, 841
841, 842
842, 843
843, 844
844, 845
845, 846
846, 847
847, 848
848, 849
849, 850
850, 851
851, 852
852, 853
853, 854
854, 855
855, 856
856, 857
857, 858
858, 859
859, 860
860, 861
861, 862
862, 863
863, 864
864, 865
865, 866
866, 867
867, 868
868, 869
869, 870
870, 871
871, 872
872, 873
873, 874
874, 875
875, 876
876, 877
877, 878
878, 879
879, 880
880, 881
881, 882
882, 883
883, 884
884, 885
885, 886
886, 887
887, 888
888, 889
889, 890
890, 891
891, 892
892, 893
893, 894
894, 895
895, 896
896, 897
897, 898
898, 899
899, 900
900, 901
901, 902
902, 903
903, 904
904, 905
905, 906
906, 907
907, 908
908, 909
909, 910
910, 911
911, 912
912, 913
913, 914
914, 915
915, 916
916, 917
917, 918
918, 919
919, 920
920, 921
921, 922
922, 923
923, 924
924, 925
925, 926
926, 927
927, 928
928, 929
929, 930
930, 931
931, 932
932, 933
933, 934
934, 935
935, 936
936, 937
937, 938
938, 939
939, 940
940, 941
941, 942
942, 943
943, 944
944, 945
945, 946
946, 947
947, 948
948, 949
949, 950
950, 951
951, 952
952, 953
953, 954
954, 955
955, 956
956, 957
957, 958
958, 959
959, 960
960, 961
961, 962
962, 963
963, 964
964, 965
965, 966
966, 967
967, 968
968, 969
969, 970
970, 971
971, 972
972, 973
973, 974
974, 975
975, 976
976, 977
977, 978
978, 979
979, 980
980, 981
981, 982
982, 983
983, 984
984, 985
985, 986
986, 987
987, 988
988, 989
989, 990
990, 991
991, 992
992, 993
993, 994
994, 995
995, 996
996, 997
997, 998
998, 999
999, 1000
1000, 1001
1001, 1002
1002, 1003
1003, 1004
1004, 1005
1005, 1006
1006, 1007
1007, 1008
1008, 1009
1009, 1010
1010, 1011
1011, 1012
1012, 1013
1013, 1014
1014, 1015
1015, 1016
1016, 1017
1017, 1018
1018, 1019
1019, 1020
1020, 1021
1021, 1022
1022, 1023
1023, 1024
1024, 1025
1025, 1026
1026, 1027
1027, 1028
1028, 1029
1029, 1030
1030, 1031
1031, 1032
1032, 1033
1033, 1034
1034, 1035
1035, 1036
1036, 1037
1037, 1038
1038, 1039
1039, 1040
1040, 1041
1041, 1042
1042, 1043
1043, 1044
1044, 1045
1045, 1046
1046, 1047
1047, 1048
1048, 1049
1049, 1050
1050, 1051
1051, 1052
1052, 1053
1053, 1054
1054, 1055
1055, 1056
1056, 1057
1057, 1058
1058, 1059
1059, 1060
1060, 1061
1061, 1062
1062, 1063
1063, 1064
1064, 1065
1065, 1066
1066, 1067
1067, 1068
1068, 1069
1069, 1070
1070, 1071
1071, 1072
1072, 1073
1073, 1074
1074, 1075
1075, 1076
1076, 1077
1077, 1078
1078, 1079
1079, 1080
1080, 1081
1081, 1082
1082, 1083
1083, 1084
1084, 1085
1085, 1086
1086, 1087
1087, 1088
1088, 1089
1089, 1090
1090, 1091
1091, 1092
1092, 1093
1093, 1094
1094, 1095
1095, 1096
1096, 1097
1097, 1098
1098, 1099
1099, 1100
1100, 1101
1101, 1102
1102, 1103
1103, 1104
1104, 1105
1105, 1106
1106, 1107
1107, 1108
1108, 1109
1109, 1110
1110, 1111
1111, 1112
1112, 1113
1113, 1114
1114, 1115
1115, 1116
1116, 1117
1117, 1118
1118, 1119
1119, 1120
1120, 1121
1121, 1122
1122, 1123
1123, 1124
1124, 1125
1125, 1126
1126, 1127
1127, 1128
1128, 1129
1129, 1130
1130, 1131
1131, 1132
1132, 1133
1133, 1134
1134, 1135
1135, 1136
1136, 1137
1137, 1138
1138, 1139
1139, 1140
1140, 1141
1141, 1142
1142, 1143
1143, 1144
1144, 1145
1145, 1146
1146, 1147
1147, 1148
1148, 1149
1149, 1150
1150, 1151
1151, 1152
1152, 1153
1153, 1154
1154, 1155
1155, 1156
1156, 1157
1157, 1158
1158, 1159
1159, 1160
1160, 1161
1161, 1162
1162, 1163
1163, 1164
1164, 1165
1165, 1166
1166, 1167
1167, 1168
1168, 1169
1169, 1170
1170, 1171
1171, 1172
1172, 1173
1173, 1174
1174, 1175
1175, 1176
1176, 1177
1177, 1178
1178, 1179
1179, 1180
1180, 1181
1181, 1182
1182, 1183
1183, 1184
1184, 1185
1185, 1186
1186, 1187
1187, 1188
1188, 1189
1189, 1190
1190, 1191
1191, 1192
1192, 1193
1193, 1194
1194, 1195
1195, 1196
1196, 1197
1197, 1198
1198, 1199
1199, 1200
1200, 1201
1201, 1202
1202, 1203
1203, 1204
1204, 1205
1205, 1206
1206, 1207
1207, 1208
1208, 1209
1209, 1210
1210, 1211
1211, 1212
1212, 1213
1213, 1214
1214, 1215
1215, 1216
1216, 1217
1217, 1218
1218, 1219
1219, 1220
1220, 1221
1221, 1222
1222, 1223
1223, 1224
1224, 1225
1225, 1226
1226, 1227
1227, 1228
1228, 1229
1229, 1230
1230, 1231
1231, 1232
1232, 1233
1233, 1234
1234, 1235
1235, 1236
1236, 1237
1237, 1238
1238, 1239
1239, 1240
1240, 1241
1241, 1242
1242, 1243
1243, 1244
1244, 1245
1245, 1246
1246, 1247
1247, 1248
1248, 1249
1249, 1250
1250, 1251
1251, 1252
1252, 1253
1253, 1254
1254, 1255
1255, 1256
1256, 1257
1257, 1258
1258, 1259
1259, 1260
1260, 1261
1261, 1262
1262, 1263
1263, 1264
1264, 1265
1265, 1266
1266, 1267
1267, 1268
1268, 1269
1269, 1270
1270, 1271
1271, 1272
1272, 1273
1273, 1274
1274, 1275
1275, 1276
1276, 1277
1277, 1278
1278, 1279
1279, 1280
1280, 1281
1281, 1282
1282, 1283
1283, 1284
1284, 1285
1285, 1286
1286, 1287
1287, 1288
1288, 1289
1289, 1290
1290, 1291
1291, 1292
1292, 1293
1293, 1294
1294, 1295
1295, 1296
1296, 1297
1297, 1298
1298, 1299
1299, 1300
1300, 1301
1301, 1302
1302, 1303
1303, 1304
1304, 1305
1305, 1306
1306, 1307
1307, 1308
1308, 1309
1309, 1310
1310, 1311
1311, 1312
1312, 1313
1313, 1314
1314, 1315
1315, 1316
1316, 1317
1317, 1318
1318, 1319
1319, 1320
1320, 1321
1321, 1322
1322, 1323
1323, 1324
1324, 1325
1325, 1326
1326, 1327
1327, 1328
1328, 1329
1329, 1330
1330, 1331
1331, 1332
1332, 1333
1333, 1334
1334, 1335
1335, 1336
1336, 1337
1337, 1338
1338, 1339
1339, 1340
1340, 1341
1341, 1342
1342, 1343
1343, 1344
1344, 1345
1345, 1346
1346, 1347
1347, 1348
1348, 1349
1349, 1350
1350, 1351
1351, 1352
1352, 1353
1353, 1354
1354, 1355
1355, 1356
1356, 1357
1357, 1358
1358, 1359
1359, 1360
1360, 1361
1361, 1362
1362, 1363
1363, 1364
1364, 1365
1365, 1366
1366, 1367
1367, 1368
1368, 1369
1369, 1370
1370, 1371
1371, 1372
1372, 1373
1373, 1374
1374, 1375
1375, 1376
1376, 1377
1377, 1378
1378, 1379
1379, 1380
1380, 1381
1381, 1382
1382, 1383
1383, 1384
1384, 1385
1385, 1386
1386, 1387
1387, 1388
1388, 1389
1389, 1390
1390, 1391
1391, 1392
1392, 1393
1393, 1394
1394, 1395
1395, 1396
1396, 1397
1397, 1398
1398, 1399
1399, 1400
1400, 1401
1401, 1402
1402, 1403
1403, 1404
1404, 1405
1405, 1406
1406, 1407
1407, 1408
1408, 1409
1409, 1410
1410, 1411
1411, 1412
1412, 1413
1413, 1414
1414, 1415
1415, 1416
1416, 1417
1417, 1418
1418, 1419
1419, 1420
1420, 1421
1421, 1422
1422, 1423
1423, 1424
1424, 1425
1425, 1426
1426, 1427
1427, 1428
1428, 1429
1429, 1430
1430, 1431
1431, 1432
1432, 1433
1433, 1434
1434, 1435
1435, 1436
1436, 1437
1437, 1438
1438, 1439
1439, 1440
1440, 1441
1441, 1442
1442, 1443
1443, 1444
1444, 1445
1445, 1446
1446, 1447
1447, 1448
1448, 1449
1449, 1450
1450, 1451
1451, 1452
1452, 1453
1453, 1454
1454, 1455
1455, 1456
1456, 1457
1457, 1458
1458, 1459
1459, 1460
1460, 1461
1461, 1462
1462, 1463
1463, 1464
1464, 1465
1465, 1466
1466, 1467
1467, 1468
1468, 1469
1469, 1470
1470, 1471
1471, 1472
1472, 1473
1473, 1474
1474, 1475
1475, 1476
1476, 1477
1477, 1478
1478, 1479
1479, 1480
1480, 1481
1481, 1482
1482, 1483
1483, 1484
1484, 1485
1485, 1486
1486, 1487
1487, 1488
1488, 1489
1489, 1490
1490, 1491
1491, 1492
1492, 1493
1493, 1494
1494, 1495
1495, 1496
1496, 1497
1497, 1498
1498, 1499
1499, 1500
1500, 1501
1501, 1502
1502, 1503
1503, 1504
1504, 1505
1505, 1506
1506, 1507
1507, 1508
1508, 1509
1509, 1510
1510, 1511
1511, 1512
1512, 1513
1513, 1514
1514, 1515
1515, 1516
1516, 1517
1517, 1518
1518, 1519
1519, 1520
1520, 1521
1521, 1522
1522, 1523
1523, 1524
1524, 1525
1525, 1526
1526, 1527
1527, 1528
1528, 1529
1529, 1530
1530, 1531
1531, 1532
1532, 1533
1533, 1534
1534, 1535
1535, 1536
1536, 1537
1537, 1538
1538, 1539
1539, 1540
1540, 1541
1541, 1542
1542, 1543
1543, 1544
1544, 1545
1545, 1546
1546, 1547
1547, 1548
1548, 1549
1549, 1550
1550, 1551
1551, 1552
1552, 1553
1553, 1554
1554, 1555
1555, 1556
1556, 1557
1557, 1558
1558, 1559
1559, 1560
1560, 1561
1561, 1562
1562, 1563
1563, 1564
1564, 1565
1565, 1566
1566, 1567
1567, 1568
1568, 1569
1569, 1570
1570, 1571
1571, 1572
1572, 1573
1573, 1574
1574, 1575
1575, 1576
1576, 1577
1577, 1578
1578, 1579
1579, 1580
1580, 1581
1581, 1582
1582, 1583
1583, 1584
1584, 1585
1585, 1586
1586, 1587
1587, 1588
1588, 1589
1589, 1590
1590, 1591
1591, 1592
1592, 1593
1593, 1594
1594, 1595
1595, 1596
1596, 1597
1597, 1598
1598, 1599
1599, 1600
1600, 1601
1601, 1602
1602, 1603
1603, 1604
1604, 1605
1605, 1606
1606, 1607
1607, 1608
1608, 1609
1609, 1610
1610, 1611
1611, 1612
1612, 1613
1613, 1614
1614, 1615
1615, 1616
1616, 1617
1617, 1618
1618, 1619
1619, 1620
1620, 1621
1621, 1622
1622, 1623
1623, 1624
1624, 1625
1625, 1626
1626, 1627
1627, 1628
1628, 1629
1629, 1630
1630, 1631
1631, 1632
1632, 1633
1633, 1634
1634, 1635
1635, 1636
1636, 1637
1637, 1638
1638, 1639
1639, 1640
1640, 1641
1641, 1642
1642, 1643
1643, 1644
1644, 1645
1645, 1646
1646, 1647
1647, 1648
1648, 1649
1649, 1650
1650, 1651
1651, 1652
1652, 1653
1653, 1654
1654, 1655
1655, 1656
1656, 1657
1657, 1658
1658, 1659
1659, 1660
1660, 1661
1661, 1662
1662, 1663
1663, 1664
1664, 1665
1665, 1666
1666, 1667
1667, 1668
1668, 1669
1669, 1670
1670, 1671
1671, 1672
1672, 1673
1673, 1674
1674, 1675
1675, 1676
1676, 1677
1677, 1678
1678, 1679
1679, 1680
1680, 1681
1681, 1682
1682, 1683
1683, 1684
1684, 1685
1685, 1686
1686, 1687
1687, 1688
1688, 1689
1689, 1690
1690, 1691
1691, 1692
1692, 1693
1693, 1694
1694, 1695
1695, 1696
1696, 1697
1697, 1698
1698, 1699
1699, 1700
1700, 1701
1701, 1702
1702, 1703
1703, 1704
1704, 1705
1705, 1706
1706, 1707
1707, 1708
1708, 1709
1709, 1710
1710, 1711
1711, 1712
1712, 1713
1713, 1714
1714, 1715
1715, 1716
1716, 1717
1717, 1718
1718, 1719
1719, 1720
1720, 1721
1721, 1722
1722, 1723
1723, 1724
1724, 1725
1725, 1726
1726, 1727
1727, 1728
1728, 1729
1729, 1730
1730, 1731
1731, 1732
1732, 1733
1733, 1734
1734, 1735
1735, 1736
1736, 1737
1737, 1738
1738, 1739
1739, 1740
1740, 1741
1741, 1742
1742, 1743
1743, 1744
1744, 1745
1745, 1746
1746, 1747
1747, 1748
1748, 1749
1749, 1750
1750, 1751
1751, 1752
1752, 1753
1753, 1754
1754, 1755
1755, 1756
1756, 1757
1757, 1758
1758, 1759
1759, 1760
1760, 1761
1761, 1762
1762, 1763
1763, 1764
1764, 1765
1765, 1766
1766, 1767
1767, 1768
1768, 1769
1769, 1770
1770, 1771
1771, 1772
1772, 1773
1773, 1774
1774, 1775
1775, 1776
1776, 1777
1777, 1778
1778, 1779
1779, 1780
1780, 1781
1781, 1782
1782, 1783
1783, 1784
1784, 1785
1785, 1786
1786, 1787
1787, 1788
1788, 1789
1789, 1790
1790, 1791
1791, 1792
1792, 1793
1793, 1794
1794, 1795
1795, 1796
1796, 1797
1797, 1798
1798, 1799
1799, 1800
1800, 1801
1801, 1802
1802, 1803
1803, 1804
1804, 1805
1805, 1806
1806, 1807
1807, 1808
1808, 1809
1809, 1810
1810, 1811
1811, 1812
1812, 1813
1813, 1814
1814, 1815
1815, 1816
1816, 1817
1817, 1818
1818, 1819
1819, 1820
1820, 1821
1821, 1822
1822, 1823
1823, 1824
1824, 1825
1825, 1826
1826, 1827
1827, 1828
1828, 1829
1829, 1830
1830, 1831
1831, 1832
1832, 1833
1833, 1834
1834, 1835
1835, 1836
1836, 1837
1837, 1838
1838, 1839
1839, 1840
1840, 1841
1841, 1842
1842, 1843
1843, 1844
1844, 1845
1845, 1846
1846, 1847
1847, 1848
1848, 1849
1849, 1850
1850, 1851
1851, 1852
1852, 1853
1853, 1854
1854, 1855
1855, 1856
1856, 1857
1857, 1858
1858, 1859
1859, 1860
1860, 1861
1861, 1862
1862, 1863
1863, 1864
1864, 1865
1865, 1866
1866, 1867
1867, 1868
1868, 1869
1869, 1870
1870, 1871
1871, 1872
1872, 1873
1873, 1874
1874, 1875
1875, 1876
1876, 1877
1877, 1878
1878, 1879
1879, 1880
1880, 1881
1881, 1882
1882, 1883
1883, 1884
1884, 1885
1885, 1886
1886, 1887
1887, 1888
1888, 1889
1889, 1890
1890, 1891
1891, 1892
1892, 1893
1893, 1894
1894, 1895
1895, 1896
1896, 1897
1897, 1898
1898, 1899
1899, 1900
1900, 1901
1901, 1902
1902, 1903
1903, 1904
1904, 1905
1905, 1906
1906, 1907
1907, 1908
1908, 1909
1909, 1910
1910, 1911
1911, 1912
1912, 1913
1913, 1914
1914, 1915
1915, 1916
1916, 1917
1917, 1918
1918, 1919
1919, 1920
1920, 1921
1921, 1922
1922, 1923
1923, 1924
1924, 1925
1925, 1926
1926, 1927
1927, 1928
1928, 1929
1929, 1930
1930, 1931
1931, 1932
1932, 1933
1933, 1934
1934, 1935
1935, 1936
1936, 1937
1937, 1938
1938, 1939
1939, 1940
1940, 1941
1941, 1942
1942, 1943
1943, 1944
1944, 1945
1945, 1946
1946, 1947
1947, 1948
1948, 1949
1949, 1950
1950, 1951
1951, 1952
1952, 1953
1953, 1954
1954, 1955
1955, 1956
1956, 1957
1957, 1958
1958, 1959
1959, 1960
1960, 1961
1961, 1962
1962, 1963
1963, 1964
1964, 1965
1965, 1966
1966, 1967
1967, 1968
1968, 1969
1969, 1970
1970, 1971
1971, 1972
1972, 1973
1973, 1974
1974, 1975
1975, 1976
1976, 1977
1977, 1978
1978, 1979
1979, 1980
1980, 1981
1981, 1982
1982, 1983
1983, 1984
1984, 1985
1985, 1986
1986, 1987
1987, 1988
1988, 1989
1989, 1990
1990, 1991
1991, 1992
1992, 1993
1993, 1994
1994, 1995
1995, 1996
1996, 1997
1997, 1998
1998, 1999
1, 3
4, 6
6, 8
8, 10
10, 12
12, 14
14, 16
17, 19
19, 21
21, 23
23, 25
25, 27
28, 30
30, 32
32, 34
34, 36
36, 38
38, 40
40, 42
42, 44
44, 46
47, 49
49, 51
51, 53
53, 55
55, 57
57, 59
59, 61
61, 63
63, 65
65, 67
67, 69
69, 71
71, 73
73, 75
76, 78
78, 80
80, 82
82, 84
84, 86
86, 88
88, 90
90, 92
93, 95
95, 97
97, 99
99, 101
102, 104
104, 106
106, 108
108, 110
111, 113
113, 115
115, 117
117, 119
119, 121
122, 124
124, 126
126, 128
128, 130
130, 132
132, 134
134, 136
136, 138
138, 140
140, 142
142, 144
144, 146
146, 148
148, 150
150, 152
153, 155
155, 157
157, 159
159, 161
161, 163
163, 165
165, 167
168, 170
170, 172
172, 174
174, 176
176, 178
178, 180
180, 182
183, 185
185, 187
187, 189
189, 191
191, 193
193, 195
195, 197
197, 199
199, 201
201, 203
203, 205
206, 208
208, 210
210, 212
212, 214
214, 216
216, 218
218, 220
220, 222
222, 224
224, 226
227, 229
229, 231
231, 233
233, 235
235, 237
237, 239
239, 241
241, 243
243, 245
245, 247
247, 249
249, 251
251, 253
253, 255
256, 258
258, 260
260, 262
263, 265
265, 267
267, 269
269, 271
271, 273
273, 275
275, 277
277, 279
279, 281
281, 283
283, 285
285, 287
287, 289
289, 291
291, 293
293, 295
295, 297
297, 299
300, 302
302, 304
304, 306
306, 308
309, 311
311, 313
313, 315
315, 317
317, 319
319, 321
321, 323
323, 325
325, 327
327, 329
329, 331
332, 334
334, 336
336, 338
339, 341
341, 343
343, 345
345, 347
347, 349
349, 351
351, 353
353, 355
356, 358
358, 360
360, 362
362, 364
365, 367
367, 369
369, 371
371, 373
374, 376
376, 378
378, 380
381, 383
383, 385
385, 387
387, 389
389, 391
391, 393
393, 395
396, 398
398, 400
400, 402
402, 404
405, 407
407, 409
409, 411
411, 413
413, 415
415, 417
417, 419
419, 421
421, 423
423, 425
426, 428
428, 430
430, 432
432, 434
434, 436
436, 438
438, 440
440, 442
443, 445
445, 447
447, 449
449, 451
452, 454
454, 456
456, 458
458, 460
460, 462
462, 464
464, 466
467, 469
469, 471
471, 473
473, 475
475, 477
477, 479
479, 481
482, 484
484, 486
486, 488
489, 491
491, 493
493, 495
496, 498
498, 500
500, 502
502, 504
504, 506
507, 509
509, 511
511, 513
513, 515
515, 517
517, 519
519, 521
521, 523
523, 525
525, 527
527, 529
529, 531
531, 533
533, 535
535, 537
537, 539
540, 542
542, 544
544, 546
547, 549
549, 551
551, 553
553, 555
556, 558
558, 560
560, 562
562, 564
564, 566
566, 568
568, 570
571, 573
573, 575
575, 577
577, 579
580, 582
582, 584
584, 586
586, 588
588, 590
590, 592
592, 594
594, 596
596, 598
598, 600
600, 602
602, 604
604, 606
606, 608
608, 610
610, 612
612, 614
614, 616
617, 619
619, 621
621, 623
623, 625
626, 628
628, 630
630, 632
632, 634
634, 636
636, 638
638, 640
641, 643
643, 645
645, 647
647, 649
649, 651
652, 654
654, 656
656, 658
658, 660
660, 662
662, 664
664, 666
666, 668
668, 670
670, 672
672, 674
674, 676
676, 678
678, 680
680, 682
682, 684
684, 686
687, 689
689, 691
691, 693
693, 695
696, 698
698, 700
700, 702
702, 704
705, 707
707, 709
709, 711
711, 713
714, 716
716, 718
718, 720
720, 722
722, 724
724, 726
726, 728
728, 730
731, 733
733, 735
735, 737
738, 740
740, 742
742, 744
744, 746
747, 749
749, 751
751, 753
753, 755
755, 757
757, 759
759, 761
761, 763
763, 765
765, 767
767, 769
769, 771
771, 773
773, 775
775, 777
778, 780
780, 782
782, 784
784, 786
786, 788
788, 790
790, 792
792, 794
794, 796
796, 798
798, 800
800, 802
802, 804
804, 806
806, 808
808, 810
810, 812
813, 815
815, 817
817, 819
819, 821
821, 823
823, 825
825, 827
827, 829
829, 831
831, 833
834, 836
836, 838
838, 840
841, 843
843, 845
845, 847
847, 849
849, 851
851, 853
853, 855
856, 858
858, 860
860, 862
862, 864
865, 867
867, 869
869, 871
871, 873
873, 875
876, 878
878, 880
880, 882
882, 884
884, 886
886, 888
888, 890
890, 892
892, 894
894, 896
896, 898
898, 900
900, 902
903, 905
905, 907
907, 909
909, 911
912, 914
914, 916
916, 918
918, 920
920, 922
923, 925
925, 927
927, 929
929, 931
931, 933
933, 935
935, 937
937, 939
939, 941
941, 943
943, 945
945, 947
947, 949
949, 951
951, 953
954, 956
956, 958
958, 960
960, 962
962, 964
964, 966
966, 968
968, 970
971, 973
973, 975
975, 977
977, 979
979, 981
981, 983
983, 985
985, 987
987, 989
989, 991
991, 993
993, 995
995, 997
997, 999
1000, 1002
1002, 1004
1004, 1006
1006, 1008
1008, 1010
1011, 1013
1013, 1015
1015, 1017
1017, 1019
1019, 1021
1021, 1023
1023, 1025
1025, 1027
1027, 1029
1029, 1031
1031, 1033
1033, 1035
1036, 1038
1038, 1040
1040, 1042
1042, 1044
1044, 1046
1046, 1048
1048, 1050
1050, 1052
1053, 1055
1055, 1057
1057, 1059
1059, 1061
1061, 1063
1064, 1066
1066, 1068
1068, 1070
1070, 1072
1073, 1075
1075, 1077
1077, 1079
1079, 1081
1081, 1083
1083, 1085
1085, 1087
1087, 1089
1089, 1091
1091, 1093
1094, 1096
1096, 1098
1098, 1100
1100, 1102
1102, 1104
1104, 1106
1106, 1108
1108, 1110
1111, 1113
1113, 1115
1115, 1117
1118, 1120
1120, 1122
1122, 1124
1124, 1126
1127, 1129
1129, 1131
1131, 1133
1133, 1135
1135, 1137
1137, 1139
1139, 1141
1141, 1143
1144, 1146
1146, 1148
1148, 1150
1150, 1152
1152, 1154
1154, 1156
1156, 1158
1158, 1160
1161, 1163
1163, 1165
1165, 1167
1167, 1169
1169, 1171
1172, 1174
1174, 1176
1176, 1178
1178, 1180
1180, 1182
1182, 1184
1184, 1186
1186, 1188
1188, 1190
1190, 1192
1192, 1194
1194, 1196
1196, 1198
1198, 1200
1200, 1202
1202, 1204
1204, 1206
1206, 1208
1208, 1210
1210, 1212
1213, 1215
1215, 1217
1217, 1219
1219, 1221
1221, 1223
1223, 1225
1225, 1227
1227, 1229
1229, 1231
1231, 1233
1233, 1235
1236, 1238
1238, 1240
1240, 1242
1242, 1244
1244, 1246
1246, 1248
1248, 1250
1250, 1252
1253, 1255
1255, 1257
1257, 1259
1260, 1262
1262, 1264
1264, 1266
1266, 1268
1269, 1271
1271, 1273
1273, 1275
1275, 1277
1277, 1279
1280, 1282
1282, 1284
1284, 1286
1286, 1288
1289, 1291
1291, 1293
1293, 1295
1295, 1297
1297, 1299
1299, 1301
1301, 1303
1303, 1305
1305, 1307
1308, 1310
1310, 1312
1312, 1314
1314, 1316
1316, 1318
1318, 1320
1320, 1322
1322, 1324
1325, 1327
1327, 1329
1329, 1331
1332, 1334
1334, 1336
1336, 1338
1338, 1340
1340, 1342
1343, 1345
1345, 1347
1347, 1349
1349, 1351
1351, 1353
1354, 1356
1356, 1358
1358, 1360
1360, 1362
1362, 1364
1364, 1366
1366, 1368
1369, 1371
1371, 1373
1373, 1375
1375, 1377
1377, 1379
1379, 1381
1381, 1383
1383, 1385
1385, 1387
1387, 1389
1390, 1392
1392, 1394
1394, 1396
1396, 1398
1398, 1400
1400, 1402
1402, 1404
1404, 1406
1406, 1408
1408, 1410
1410, 1412
1412, 1414
1414, 1416
1416, 1418
1418, 1420
1420, 1422
1422, 1424
1424, 1426
1426, 1428
1429, 1431
1431, 1433
1433, 1435
1435, 1437
1437, 1439
1439, 1441
1441, 1443
1444, 1446
1446, 1448
1448, 1450
1450, 1452
1453, 1455
1455, 1457
1457, 1459
1459, 1461
1461, 1463
1463, 1465
1466, 1468
1468, 1470
1470, 1472
1472, 1474
1475, 1477
1477, 1479
1479, 1481
1481, 1483
1483, 1485
1485, 1487
1487, 1489
1489, 1491
1491, 1493
1493, 1495
1495, 1497
1497, 1499
1499, 1501
1502, 1504
1504, 1506
1506, 1508
1508, 1510
1511, 1513
1513, 1515
1515, 1517
1517, 1519
1520, 1522
1522, 1524
1524, 1526
1527, 1529
1529, 1531
1531, 1533
1534, 1536
1536, 1538
1538, 1540
1540, 1542
1542, 1544
1544, 1546
1546, 1548
1548, 1550
1551, 1553
1553, 1555
1555, 1557
1558, 1560
1560, 1562
1562, 1564
1564, 1566
1566, 1568
1568, 1570
1570, 1572
1572, 1574
1575, 1577
1577, 1579
1579, 1581
1581, 1583
1583, 1585
1585, 1587
1587, 1589
1590, 1592
1592, 1594
1594, 1596
1596, 1598
1598, 1600
1600, 1602
1602, 1604
1604, 1606
1606, 1608
1608, 1610
1610, 1612
1612, 1614
1614, 1616
1616, 1618
1618, 1620
1620, 1622
1622, 1624
1624, 1626
1626, 1628
1628, 1630
1630, 1632
1632, 1634
1634, 1636
1636, 1638
1638, 1640
1640, 1642
1642, 1644
1644, 1646
1646, 1648
1648, 1650
1650, 1652
1653, 1655
1655, 1657
1657, 1659
1659, 1661
1661, 1663
1663, 1665
1665, 1667
1667, 1669
1669, 1671
1671, 1673
1673, 1675
1675, 1677
1677, 1679
1679, 1681
1681, 1683
1684, 1686
1686, 1688
1688, 1690
1690, 1692
1692, 1694
1694, 1696
1696, 1698
1698, 1700
1701, 1703
1703, 1705
1705, 1707
1707, 1709
1709, 1711
1711, 1713
1713, 1715
1715, 1717
1717, 1719
1719, 1721
1721, 1723
1723, 1725
1725, 1727
1727, 1729
1729, 1731
1732, 1734
1734, 1736
1736, 1738
1738, 1740
1741, 1743
1743, 1745
1745, 1747
1747, 1749
1749, 1751
1751, 1753
1753, 1755
1755, 1757
1757, 1759
1759, 1761
1761, 1763
1763, 1765
1765, 1767
1767, 1769
1769, 1771
1771, 1773
1773, 1775
1775, 1777
1777, 1779
1779, 1781
1781, 1783
1783, 1785
1785, 1787
1787, 1789
1789, 1791
1791, 1793
1793, 1795
1795, 1797
1797, 1799
1799, 1801
1802, 1804
1804, 1806
1806, 1808
1809, 1811
1811, 1813
1813, 1815
1815, 1817
1817, 1819
1820, 1822
1822, 1824
1824, 1826
1826, 1828
1828, 1830
1830, 1832
1832, 1834
1835, 1837
1837, 1839
1839, 1841
1841, 1843
1843, 1845
1845, 1847
1847, 1849
1849, 1851
1851, 1853
1854, 1856
1856, 1858
1858, 1860
1860, 1862
1862, 1864
1864, 1866
1866, 1868
1868, 1870
1870, 1872
1872, 1874
1874, 1876
1876, 1878
1879, 1881
1881, 1883
1883, 1885
1885, 1887
1887, 1889
1889, 1891
1891, 1893
1893, 1895
1896, 1898
1898, 1900
1900, 1902
1902, 1904
1904, 1906
1906, 1908
1908, 1910
1911, 1913
1913, 1915
1915, 1917
1917, 1919
1919, 1921
1921, 1923
1923, 1925
1925, 1927
1927, 1929
1929, 1931
1931, 1933
1933, 1935
1935, 1937
1937, 1939
1939, 1941
1941, 1943
1943, 1945
1946, 1948
1948, 1950
1950, 1952
1952, 1954
1954, 1956
1956, 1958
1958, 1960
1960, 1962
1962, 1964
1964, 1966
1966, 1968
1968, 1970
1970, 1972
1972, 1974
1974, 1976
1977, 1979
1979, 1981
1981, 1983
1983, 1985
1986, 1988
1988, 1990
1990, 1992
1993, 1995
1995, 1997
1997, 1999
1, 4
14, 17
25, 28
36, 39
44, 47
55, 58
65, 68
73, 76
90, 93
99, 102
108, 111
119, 122
126, 129
140, 143
150, 153
165, 168
172, 175
180, 183
193, 196
203, 206
224, 227
235, 238
253, 256
260, 263
283, 286
297, 300
306, 309
315, 318
329, 332
336, 339
353, 356
362, 365
371, 374
378, 381
393, 396
402, 405
423, 426
440, 443
449, 452
464, 467
479, 482
486, 489
493, 496
504, 507
525, 528
537, 540
544, 547
553, 556
568, 571
577, 580
596, 599
614, 617
623, 626
638, 641
649, 652
664, 667
674, 677
684, 687
693, 696
702, 705
711, 714
728, 731
735, 738
744, 747
775, 778
790, 793
798, 801
810, 813
831, 834
838, 841
845, 848
853, 856
862, 865
873, 876
900, 903
909, 912
920, 923
943, 946
951, 954
968, 971
977, 980
997, 1000
1008, 1011
1033, 1036
1050, 1053
1061, 1064
1070, 1073
1091, 1094
1108, 1111
1115, 1118
1124, 1127
1141, 1144
1158, 1161
1169, 1172
1210, 1213
1225, 1228
1233, 1236
1250, 1253
1257, 1260
1266, 1269
1277, 1280
1286, 1289
1305, 1308
1312, 1315
1322, 1325
1329, 1332
1340, 1343
1351, 1354
1366, 1369
1375, 1378
1387, 1390
1416, 1419
1426, 1429
1441, 1444
1450, 1453
1463, 1466
1472, 1475
1499, 1502
1508, 1511
1517, 1520
1524, 1527
1531, 1534
1548, 1551
1555, 1558
1564, 1567
1572, 1575
1587, 1590
1616, 1619
1624, 1627
1650, 1653
1659, 1662
1669, 1672
1681, 1684
1698, 1701
1713, 1716
1729, 1732
1738, 1741
1755, 1758
1791, 1794
1799, 1802
1806, 1809
1817, 1820
1832, 1835
1851, 1854
1876, 1879
1885, 1888
1893, 1896
1908, 1911
1935, 1938
1943, 1946
1952, 1955
1966, 1969
1974, 1977
1983, 1986
1990, 1993
8, 12
10, 14
21, 25
25, 29
28, 32
30, 34
36, 40
38, 42
40, 44
51, 55
55, 59
57, 61
59, 63
61, 65
65, 69
67, 71
69, 73
78, 82
82, 86
86, 90
95, 99
104, 108
115, 119
126, 130
128, 132
134, 138
140, 144
142, 146
144, 148
146, 150
157, 161
161, 165
172, 176
174, 178
180, 184
183, 187
189, 193
193, 197
195, 199
197, 201
199, 203
206, 210
210, 214
214, 218
218, 222
220, 224
231, 235
235, 239
237, 241
243, 247
247, 251
256, 260
267, 271
271, 275
277, 281
283, 287
285, 289
287, 291
289, 293
293, 297
302, 306
306, 310
309, 313
311, 315
315, 319
317, 321
323, 327
332, 336
341, 345
345, 349
349, 353
358, 362
362, 366
365, 369
367, 371
374, 378
385, 389
389, 393
393, 397
396, 400
402, 406
405, 409
407, 411
411, 415
415, 419
419, 423
428, 432
432, 436
436, 440
440, 444
443, 447
445, 449
454, 458
458, 462
467, 471
471, 475
475, 479
489, 493
493, 497
496, 500
498, 502
500, 504
511, 515
515, 519
519, 523
525, 529
527, 531
529, 533
533, 537
544, 548
547, 551
549, 553
558, 562
562, 566
568, 572
571, 575
573, 577
584, 588
588, 592
592, 596
596, 600
598, 602
602, 606
606, 610
610, 614
619, 623
628, 632
632, 636
634, 638
645, 649
654, 658
658, 662
664, 668
666, 670
668, 672
674, 678
676, 680
678, 682
680, 684
684, 688
687, 691
693, 697
696, 700
698, 702
707, 711
716, 720
720, 724
724, 728
731, 735
740, 744
744, 748
747, 751
749, 753
751, 755
755, 759
759, 763
763, 767
769, 773
771, 775
780, 784
784, 788
790, 794
792, 796
798, 802
800, 804
802, 806
806, 810
815, 819
819, 823
821, 825
825, 829
827, 831
834, 838
845, 849
847, 851
849, 853
858, 862
869, 873
878, 882
882, 886
886, 890
890, 894
896, 900
905, 909
912, 916
916, 920
927, 931
931, 935
937, 941
943, 947
945, 949
951, 955
954, 958
956, 960
960, 964
964, 968
973, 977
977, 981
979, 983
981, 985
985, 989
991, 995
993, 997
997, 1001
1000, 1004
1002, 1006
1004, 1008
1015, 1019
1021, 1025
1023, 1027
1027, 1031
1036, 1040
1040, 1044
1044, 1048
1046, 1050
1057, 1061
1066, 1070
1075, 1079
1079, 1083
1083, 1087
1087, 1091
1096, 1100
1100, 1104
1104, 1108
1111, 1115
1120, 1124
1129, 1133
1133, 1137
1137, 1141
1146, 1150
1150, 1154
1154, 1158
1161, 1165
1165, 1169
1169, 1173
1172, 1176
1174, 1178
1180, 1184
1186, 1190
1190, 1194
1194, 1198
1198, 1202
1202, 1206
1206, 1210
1215, 1219
1219, 1223
1221, 1225
1225, 1229
1227, 1231
1229, 1233
1238, 1242
1242, 1246
1246, 1250
1253, 1257
1262, 1266
1269, 1273
1273, 1277
1282, 1286
1291, 1295
1295, 1299
1301, 1305
1312, 1316
1314, 1318
1318, 1322
1325, 1329
1336, 1340
1347, 1351
1354, 1358
1358, 1362
1362, 1366
1371, 1375
1375, 1379
1377, 1381
1379, 1383
1381, 1385
1383, 1387
1392, 1396
1396, 1400
1400, 1404
1404, 1408
1408, 1412
1412, 1416
1416, 1420
1418, 1422
1420, 1424
1422, 1426
1431, 1435
1435, 1439
1441, 1445
1444, 1448
1446, 1450
1453, 1457
1457, 1461
1459, 1463
1468, 1472
1477, 1481
1481, 1485
1487, 1491
1491, 1495
1495, 1499
1504, 1508
1513, 1517
1527, 1531
1536, 1540
1540, 1544
1544, 1548
1551, 1555
1560, 1564
1564, 1568
1566, 1570
1568, 1572
1579, 1583
1583, 1587
1592, 1596
1596, 1600
1600, 1604
1604, 1608
1608, 1612
1612, 1616
1616, 1620
1618, 1622
1624, 1628
1626, 1630
1630, 1634
1634, 1638
1638, 1642
1642, 1646
1646, 1650
1655, 1659
1659, 1663
1661, 1665
1665, 1669
1669, 1673
1671, 1675
1673, 1677
1675, 1679
1677, 1681
1686, 1690
1690, 1694
1694, 1698
1698, 1702
1701, 1705
1707, 1711
1713, 1717
1715, 1719
1717, 1721
1719, 1723
1723, 1727
1725, 1729
1734, 1738
1743, 1747
1747, 1751
1751, 1755
1755, 1759
1757, 1761
1761, 1765
1765, 1769
1771, 1775
1775, 1779
1779, 1783
1783, 1787
1787, 1791
1791, 1795
1793, 1797
1795, 1799
1802, 1806
1813, 1817
1822, 1826
1826, 1830
1832, 1836
1835, 1839
1837, 1841
1843, 1847
1847, 1851
1851, 1855
1854, 1858
1860, 1864
1864, 1868
1868, 1872
1872, 1876
1881, 1885
1885, 1889
1887, 1891
1889, 1893
1900, 1904
1904, 1908
1913, 1917
1917, 1921
1921, 1925
1925, 1929
1931, 1935
1935, 1939
1937, 1941
1939, 1943
1948, 1952
1952, 1956
1954, 1958
1956, 1960
1962, 1966
1966, 1970
1968, 1972
1970, 1974
1979, 1983
1993, 1997
1, 6
14, 19
25, 30
27, 32
29, 34
44, 49
55, 60
58, 63
73, 78
90, 95
99, 104
108, 113
119, 124
140, 145
143, 148
150, 155
165, 170
180, 185
193, 198
196, 201
203, 208
224, 229
253, 258
260, 265
283, 288
286, 291
297, 302
306, 311
308, 313
329, 334
336, 341
353, 358
362, 367
364, 369
371, 376
378, 383
393, 398
395, 400
402, 407
404, 409
423, 428
440, 445
442, 447
449, 454
464, 469
479, 484
486, 491
493, 498
495, 500
497, 502
504, 509
537, 542
544, 549
546, 551
553, 558
568, 573
570, 575
577, 582
614, 619
623, 628
638, 643
649, 654
667, 672
674, 679
677, 682
684, 689
686, 691
693, 698
695, 700
702, 707
711, 716
728, 733
735, 740
744, 749
746, 751
748, 753
775, 780
810, 815
831, 836
838, 843
853, 858
862, 867
873, 878
900, 905
909, 914
920, 925
951, 956
953, 958
968, 973
997, 1002
999, 1004
1001, 1006
1008, 1013
1033, 1038
1050, 1055
1061, 1066
1070, 1075
1091, 1096
1108, 1113
1115, 1120
1124, 1129
1141, 1146
1158, 1163
1169, 1174
1171, 1176
1210, 1215
1233, 1238
1250, 1255
1257, 1262
1266, 1271
1277, 1282
1286, 1291
1305, 1310
1322, 1327
1329, 1334
1340, 1345
1351, 1356
1366, 1371
1375, 1380
1378, 1383
1380, 1385
1387, 1392
1416, 1421
1419, 1424
1426, 1431
1441, 1446
1443, 1448
1450, 1455
1463, 1468
1472, 1477
1499, 1504
1508, 1513
1517, 1522
1524, 1529
1531, 1536
1548, 1553
1555, 1560
1572, 1577
1587, 1592
1650, 1655
1669, 1674
1672, 1677
1674, 1679
1681, 1686
1698, 1703
1713, 1718
1716, 1721
1729, 1734
1738, 1743
1799, 1804
1806, 1811
1817, 1822
1832, 1837
1834, 1839
1851, 1856
1876, 1881
1893, 1898
1908, 1913
1943, 1948
1974, 1979
1983, 1988
1990, 1995
8, 14
28, 34
30, 36
36, 42
38, 44
55, 61
57, 63
59, 65
65, 71
67, 73
113, 119
126, 132
134, 140
140, 146
142, 148
144, 150
172, 178
174, 180
193, 199
195, 201
197, 203
218, 224
235, 241
247, 253
265, 271
271, 277
277, 283
283, 289
285, 291
287, 293
309, 315
315, 321
323, 329
365, 371
383, 389
396, 402
405, 411
411, 417
443, 449
458, 464
493, 499
496, 502
498, 504
519, 525
525, 531
527, 533
547, 553
562, 568
571, 577
582, 588
596, 602
632, 638
658, 664
664, 670
666, 672
668, 674
674, 680
676, 682
678, 684
687, 693
696, 702
744, 750
747, 753
749, 755
763, 769
769, 775
784, 790
790, 796
792, 798
798, 804
800, 806
819, 825
825, 831
845, 851
847, 853
890, 896
931, 937
937, 943
943, 949
945, 951
954, 960
977, 983
979, 985
985, 991
991, 997
997, 1003
1000, 1006
1002, 1008
1015, 1021
1021, 1027
1027, 1033
1044, 1050
1079, 1085
1172, 1178
1180, 1186
1184, 1190
1188, 1194
1219, 1225
1225, 1231
1227, 1233
1295, 1301
1312, 1318
1375, 1381
1377, 1383
1379, 1385
1381, 1387
1404, 1410
1410, 1416
1416, 1422
1418, 1424
1420, 1426
1435, 1441
1444, 1450
1457, 1463
1481, 1487
1485, 1491
1489, 1495
1564, 1570
1566, 1572
1577, 1583
1616, 1622
1624, 1630
1659, 1665
1669, 1675
1671, 1677
1673, 1679
1675, 1681
1707, 1713
1713, 1719
1715, 1721
1717, 1723
1723, 1729
1755, 1761
1765, 1771
1769, 1775
1791, 1797
1793, 1799
1826, 1832
1835, 1841
1885, 1891
1887, 1893
1925, 1931
1929, 1935
1935, 1941
1937, 1943
1952, 1958
1954, 1960
1966, 1972
1968, 1974
1, 8
14, 21
25, 32
27, 34
29, 36
44, 51
58, 65
108, 115
119, 126
143, 150
150, 157
165, 172
180, 187
196, 203
203, 210
224, 231
253, 260
260, 267
286, 293
306, 313
308, 315
329, 336
362, 369
364, 371
371, 378
378, 385
393, 400
395, 402
402, 409
404, 411
440, 447
442, 449
464, 471
479, 486
486, 493
493, 500
495, 502
497, 504
504, 511
537, 544
544, 551
546, 553
568, 575
570, 577
577, 584
638, 645
667, 674
677, 684
684, 691
686, 693
693, 700
695, 702
728, 735
744, 751
746, 753
748, 755
831, 838
838, 845
862, 869
909, 916
920, 927
951, 958
953, 960
997, 1004
999, 1006
1001, 1008
1008, 1015
1033, 1040
1050, 1057
1108, 1115
1158, 1165
1169, 1176
1171, 1178
1250, 1257
1266, 1273
1305, 1312
1322, 1329
1329, 1336
1340, 1347
1351, 1358
1378, 1385
1380, 1387
1419, 1426
1441, 1448
1443, 1450
1450, 1457
1517, 1524
1524, 1531
1548, 1555
1572, 1579
1672, 1679
1674, 1681
1698, 1705
1716, 1723
1799, 1806
1806, 1813
1832, 1839
1834, 1841
1851, 1858
1893, 1900
1983, 1990
1990, 1997
28, 36
36, 44
55, 63
57, 65
65, 73
82, 90
126, 134
140, 148
142, 150
157, 165
172, 180
193, 201
195, 203
210, 218
235, 243
283, 291
285, 293
315, 323
345, 353
385, 393
411, 419
415, 423
432, 440
471, 479
496, 504
511, 519
525, 533
588, 596
606, 614
664, 672
666, 674
674, 682
676, 684
720, 728
747, 755
790, 798
798, 806
845, 853
882, 890
943, 951
960, 968
977, 985
1000, 1008
1079, 1087
1083, 1091
1100, 1108
1133, 1141
1150, 1158
1180, 1188
1186, 1194
1194, 1202
1202, 1210
1225, 1233
1242, 1250
1358, 1366
1375, 1383
1377, 1385
1379, 1387
1396, 1404
1404, 1412
1408, 1416
1416, 1424
1418, 1426
1481, 1489
1487, 1495
1491, 1499
1540, 1548
1564, 1572
1579, 1587
1592, 1600
1600, 1608
1608, 1616
1616, 1624
1634, 1642
1642, 1650
1669, 1677
1671, 1679
1673, 1681
1690, 1698
1713, 1721
1715, 1723
1747, 1755
1775, 1783
1783, 1791
1791, 1799
1843, 1851
1860, 1868
1868, 1876
1885, 1893
1900, 1908
1917, 1925
1935, 1943
1952, 1960
1966, 1974
25, 34
27, 36
73, 82
90, 99
99, 108
180, 189
297, 306
306, 315
336, 345
353, 362
362, 371
393, 402
402, 411
423, 432
440, 449
449, 458
493, 502
495, 504
544, 553
553, 562
568, 577
614, 623
623, 632
649, 658
684, 693
693, 702
702, 711
711, 720
735, 744
744, 753
746, 755
775, 784
810, 819
853, 862
873, 882
900, 909
951, 960
968, 977
997, 1006
999, 1008
1061, 1070
1070, 1079
1091, 1100
1115, 1124
1124, 1133
1141, 1150
1169, 1178
1171, 1180
1210, 1219
1233, 1242
1257, 1266
1277, 1286
1286, 1295
1366, 1375
1378, 1387
1387, 1396
1426, 1435
1441, 1450
1463, 1472
1472, 1481
1499, 1508
1508, 1517
1531, 1540
1555, 1564
1572, 1581
1587, 1596
1650, 1659
1672, 1681
1681, 1690
1698, 1707
1729, 1738
1738, 1747
1817, 1826
1832, 1841
1851, 1860
1876, 1885
1908, 1917
1943, 1952
1974, 1983
55, 65
140, 150
193, 203
214, 224
243, 253
283, 293
383, 393
454, 464
596, 606
664, 674
674, 684
890, 900
1040, 1050
1180, 1190
1184, 1194
1295, 1305
1312, 1322
1375, 1385
1377, 1387
1416, 1426
1481, 1491
1485, 1495
1489, 1499
1577, 1587
1624, 1634
1659, 1669
1669, 1679
1671, 1681
1713, 1723
1755, 1765
1765, 1775
1925, 1935
1952, 1962
14, 25
25, 36
44, 55
108, 119
203, 214
224, 235
260, 271
378, 389
464, 475
493, 504
504, 515
577, 588
638, 649
744, 755
862, 873
909, 920
920, 931
997, 1008
1033, 1044
1050, 1061
1158, 1169
1169, 1180
1266, 1277
1329, 1340
1340, 1351
1572, 1583
1806, 1817
1832, 1843
1893, 1904
78, 90
235, 247
271, 283
341, 353
411, 423
428, 440
525, 537
602, 614
716, 728
763, 775
798, 810
819, 831
878, 890
931, 943
985, 997
1021, 1033
1079, 1091
1096, 1108
1129, 1141
1198, 1210
1238, 1250
1375, 1387
1404, 1416
1487, 1499
1536, 1548
1596, 1608
1604, 1616
1638, 1650
1669, 1681
1686, 1698
1743, 1755
1779, 1791
1913, 1925
1, 14
180, 193
336, 349
423, 436
873, 886
951, 964
1008, 1021
1091, 1104
1124, 1137
1233, 1246
1450, 1463
1531, 1544
1587, 1600
1681, 1694
1908, 1921
126, 140
210, 224
283, 297
315, 329
511, 525
886, 900
977, 991
1180, 1194
1219, 1233
1291, 1305
1481, 1495
1485, 1499
1517, 1531
1624, 1638
1765, 1779
1952, 1966
119, 134
150, 165
165, 180
203, 218
378, 393
449, 464
464, 479
504, 519
553, 568
577, 592
623, 638
649, 664
744, 759
775, 790
810, 825
838, 853
1210, 1225
1286, 1301
1351, 1366
1426, 1441
1572, 1587
1698, 1713
1817, 1832
1893, 1908
362, 378
537, 553
1075, 1091
1194, 1210
1508, 1524
1592, 1608
1600, 1616
1634, 1650
1713, 1729
1775, 1791
1860, 1876
73, 90
260, 277
336, 353
423, 440
711, 728
873, 890
920, 937
951, 968
968, 985
1033, 1050
1070, 1087
1091, 1108
1124, 1141
1141, 1158
1233, 1250
1305, 1322
1387, 1404
1531, 1548
1555, 1572
1587, 1604
1681, 1698
1738, 1755
1851, 1868
1876, 1893
1908, 1925
55, 73
235, 253
297, 315
353, 371
486, 504
596, 614
684, 702
882, 900
1180, 1198
1481, 1499
1624, 1642
1765, 1783
1917, 1935
1925, 1943
25, 44
577, 596
744, 763
1008, 1027
1286, 1305
1650, 1669
1832, 1851
99, 119
664, 684
790, 810
853, 873
900, 920
977, 997
1257, 1277
1396, 1416
1596, 1616
1755, 1775
44, 65
119, 140
203, 224
315, 336
402, 423
504, 525
810, 831
1070, 1091
1366, 1387
1587, 1608
14, 36
831, 853
878, 900
1180, 1202
1441, 1463
1477, 1499
1659, 1681
1913, 1935
1952, 1974
180, 203
224, 247
260, 283
306, 329
775, 798
920, 943
968, 991
1210, 1233
1472, 1495
1508, 1531
1943, 1966
126, 150
378, 402
553, 577
614, 638
711, 735
1091, 1115
1233, 1257
1305, 1329
1426, 1450
1531, 1555
1592, 1616
1755, 1779
1775, 1799
353, 378
479, 504
649, 674
744, 769
1008, 1033
1169, 1194
1851, 1876
73, 99
423, 449
623, 649
1340, 1366
1624, 1650
1765, 1791
1917, 1943
873, 900
1472, 1499
1908, 1935
165, 193
674, 702
735, 763
810, 838
1141, 1169
1755, 1783
44, 73
224, 253
968, 997
1169, 1198
1257, 1286
1387, 1416
1587, 1616
14, 44
306, 336
393, 423
449, 479
1180, 1210
1396, 1426
1913, 1943
119, 150
744, 775
920, 951
977, 1008
1650, 1681
1698, 1729
1943, 1974
297, 329
1499, 1531
1555, 1587
1681, 1713
1876, 1908
504, 537
1091, 1124
1169, 1202
735, 769
1616, 1650
1765, 1799
1817, 1851
614, 649
649, 684
775, 810
1908, 1943
224, 260
1286, 1322
1755, 1791
260, 297
577, 614
1329, 1366
1426, 1463
1587, 1624
1738, 1775
165, 203
664, 702
297, 336
1387, 1426
735, 775
968, 1008
1169, 1210
1738, 1779
108, 150
336, 378
1008, 1050
810, 853
1286, 1329
180, 224
649, 693
1755, 1799
1832, 1876
378, 423
1738, 1783
1426, 1472
920, 968
1681, 1729
504, 553
99, 150
1158, 1210
649, 702
1008, 1061
1233, 1286
1738, 1791
1286, 1340
449, 504
1531, 1587
1681, 1738
14, 73
165, 224
1472, 1531
1817, 1876
553, 614
1305, 1366
1738, 1799
649, 711
1008, 1070
810, 873
1587, 1650
711, 775
99, 165
900, 968
1738, 1806
1141, 1210
353, 423
1, 73
224, 297
150, 224
479, 553
775, 853
623, 702
1738, 1817
1286, 1366
968, 1050
1387, 1472
1124, 1210
336, 423
449, 537
614, 702
623, 711
1817, 1908
1141, 1233
968, 1061
1587, 1681
165, 260
873, 968
614, 711
775, 873
1286, 1387
968, 1070
449, 553
1124, 1233
150, 260
108, 224
99, 224
423, 553
165, 297
1091, 1233
1387, 1531
150, 297
553, 702
73, 224
108, 260
1233, 1387
553, 711
99, 260
711, 873
900, 1070
1738, 1908
119, 297
73, 260
108, 297
873, 1070
99, 297
1387, 1587
873, 1091
73, 297
1681, 1908
99, 336
1233, 1472
449, 711
73, 336
423, 711
1233, 1531
1587, 1908
73, 423
1233, 1587
873, 1233
1091, 1531
423, 873
1124, 1587
1091, 1587
873, 1531
873, 1587
