0, 2
1, 2
2, 4
3, 2
4, 10
5, 2
6, 4
7, 5
8, 3
9, 5
10, 2
11, 8
12, 2
13, 4
14, 2
15, 9
16, 2
17, 3
18, 6
19, 3
20, 3
21, 7
22, 3
23, 3
24, 15
25, 3
26, 3
27, 6
28, 2
29, 5
30, 2
31, 9
32, 2
33, 5
34, 3
35, 5
36, 2
37, 11
38, 2
39, 3
40, 4
41, 2
42, 7
43, 2
44, 4
45, 2
46, 7
47, 2
48, 4
49, 2
50, 10
51, 3
52, 3
53, 8
54, 3
55, 3
56, 6
57, 3
58, 3
59, 22
60, 3
61, 3
62, 6
63, 2
64, 5
65, 2
66, 8
67, 2
68, 4
69, 2
70, 5
71, 2
72, 8
73, 3
74, 3
75, 7
76, 3
77, 3
78, 10
79, 3
80, 3
81, 7
82, 2
83, 3
84, 4
85, 2
86, 7
87, 3
88, 3
89, 11
90, 3
91, 3
92, 8
93, 2
94, 5
95, 3
96, 5
97, 2
98, 10
99, 2
100, 3
101, 6
102, 2
103, 5
104, 2
105, 5
106, 2
107, 9
108, 3
109, 3
110, 15
111, 3
112, 3
113, 6
114, 2
115, 5
116, 2
117, 8
118, 3
119, 3
120, 7
121, 3
122, 3
123, 10
124, 3
125, 3
126, 9
127, 2
128, 3
129, 5
130, 2
131, 5
132, 2
133, 9
134, 2
135, 3
136, 5
137, 2
138, 4
139, 2
140, 12
141, 3
142, 3
143, 7
144, 2
145, 5
146, 2
147, 5
148, 2
149, 12
150, 3
151, 3
152, 8
153, 2
154, 4
155, 5
156, 2
157, 5
158, 2
159, 9
160, 3
161, 3
162, 10
163, 3
164, 3
165, 7
166, 2
167, 3
168, 5
169, 2
170, 4
171, 2
172, 8
173, 3
174, 3
175, 12
176, 3
177, 3
178, 8
179, 2
180, 3
181, 8
182, 2
183, 3
184, 4
185, 2
186, 5
187, 2
188, 11
189, 2
190, 3
191, 8
192, 2
193, 3
194, 4
195, 2
196, 9
197, 2
198, 3
199, 4
200, 2
201, 11
202, 2
203, 3
204, 5
205, 2
206, 6
207, 2
208, 4
209, 2
210, 28
211, 3
212, 3
213, 6
214, 2
215, 5
216, 2
217, 9
218, 2
219, 3
220, 4
221, 2
222, 10
223, 2
224, 6
225, 4
226, 6
227, 2
228, 6
229, 2
230, 12
231, 3
232, 3
233, 6
234, 3
235, 3
236, 11
237, 3
238, 3
239, 9
240, 2
241, 6
242, 4
243, 6
244, 2
245, 6
246, 2
247, 10
248, 3
249, 3
250, 11
251, 3
252, 3
253, 10
254, 2
255, 5
256, 3
257, 5
258, 2
259, 8
260, 2
261, 4
262, 2
263, 9
264, 2
265, 3
266, 4
267, 2
268, 18
269, 3
270, 3
271, 6
272, 2
273, 5
274, 2
275, 8
276, 3
277, 3
278, 7
279, 3
280, 3
281, 13
282, 3
283, 3
284, 9
285, 2
286, 4
287, 2
288, 8
289, 2
290, 4
291, 2
292, 11
293, 2
294, 5
295, 3
296, 5
297, 2
298, 11
299, 2
300, 3
301, 5
302, 2
303, 5
304, 2
305, 16
306, 3
307, 3
308, 8
309, 2
310, 4
311, 2
312, 9
313, 2
314, 4
315, 2
316, 7
317, 2
318, 4
319, 2
320, 10
321, 2
322, 3
323, 4
324, 2
325, 17
326, 3
327, 3
328, 6
329, 2
330, 5
331, 2
332, 7
333, 3
334, 3
335, 13
336, 3
337, 3
338, 6
339, 2
340, 4
341, 2
342, 8
343, 2
344, 3
345, 4
346, 2
347, 7
348, 3
349, 3
350, 9
351, 3
352, 3
353, 6
354, 3
355, 3
356, 9
357, 3
358, 3
359, 6
360, 3
361, 3
362, 14
363, 3
364, 3
365, 8
366, 2
367, 4
368, 2
369, 9
370, 2
371, 4
372, 2
373, 5
374, 2
375, 11
376, 2
377, 6
378, 4
379, 6
380, 2
381, 6
382, 2
383, 16
384, 3
385, 3
386, 11
387, 2
388, 5
389, 3
390, 5
391, 2
392, 11
393, 2
394, 4
395, 2
396, 5
397, 2
398, 10
399, 2
400, 5
401, 3
402, 5
403, 2
404, 10
405, 3
406, 3
407, 19
408, 3
409, 3
410, 6
411, 2
412, 5
413, 2
414, 8
415, 2
416, 3
417, 4
418, 2
419, 10
420, 3
421, 3
422, 8
423, 2
424, 5
425, 3
426, 5
427, 2
428, 10
429, 2
430, 3
431, 8
432, 2
433, 4
434, 5
435, 2
436, 5
437, 2
438, 11
439, 2
440, 3
441, 4
442, 2
443, 25
444, 3
445, 3
446, 6
447, 2
448, 5
449, 2
450, 12
451, 2
452, 5
453, 6
454, 4
455, 6
456, 2
457, 7
458, 2
459, 14
460, 2
461, 6
462, 3
463, 6
464, 2
465, 6
466, 2
467, 12
468, 3
469, 3
470, 6
471, 3
472, 3
473, 9
474, 3
475, 3
476, 6
477, 3
478, 3
479, 11
480, 3
481, 3
482, 6
483, 2
484, 4
485, 2
486, 9
487, 3
488, 3
489, 6
490, 2
491, 4
492, 2
493, 16
494, 3
495, 3
496, 6
497, 2
498, 5
499, 2
500, 8
501, 2
502, 3
503, 4
504, 2
505, 10
506, 3
507, 3
508, 6
509, 2
510, 4
511, 2
512, 7
513, 3
514, 3
515, 9
516, 3
517, 3
518, 8
519, 2
520, 3
521, 4
522, 2
523, 7
524, 3
525, 3
526, 21
527, 3
528, 3
529, 6
530, 2
531, 5
532, 2
533, 10
534, 2
535, 3
536, 4
537, 2
538, 11
539, 2
540, 5
541, 3
542, 5
543, 2
544, 7
545, 2
546, 4
547, 2
548, 10
549, 2
550, 3
551, 4
552, 2
553, 12
554, 3
555, 3
556, 9
557, 2
558, 6
559, 3
560, 6
561, 2
562, 7
563, 2
564, 9
565, 3
566, 3
567, 15
568, 3
569, 3
570, 6
571, 2
572, 5
573, 2
574, 8
575, 2
576, 3
577, 6
578, 3
579, 3
580, 9
581, 3
582, 3
583, 6
584, 3
585, 3
586, 19
587, 3
588, 3
589, 6
590, 2
591, 5
592, 2
593, 8
594, 3
595, 3
596, 7
597, 3
598, 3
599, 13
600, 3
601, 3
602, 10
603, 2
604, 5
605, 3
606, 5
607, 2
608, 10
609, 2
610, 4
611, 2
612, 5
613, 2
614, 7
615, 2
616, 4
617, 2
618, 10
619, 2
620, 3
621, 6
622, 2
623, 5
624, 2
625, 5
626, 2
627, 13
628, 3
629, 3
630, 8
631, 2
632, 3
633, 4
634, 2
635, 10
636, 2
637, 3
638, 6
639, 2
640, 6
641, 2
642, 7
643, 2
644, 4
645, 2
646, 18
647, 3
648, 3
649, 6
650, 2
651, 4
652, 2
653, 10
654, 3
655, 3
656, 10
657, 2
658, 5
659, 6
660, 4
661, 6
662, 2
663, 8
664, 2
665, 18
666, 3
667, 3
668, 13
669, 2
670, 4
671, 5
672, 3
673, 5
674, 2
675, 13
676, 2
677, 4
678, 2
679, 5
680, 2
681, 9
682, 2
683, 4
684, 2
685, 7
686, 2
687, 4
688, 2
689, 11
690, 3
691, 3
692, 9
693, 3
694, 3
695, 21
696, 3
697, 3
698, 6
699, 2
700, 4
701, 2
702, 8
703, 3
704, 3
705, 6
706, 3
707, 3
708, 13
709, 3
710, 3
711, 7
712, 2
713, 3
714, 4
715, 2
716, 13
717, 3
718, 3
719, 9
720, 2
721, 3
722, 5
723, 2
724, 6
725, 2
726, 4
727, 2
728, 13
729, 2
730, 3
731, 5
732, 2
733, 5
734, 2
735, 10
736, 2
737, 5
738, 3
739, 5
740, 2
741, 11
742, 2
743, 3
744, 5
745, 2
746, 5
747, 2
748, 19
749, 3
750, 3
751, 8
752, 2
753, 3
754, 8
755, 2
756, 3
757, 4
758, 2
759, 8
760, 3
761, 3
762, 9
763, 3
764, 3
765, 10
766, 3
767, 3
768, 6
769, 3
770, 3
771, 12
772, 3
773, 3
774, 7
775, 3
776, 3
777, 7
778, 3
779, 3
780, 16
781, 3
782, 3
783, 6
784, 2
785, 4
786, 2
787, 23
788, 3
789, 3
790, 6
791, 2
792, 5
793, 2
794, 10
795, 2
796, 3
797, 4
798, 2
799, 5
800, 2
801, 10
802, 2
803, 6
804, 4
805, 6
806, 2
807, 6
808, 2
809, 12
810, 3
811, 3
812, 6
813, 3
814, 3
815, 13
816, 3
817, 3
818, 11
819, 2
820, 3
821, 4
822, 2
823, 7
824, 2
825, 7
826, 2
827, 4
828, 2
829, 11
830, 2
831, 3
832, 4
833, 2
834, 9
835, 2
836, 3
837, 4
838, 2
839, 23
840, 3
841, 3
842, 7
843, 2
844, 5
845, 2
846, 8
847, 2
848, 5
849, 2
850, 5
851, 2
852, 10
853, 3
854, 3
855, 8
856, 3
857, 3
858, 6
859, 3
860, 3
861, 11
862, 3
863, 3
864, 7
865, 2
866, 5
867, 2
868, 5
869, 2
870, 11
871, 3
872, 3
873, 9
874, 2
875, 6
876, 4
877, 6
878, 2
879, 7
880, 2
881, 25
882, 3
883, 3
884, 6
885, 2
886, 5
887, 2
888, 8
889, 2
890, 4
891, 2
892, 5
893, 2
894, 10
895, 2
896, 3
897, 4
898, 2
899, 10
900, 2
901, 4
902, 5
903, 2
904, 5
905, 2
906, 11
907, 2
908, 3
909, 4
910, 2
911, 12
912, 3
913, 3
914, 6
915, 2
916, 4
917, 2
918, 10
919, 3
920, 3
921, 8
922, 2
923, 3
924, 4
925, 2
926, 7
927, 2
928, 4
929, 2
930, 11
931, 3
932, 3
933, 7
934, 3
935, 3
936, 7
937, 3
938, 3
939, 22
940, 3
941, 3
942, 6
943, 2
944, 5
945, 2
946, 9
947, 2
948, 5
949, 3
950, 5
951, 2
952, 8
953, 3
954, 3
955, 8
956, 3
957, 3
958, 8
959, 3
960, 3
961, 6
962, 3
963, 3
964, 10
965, 3
966, 3
967, 6
968, 2
969, 4
970, 2
971, 12
972, 3
973, 3
974, 6
975, 2
976, 5
977, 2
978, 8
979, 3
980, 3
981, 7
982, 3
983, 3
984, 15
985, 3
986, 3
987, 6
988, 2
989, 5
990, 2
991, 9
992, 2
993, 3
994, 4
995, 2
996, 8
997, 2
998, 3
999, 6
1000, 2
1001, 5
1002, 2
1003, 5
1004, 2
1005, 18
1006, 3
1007, 3
1008, 6
1009, 2
1010, 5
1011, 2
1012, 8
1013, 2
1014, 3
1015, 5
1016, 2
1017, 4
1018, 2
1019, 10
1020, 3
1021, 3
1022, 6
1023, 2
1024, 4
1025, 2
1026, 7
1027, 3
1028, 3
1029, 12
1030, 3
1031, 3
1032, 6
1033, 2
1034, 4
1035, 2
1036, 10
1037, 3
1038, 3
1039, 11
1040, 2
1041, 5
1042, 6
1043, 4
1044, 6
1045, 2
1046, 7
1047, 2
1048, 12
1049, 2
1050, 3
1051, 4
1052, 2
1053, 12
1054, 3
1055, 3
1056, 7
1057, 2
1058, 3
1059, 10
1060, 2
1061, 3
1062, 6
1063, 2
1064, 7
1065, 2
1066, 6
1067, 2
1068, 9
1069, 2
1070, 4
1071, 2
1072, 19
1073, 3
1074, 3
1075, 6
1076, 2
1077, 4
1078, 2
1079, 8
1080, 3
1081, 3
1082, 6
1083, 3
1084, 3
1085, 11
1086, 3
1087, 3
1088, 7
1089, 2
1090, 3
1091, 4
1092, 2
1093, 10
1094, 3
1095, 3
1096, 7
1097, 3
1098, 3
1099, 7
1100, 3
1101, 3
1102, 13
1103, 3
1104, 3
1105, 10
1106, 2
1107, 3
1108, 5
1109, 2
1110, 5
1111, 2
1112, 9
1113, 2
1114, 3
1115, 4
1116, 2
1117, 10
1118, 2
1119, 3
1120, 7
1121, 2
1122, 3
1123, 6
1124, 2
1125, 4
1126, 2
1127, 9
1128, 2
1129, 3
1130, 4
1131, 2
1132, 23
1133, 3
1134, 3
1135, 6
1136, 2
1137, 5
1138, 2
1139, 8
1140, 2
1141, 3
1142, 4
1143, 2
1144, 8
1145, 3
1146, 3
1147, 6
1148, 2
1149, 4
1150, 2
1151, 14
1152, 3
1153, 3
1154, 6
1155, 2
1156, 5
1157, 2
1158, 8
1159, 2
1160, 3
1161, 5
1162, 2
1163, 4
1164, 2
1165, 11
1166, 3
1167, 3
1168, 8
1169, 2
1170, 3
1171, 5
1172, 2
1173, 4
1174, 2
1175, 8
1176, 3
1177, 3
1178, 10
1179, 3
1180, 3
1181, 7
1182, 2
1183, 5
1184, 2
1185, 5
1186, 2
1187, 14
1188, 3
1189, 3
1190, 6
1191, 2
1192, 5
1193, 2
1194, 8
1195, 3
1196, 3
1197, 8
1198, 3
1199, 3
1200, 6
1201, 3
1202, 3
1203, 20
1204, 3
1205, 3
1206, 7
1207, 2
1208, 5
1209, 2
1210, 8
1211, 2
1212, 5
1213, 2
1214, 5
1215, 2
1216, 13
1217, 3
1218, 3
1219, 6
1220, 2
1221, 5
1222, 2
1223, 8
1224, 2
1225, 3
1226, 4
1227, 2
1228, 8
1229, 3
1230, 3
1231, 8
1232, 2
1233, 4
1234, 5
1235, 2
1236, 5
1237, 2
1238, 17
1239, 3
1240, 3
1241, 6
1242, 2
1243, 5
1244, 2
1245, 9
1246, 2
1247, 3
1248, 5
1249, 2
1250, 5
1251, 2
1252, 11
1253, 3
1254, 3
1255, 9
1256, 2
1257, 3
1258, 4
1259, 2
1260, 7
1261, 2
1262, 4
1263, 2
1264, 9
1265, 2
1266, 3
1267, 5
1268, 2
1269, 4
1270, 2
1271, 11
1272, 3
1273, 3
1274, 6
1275, 2
1276, 4
1277, 2
1278, 12
1279, 3
1280, 3
1281, 6
1282, 2
1283, 5
1284, 2
1285, 7
1286, 3
1287, 3
1288, 11
1289, 3
1290, 3
1291, 7
1292, 2
1293, 5
1294, 2
1295, 6
1296, 2
1297, 8
1298, 3
1299, 3
1300, 9
1301, 3
1302, 3
1303, 7
1304, 3
1305, 3
1306, 7
1307, 3
1308, 3
1309, 17
1310, 3
1311, 3
1312, 7
1313, 2
1314, 5
1315, 2
1316, 8
1317, 2
1318, 5
1319, 2
1320, 5
1321, 2
1322, 14
1323, 3
1324, 3
1325, 6
1326, 2
1327, 5
1328, 2
1329, 11
1330, 2
1331, 6
1332, 4
1333, 6
1334, 2
1335, 6
1336, 2
1337, 11
1338, 2
1339, 5
1340, 2
1341, 5
1342, 2
1343, 11
1344, 3
1345, 3
1346, 7
1347, 2
1348, 4
1349, 2
1350, 7
1351, 2
1352, 4
1353, 2
1354, 16
1355, 3
1356, 3
1357, 7
1358, 2
1359, 5
1360, 2
1361, 8
1362, 2
1363, 5
1364, 2
1365, 5
1366, 2
1367, 15
1368, 3
1369, 3
1370, 9
1371, 2
1372, 4
1373, 2
1374, 6
1375, 2
1376, 9
1377, 2
1378, 3
1379, 4
1380, 2
1381, 8
1382, 3
1383, 3
1384, 12
1385, 3
1386, 3
1387, 8
1388, 2
1389, 3
1390, 4
1391, 2
1392, 9
1393, 2
1394, 3
1395, 5
1396, 2
1397, 6
1398, 2
1399, 4
1400, 2
1401, 18
1402, 3
1403, 3
1404, 7
1405, 2
1406, 4
1407, 2
1408, 6
1409, 2
1410, 11
1411, 2
1412, 3
1413, 4
1414, 2
1415, 12
1416, 2
1417, 4
1418, 5
1419, 3
1420, 5
1421, 2
1422, 15
1423, 2
1424, 4
1425, 5
1426, 3
1427, 5
1428, 2
1429, 8
1430, 2
1431, 4
1432, 2
1433, 10
1434, 3
1435, 3
1436, 15
1437, 3
1438, 3
1439, 6
1440, 2
1441, 5
1442, 2
1443, 7
1444, 3
1445, 3
1446, 9
1447, 3
1448, 3
1449, 7
1450, 2
1451, 3
1452, 7
1453, 2
1454, 3
1455, 4
1456, 2
1457, 8
1458, 2
1459, 3
1460, 6
1461, 2
1462, 3
1463, 4
1464, 2
1465, 3
