1.0
1.9999999999999996
2.170086486626033
2.5615528128088307
2.6286512817427528
2.813606502648327
3.077311030900418
3.335172636104481
3.796207563794521
3.829635920332724
4.569930554116079
4.603912726151907
4.660514372714189
4.663497061059967
4.922541049127939
4.934647163649199
4.954832381387068
4.979759381778603
4.980931422339946
4.982911600794478
5.030318981523813
5.033025399317536
5.037677827568239
5.3753458524301045
5.390778806020641
5.415255891906115
5.459224888222586
5.461021725362089
5.505386782752695
5.5071479630099205
5.592969153065129
5.5965240521211665
5.602140842059455
5.6089164500362525
5.621432601592669
5.621928696170519
5.74492714052498
5.750080980597093
5.758120694342423
5.767731052626955
5.768058589819791
5.780608039509008
5.781058995227188
5.7817567450229355
5.781780168242651
5.7991079142828745
5.79977522827507
5.800812632421951
5.800847340137938
5.961852863449058
5.968032356596488
5.977448715391722
6.0764291397591546
6.079581287685904
6.084307523298364
6.092161802642211
6.092411123686068
6.09278585021327
6.260808015956819
6.266265414119708
6.274348092971351
6.2875022040351976
6.287889711185005
6.300666812064611
6.301039765743827
6.323483302400708
6.3241840978099155
6.325221968384012
6.325250516859819
6.326575761735118
6.326613963436632
6.348282333355445
6.348947834343592
6.349930965456151
6.374468058064775
6.375218201105285
6.376324340412994
6.423987738859205
6.425553611922475
6.427865989315347
6.431621604149508
6.431727544449013
6.4318825468477465
6.432059393309814
6.432064090609849
6.43624022886954
6.436363817294529
6.436545193339955
6.484812547890287
6.486326330522459
6.488547220334754
6.492118065682948
6.492216376016234
6.492359541125241
6.4925223482180545
6.492784160563972
6.4927913715884005
6.497803023070272
6.497961632501129
6.498194801829978
6.498463233498293
6.498470249103869
6.498480429377285
6.4984806920201645
6.498493368983913
6.498493710297001
6.504684605270864
6.504892409562959
6.505199168570161
6.585588730895125
6.588288959214664
6.592240713453055
6.598564154944546
6.598732306825654
6.604896011417937
6.605058805819556
6.615688615969583
6.6159894554593075
6.616425564807008
6.6270431462528485
6.6273427509280545
6.627776743953405
6.648343852204761
6.648981264152834
6.64990918109099
6.651384203249476
6.6514227019975865
6.651478142657892
6.651540733152892
6.651542276193773
6.651617109228068
6.651619026797843
6.653548694938295
6.6536054526753645
6.653687823140262
6.6537817378306565
6.653784063959007
6.653787402888572
6.6537874846809695
6.684284342969893
6.685374530682115
6.686974811520647
6.689550192001826
6.689617179227778
6.689713446008722
6.689715781662703
6.689834440484888
6.6898374357725885
6.6931509284810975
6.69324742536383
6.693387098348628
6.69360726401952
6.69361291226131
6.693621021439341
6.693630157676886
6.693630379773348
6.693641268243537
6.693641543175823
6.693969492028545
6.693979662505455
6.69399445107243
6.694332236928853
6.694341608847105
6.694355130563756
6.694376341942462
6.694376884357814
6.694377662926376
6.6943785398825195
6.694378561192998
6.694378591689325
6.694378592426407
6.6944024019235275
6.694403066595522
6.694404025975244
6.694829715403028
6.694842343377453
6.694860645712151
6.6948895551439485
6.694890297508568
6.694891363323768
6.694920266188713
6.6949210093794935
6.694922076466476
6.694923278895235
6.6949233081165715
6.694924741397571
6.694924777576746
6.694981350492888
6.694983013458069
6.694985422147845
6.694988166410352
6.694988233500826
6.694988329541266
6.6949884373565105
6.6949884399711985
6.694992084098674
6.694992181051666
6.694992320553363
6.694992478166933
6.6949924820026885
6.695064156582122
6.695066475522436
6.695069858063659
6.69507374646778
6.695073841993119
6.695078589309896
6.695078710721839
6.695078884988843
6.695078889207385
7.17779233009357
7.19644540102465
7.222185214794458
7.259695500193818
7.260477167823252
7.2943584706115185
7.295054285718508
7.345272799825363
7.346323427567727
7.347772669449982
7.349365105292972
7.349396655252264
7.39141191110504
7.3922742250258064
7.393460714993874
7.394762531367901
7.396676193601915
7.396715011974332
7.399173291504491
7.399225072365686
7.496006007674659
7.4983859797618155
7.501671899920153
7.506498174830386
7.50659326865633
7.506723384152272
7.566307285315105
7.567508726543858
7.5691491632778405
7.571522085699511
7.571567662373017
7.571629806457009
7.571697654743003
7.571796105643193
7.571798000365495
7.571922644413634
7.571925130506249
7.575550529393871
7.575636539552235
7.575755026523941
7.629572786495566
7.6306447090989105
7.63210428788816
7.63420753590524
7.634247208124384
7.634301136352464
7.634359915816793
7.634444825461371
7.634446429588378
7.636802808265617
7.636850608015614
7.636915792109419
7.636916981367736
7.640312579427068
7.640381893272931
7.640476430069725
7.640579906943935
7.640581797175848
7.733383679538002
7.735305927944331
7.737916119614182
7.74166179139527
7.741730392176596
7.745171774532713
7.745234531192055
7.750337628349422
7.750434265522781
7.750565108395076
7.755174168092303
7.755261341088959
7.75537934454179
7.762518169808269
7.76265964046326
7.762851485882132
7.763126428416789
7.763131434661395
7.763138199036366
7.763138317984647
7.763403623815515
7.763408572576182
7.7634152660854925
7.763415383849683
7.7638193050577184
7.763827181304061
7.7638378550862495
7.763849493256281
7.763866233784563
7.763866539224024
7.76444994398472
7.76446208304949
