1.0
1.9999999999999996
2.170086486626033
2.5615528128088307
2.6286512817427528
2.813606502648327
2.846778225342799
2.9474126424804536
2.96617303176726
3.2880564549796962
3.329958780168209
3.424811526010088
3.4356593356231357
3.9069719937737926
3.9416757012750576
4.0074738642086585
4.012492431871517
4.126912763117084
4.135975574575153
4.1539297299727
4.155264818333097
4.551000692710993
4.573862431384241
4.613518756903952
4.615710810302328
4.677120689847987
4.68072843038366
4.687164667313582
4.6875187523554365
4.7881570576750825
4.7943349011088365
4.805229302069379
4.805795578480294
4.823577602702011
4.82460314250181
4.826410210095746
4.826503501744759
4.860400737367356
4.862663081056798
4.866712704613561
4.866920491555515
4.87375367572959
4.87414911176549
4.874843773115698
4.874878890766629
4.9678501157331185
4.974749351331232
4.986945794723735
4.98753624167832
5.007392284637736
5.008447618296158
5.0102536710057946
5.010338779495471
5.046756634810086
5.048929972307216
5.052684798121016
5.052859898754152
5.0588247161047235
5.059132784924653
5.059656474468585
5.059680592087316
5.144324693205669
5.1497409315119445
5.159004607145464
5.159416284626042
5.173790203124532
5.174486526712765
5.175648160995696
5.175698748094494
5.200256094932174
5.201589560209847
5.203838242363614
5.203935813178856
5.207376561004902
5.2075404013283855
5.207812685820894
5.207824376120212
5.398013632878715
5.407729462753128
5.4234043568321155
5.424013531817583
5.446202058723273
5.447118202389859
5.448587243474359
5.448643752345694
5.481065074852028
5.482504897091561
5.484823137348443
5.484911404505622
5.488216673762458
5.4883522032342436
5.4885689660648485
5.488577176167602
5.5413277382349255
5.543862203323677
5.547950469164985
5.54810288209322
5.553943968186763
5.554177857636058
5.554549219171902
5.554562902532408
5.56335276513109
5.56374017058905
5.564360855186844
5.564383778445873
5.56526374101684
5.565298712622562
5.565354170509575
5.565356204829856
5.793368631138245
5.8027551172747565
5.817221108462665
5.817699019182884
5.836979586060011
5.837648359630908
5.838675971518807
5.838709678895916
5.864548008293299
5.865497625646643
5.866960898137312
5.867008535147548
5.868972219736969
5.869040037081532
5.8691440757952495
5.869147451578495
5.906013372148333
5.907462398793628
5.909701085876317
5.909773070698653
5.912789279293504
5.912892096336379
5.913049218306973
5.9130542321017785
5.917201238748353
5.91735359707468
5.91758785641034
5.917595349214819
5.91790911414583
5.917919759629633
5.917936018197903
5.9179365360109575
5.976601890928588
5.979062991801424
5.982863923960451
5.98298323977457
5.9881017024230685
5.988271625029709
5.988529521684828
5.9885375194840575
5.995549000254437
5.995798699912839
5.996179688558607
5.996191513493847
5.996696668570096
5.996713255648637
5.996738400208202
5.996739177381169
6.007229766754913
6.007639949737095
6.0082704814760906
6.008290066297427
6.009135179430574
6.00916298295292
6.009205105193921
6.009206401461291
6.010360188216209
6.01040104679017
6.010463321593217
6.010465244452497
6.01054771563207
6.010550409263931
6.010554487533741
6.010554612935612
6.216712638204115
6.224292403840243
6.23560043594965
6.235921165869279
6.250428473518487
6.250857451068997
6.251493002921455
6.251510886698901
6.269986184320979
6.270559741221726
6.271411423647745
6.271435276225831
6.272525998809744
6.272558046502923
6.272605469796519
6.272606794751098
6.297074498423572
6.297878756890736
6.299076037503243
6.299109338045991
6.300648496445029
6.300693404883281
6.300759724432722
6.300761559221444
6.302740255895934
6.302801482715107
6.302892273501577
6.302894790015239
6.303010923606644
6.303014300544629
6.3030192859234235
6.303019423727519
6.337919070477653
6.339143984380662
6.340971715999715
6.341021977869923
6.34338002655014
6.343448019556089
6.343548115438802
6.343550843776475
6.3465944309840205
6.346687406723387
6.346824817178621
6.346828567859868
6.347003631501701
6.347008639338659
6.347016006687915
6.347016207211032
6.351165206026379
6.351301657764818
6.351504395346565
6.351509939332858
6.351770158743768
6.351777622328786
6.3517886016903695
6.351788900081511
6.3521228492842585
6.352133004920169
6.35214800629808
6.35214841498524
6.352167515545117
6.35216806085637
6.3521688627748585
6.352168884562075
6.4078686571371755
6.409946739486757
6.413046145772729
6.413129515799793
6.417127465468214
6.417240029670435
6.417404824544454
6.4174092030556595
6.422560332467357
6.422713527745705
6.422938583102609
6.4229445654066355
6.4232292365911725
6.42323715292202
6.423248730595149
6.42324903748401
6.430224458905663
6.430446597099027
6.430774416793123
6.430783134415064
6.431200429235711
6.431212045589847
6.431229028674775
6.431229477680537
6.431758921909667
6.431774502834628
6.431797368360019
6.431797974180489
6.431826860604274
6.43182766118411
6.431828831262739
6.43182886218635
6.4422654457776005
6.442629326967353
6.443169725005407
6.443184097855412
6.443878120320922
6.443897458563657
6.443925714167756
6.443926458113911
6.444817187626883
6.44484344937522
6.44488196796131
6.444882984198427
6.444931617574759
6.4449329594521165
6.444934918759349
6.444934970309339
6.446138917175961
6.446177069158663
6.446233319027069
6.446234807189429
6.446306340600289
6.446308321448555
6.44631121421593
6.446311290302178
6.44640194227304
6.446404595642022
6.446408485191576
6.446408587728137
6.446413495010448
6.4464136302919375
