1.0
1.9999999999999996
2.170086486626033
2.5615528128088307
2.6286512817427528
2.813606502648327
3.077311030900418
3.1107318541556235
3.19436135652973
3.3313339353941123
3.701527519065138
3.734665035186863
4.463036935698365
4.49804445185755
4.557176397608986
4.627927858370605
4.631715664852755
5.057435353336408
5.075522902902499
5.104779016511799
5.1589656440931435
5.161478980398883
5.165643310751402
5.1738490259965975
5.174248192370898
5.174914873710081
5.176252609894544
5.176318587568211
5.176429016236175
5.176651611301493
5.176662627296271
5.1766810742731
5.176718297185945
5.176720140721619
5.176723228173129
5.176729459513739
5.176729768182671
5.176730285135928
5.176731328539205
5.176731380225786
5.176731466789949
5.176731641510063
5.176731650165149
5.176731664660604
5.176731693918136
5.176731695367452
5.176731697794791
5.176731702694054
5.176731702936761
5.176731703343206
5.176731704163641
5.176731704204258
5.17673170427234
5.176731704409709
5.176731704416529
5.176731704427915
5.176731704450933
5.176731704452053
5.176731704453963
5.176731704457836
5.176731704458023
5.1767317044583505
5.176731704458986
5.176731704459016
5.176731704459074
5.176731704459193
5.176731704459189
5.1767317044591845
5.176731704459218
5.176731704459202
5.176731704459209
5.176731704459218
5.176731704459215
5.176731704459206
5.176731704459208
5.176731704459193
5.176731704459228
5.176731704459211
5.176731704459208
5.176731704459207
5.176731704459192
5.176731704459201
5.17673170445919
5.176731704459206
5.176731704459224
5.1767317044592165
5.176731704459216
5.176731704459221
5.176731704459202
5.176731704459224
5.17673170445923
5.1767317044592085
5.176731704459192
5.176731704459181
5.176731704459222
5.176731704459226
5.176731704459209
5.176731704459228
5.17673170445922
5.176731704459207
5.17673170445923
5.17673170445922
6.01317241608041
6.053872752776835
6.11191096637249
6.199767493324161
6.202289632329583
6.206020695024247
6.212094482435884
6.2122778389093005
6.212550549438239
6.212998919358673
6.213012547828843
6.213032830858415
6.21305624496399
6.21305691708524
6.21305791333223
6.213059057378118
6.21305909012464
6.213060499339149
6.213060541610986
6.213060604463712
6.213060606257351
6.213060686853788
6.213060689270173
6.213060692862862
6.213060692965372
6.213100496296235
6.213101958650075
6.213104168715414
6.213106771371448
6.213109733055678
6.21311487832881
6.213115040410712
6.213127406570132
6.213127884016426
8.096805982440365
8.130018105711413
8.173013225646718
8.230504788329096
8.231400360418796
8.232584294870428
8.234222261826925
8.234248340487998
8.234282859872023
8.234330708854358
8.234331471588945
8.234332481251815
8.234333880912782
8.23433390322519
8.234333932761063
8.234333973705844
8.234333974358545
8.234333975222528
8.234333976420302
8.234333976439455
8.234333976464686
8.234333976499695
8.234333976500308
8.234333976501032
8.234333976501807
8.234333976501834
8.234333976501862
8.23433397650184
8.234333976501848
8.234333976536208
8.234333976536744
8.234333976537535
8.234333976538336
8.23433397653833
8.234333976538345
8.234333976538394
8.234333976539313
8.234333976539352
8.234333976539345
8.234333976539325
8.23433397653945
8.234333976539395
8.234333976539459
8.234333976539414
8.23433397653945
8.234333976539489
8.234333976540631
8.23433397654065
8.234333976540693
8.234333976540722
8.234333976607235
8.234333976608617
8.234333976610408
8.234333976612398
8.234333976612435
8.234334030296257
8.234334031438735
8.234334032969658
8.23433403463918
8.234334034665311
8.234334034699884
8.234334034737028
8.234334034737637
9.672711802338403
9.6910410833831
9.713946115829907
9.743315111713493
9.743638460642977
9.744045585775478
9.771288433243036
9.771591426696745
9.7719727916611
9.807488929990054
9.807887444000713
9.808388730615338
9.856734596008929
9.857282362624312
9.857970778959753
9.92681012423346
9.9275975279454
9.928585748228898
10.031937113897657
10.033125390781958
10.03461329317851
10.198455407076882
10.20031823177358
10.202641250711034
10.470634251898979
10.473520926848273
10.477094837187838
10.899209193132334
10.903226256980563
10.908145484425086
11.498041942092707
11.50276361399965
11.508470804038147
12.229429778853342
12.234282771715218
12.240072659505842
13.045268960274182
13.049907643175754
13.055374997523913
13.912505270147141
13.916793149550905
13.921791604350055
14.812059488594713
14.815966882174276
14.820476901421317
15.733040144860365
15.736582165964936
15.740634361253855
16.668965675268858
16.67217357002931
16.67581447133974
17.615772088409898
17.618680946874996
17.621958984012554
18.570782661364508
18.573426389365046
18.576386573356665
19.5321573930768
19.534566849681735
19.537249106683063
20.49858492596099
20.500787433187043
20.503226436977865
21.469101883746593
21.471121315238275
21.47334689571143
22.442982233386417
22.444839326719432
22.446877058736924
23.34193856388344
23.343532359226664
23.345274785988874
24.323254731024456
24.32485239912907
24.326592499042555
25.236926217462774
25.23831430575941
25.23982136050487
26.09005871804858
26.091276771675485
26.092595579783634
26.89315299457744
26.894235833285634
26.89540539109625
27.654142567088382
27.655115564533112
27.656164200140246
28.37906452683124
28.379946588866332
28.380895355179128
28.91548163564169
28.91611559896787
28.91679658948644
29.384917445242536
29.385456671635804
29.38603522455406
29.798715466818425
29.79917877302735
29.79967537402794
30.08643394716998
