1.0
1.9999999999999996
2.170086486626033
2.5615528128088307
2.6286512817427528
3.1842800901390325
3.2404357915733906
3.3614687661858267
3.3752740153395075
3.6122476899617935
3.6364749219609487
3.689003671950597
3.6941677728328357
4.063257001201866
4.090395730834593
4.141481916216872
4.145135837535698
4.668883633880241
4.694733967804429
4.738135742917208
4.740367470309684
4.80425790860708
4.807712142412969
4.813726836178098
4.8140361947478905
4.823703398973641
4.824257525539666
4.825234075414842
4.825284529182386
4.8268951020884545
4.826989054123734
4.82715517573077
4.827163772492565
4.827439592550356
4.827455755433595
4.827484357059384
4.827485837847426
4.828056498574168
4.828098277420649
4.8281750928108575
4.828179172953332
4.829559982798346
4.829681869828206
4.829914963538047
4.829927673642782
4.835545818647706
4.8362861366067955
4.837857325208207
4.837948964548902
4.91066949764788
4.917925985777371
4.93060691823876
4.931228449233506
5.067086143657726
5.073846107732696
5.085123021435615
5.085630081810353
5.2140113802874435
5.219852053234608
5.229409766159268
5.229812212413067
5.350602169758969
5.3557509082356285
5.364039744218038
5.364368787655418
5.479268221860927
5.483886193353608
5.491213272965567
5.491488859106253
5.601698453745196
5.605893704039477
5.612463478375281
5.612698536125099
5.719036250267638
5.722884341701774
5.728839186542719
5.729042527998438
5.832087076465649
5.835643293939514
5.841086870858378
5.841264775229085
5.941443321761632
5.944749661863973
5.949760256428411
5.949917360420863
6.0475570446708335
6.050646381410758
6.055284868616932
6.055424694719149
6.15078382842167
6.153682521165175
6.157997364270939
6.158122650695573
6.251410404528051
6.254140006197437
6.258170536533088
6.258283452525052
6.349672786321171
6.352251206638604
6.356029858669897
6.356132150250368
6.445768612213366
6.448210936375669
6.451764820325533
6.451857912020039
6.539865814402067
6.542184895593531
6.545536934381511
6.545622002088372
6.632108873363965
6.634315771963427
6.63748554245192
6.637563566806931
6.722623437414889
6.724727753347711
6.727732121384557
6.72780392759643
6.811519805331524
6.813529934115597
6.816383542347804
6.816449830434184
6.8988955996874175
6.900818932817976
6.903534581189922
6.903595949267202
6.984837852108045
6.986680936073842
6.989269882664158
6.989326845121225
7.069424653246546
7.071193317283298
7.0736655190436215
7.073718520890052
7.152726475218794
7.15442593508389
7.1567902425775625
7.156839670890528
7.234807243873719
7.2364421869822255
7.2387065034538045
7.238752696597091
7.315725217403718
7.31729987330159
7.319471285760783
7.319514540874119
7.395533713188625
7.397051912363323
7.399136800477205
7.3991773796082905
7.474281714361216
7.475746937685463
7.477751064901362
7.477789200063166
7.552014380067954
7.553429800650209
7.555358390963957
7.555394288333478
7.628773477885164
7.630141996714494
7.63199979974679
7.632033643172617
7.704597752762611
7.7059220292423
7.707713375721221
7.707745329670374
7.779523243791744
7.780805722034173
7.782534571349395
7.782564783396685
7.85358355776464
7.854826489346932
7.856496470510691
7.8565250734515875
7.926810106696178
7.928015570443556
7.929630017534802
7.9296571311875965
7.99923231509721
8.000402234355802
8.001964217323254
8.001989950072591
8.070877801701503
8.072013959479268
8.07352631101866
8.073550761143451
8.141772539494951
8.142876591783807
8.1443419308793
8.144365187698927
8.211940997218406
8.213014484756965
8.21443523737335
8.214457382241482
8.281406264970698
8.282450623664715
8.283829040997453
8.283850148165868
8.350190166103733
8.351206736286109
8.35254491090803
8.352565048280674
8.418313357245102
8.41930339192891
8.420603272118983
8.420622501911717
8.485795417995703
8.486760090250348
8.488023492745853
8.488041872065773
8.552654931612514
8.553595341173411
8.55482396254893
8.55484154390447
8.618909557789902
8.619826736996588
8.621022163844817
8.621038995595658
8.684576098492476
8.685471017635571
8.68663473569765
8.686650862453217
8.749670557655552
8.750544129802769
8.75167753217589
8.751692995148886
8.814208195456086
8.815061280817037
8.81616567534941
8.816180512670016
8.878203577763196
8.879036987646113
8.880113603613202
8.880127850609345
8.941670621295271
8.942485121699624
8.94353511584458
8.943548805292103
9.004622634942509
9.005418949828343
9.006443411837301
9.006456574184096
9.067072357657313
9.067851171924929
9.068851129399675
9.068863792966468
9.12903199326251
9.129793955473566
9.130770378455672
9.13078256961666
9.190513242487876
9.191258967353678
9.192212772447697
9.192224515793175
9.251527332505292
9.252257403166906
9.253189457304586
9.253200775787374
9.312085044205162
9.312800014324937
9.313711138206804
9.313722053274864
9.372196737425632
9.372897133109113
9.373788104356343
9.373798636072651
9.43187237432414
9.432558695888716
9.433430251933771
9.433440419084855
9.491121541061174
9.491794264665359
9.492647105406848
9.492656925601697
9.549953467944066
9.550613047091582
9.551447837335818
9.551457327095253
9.608377048168377
9.609023915096454
9.60984128680627
9.609850461644937
9.666400855274544
9.667035422239376
9.667835976607666
9.667844851108224
9.724033159430553
9.72465581989671
9.725440129260905
9.725448717142317
9.781281942636213
9.781893072380138
9.782661681991618
9.782669996171126
9.783507048434577
9.783516231830983
9.783527785538034
9.783527910521496
9.783540498909133
9.783540637052717
9.783540810854088
9.78354081273424
9.783541002102695
9.78354100418085
9.783541006795382
9.783541006823638
9.78354100967238
9.783541009703619
9.783541009742933
9.783541009743395
9.783541009786267
9.783541009786719
9.78354100978731
9.783541009787307
9.783541009787967
9.78354100978799
9.78354100978795
9.783541009787983
9.783541009787967
9.783541009787967
9.783541009787978
9.783541009787989
9.783541009788019
9.783541009787982
9.78354100978801
9.783541009788
9.783541009787996
9.783541009787957
9.783541009787992
9.783541009787978
9.783541009787976
9.783541009787992
9.783541009787992
9.783541009787955
9.783541009787985
9.783541009787985
9.783541009787957
9.783541009787971
9.783541009788001
9.783541009787967
9.783541009787998
9.783541009787967
9.783541009787985
9.783541009788006
9.783541009787974
9.783541009787992
9.783541009787982
9.783541009787971
9.783541009788001
9.783541009787987
9.783541009788019
9.783541009787971
9.783541009788006
9.783541009787992
9.783541009787978
9.783541009787985
9.783541009787989
9.783541009787985
9.78354100978797
9.783541009788
9.783541009787992
9.783541009787992
9.783541009787974
9.783541009787992
9.78354100978801
9.783541009788005
9.783541009788006
9.78354100978797
9.783541009787974
9.783541009788017
9.783541009787998
9.783541009787976
9.783541009787982
9.783541009787976
9.783541009787982
9.783541009787992
9.783541009787971
9.783541009787983
9.78354100978799
9.783541009787948
9.783541009788008
9.783541009787985
9.783541009787992
9.783541009787996
9.783541009788005
9.783541009788005
9.783541009787994
9.783541009787978
9.783541009787973
9.783541009787989
9.78354100978796
9.783541009788005
9.783541009788006
9.783541009788015
9.783541009787989
9.783541009788017
9.783541009787974
9.783541009788022
9.783541009787978
9.78354100978797
9.783541009787996
9.783541009788
9.783541009787992
9.783541009787996
9.783541009787976
9.783541009787935
9.78354100978797
9.783541009788
9.783541009788015
9.783541009787985
9.783541009787982
9.78354100978799
9.783541009787992
9.783541009787989
9.783541009788003
9.783541009787971
9.783541009787964
9.783541009787971
9.78354100978799
9.783541009788003
9.783541009787994
9.78354100978797
9.783541009787983
9.783541009787992
9.783541009788008
9.783541009787974
9.783541009787992
9.783541009787998
9.783541009787957
9.783541009787974
9.783541009788014
9.783541009788005
9.783541009787971
9.783541009787994
9.783541009787994
9.783541009787976
9.783541009788003
9.783541009788019
9.783541009788024
9.783541009787973
9.783541009787996
9.783541009787989
9.78354100978802
9.783541009787996
9.783541009787989
9.783541009787978
9.783541009787982
9.783541009787989
9.783541009788006
9.783541009787989
9.783541009787985
9.783541009787978
9.783541009787985
9.783541009787955
9.783541009787974
9.783541009787967
9.783541009787951
9.783541009787985
9.783541009788
9.783541009787989
9.783541009787992
9.783541009787978
9.783541009788006
9.783541009787976
9.783541009787976
9.783541009788
9.78354100978798
9.783541009788003
9.783541009787983
9.78354100978795
9.783541009787982
9.783541009787976
9.783541009788003
9.78354100978799
9.78354100978801
9.783541009787992
9.783541009787978
9.78354100978798
9.78354100978801
9.783541009787976
9.783541009787971
9.78354100978798
9.783541009787985
9.783541009787983
9.783541009787992
9.783541009787985
9.783541009788003
9.783541009787992
9.783541009787976
9.783541009788
9.783541009788001
9.78354100978798
9.783541009787994
9.783541009787994
9.783541009787985
9.78354100978801
9.783541009788008
9.783541009787976
9.783541009787992
9.783541009788047
9.783541009787998
9.783541009787998
9.783541009787994
9.783541009788008
9.783541009787992
9.783541009787987
9.78354100978795
9.78354100978797
9.783541009787985
9.783541009787983
9.783541009787982
9.783541009787982
9.783541009787971
9.783541009788005
9.783541009787985
9.783541009787971
9.78354100978797
9.783541009787992
9.783541009788022
9.783541009787973
9.783541009788001
9.78354100978797
9.783541009787982
9.783541009787998
9.783541009787967
9.783541009788003
9.783541009787987
9.783541009787978
9.783541009788015
9.783541009787982
9.783541009787967
9.783541009787978
9.783541009787983
9.783541009788001
9.78354100978795
9.783541009787985
9.783541009788
9.783541009787983
9.783541009787985
9.783541009787996
9.78354100978799
9.783541009787982
9.783541009787989
9.783541009788003
9.783541009787978
9.783541009788012
9.783541009788
9.783541009787992
9.783541009787957
9.783541009787983
9.783541009787998
9.783541009787994
9.783541009787983
9.783541009787996
9.783541009787953
9.783541009787957
9.783541009787978
9.78354100978799
9.783541009787987
9.783541009788003
9.78354100978796
9.78354100978799
9.783541009787973
9.78354100978801
9.783541009787976
9.783541009787983
9.783541009788024
9.783541009787973
9.783541009787974
9.783541009788006
9.783541009787967
9.78354100978799
9.783541009787974
9.78354100978801
9.783541009788017
9.783541009787964
9.783541009788008
9.783541009788005
9.78354100978801
9.783541009788001
9.783541009787967
9.783541009787992
9.78354100978801
9.783541009787994
9.783541009787983
9.783541009787996
9.78354100978798
9.783541009787996
9.783541009787974
9.783541009787982
9.783541009788024
9.783541009788017
9.783541009787983
9.783541009787955
9.78354100978799
9.783541009788008
9.783541009787957
9.783541009787992
9.78354100978799
9.783541009787982
9.783541009787982
9.783541009788
9.783541009787974
9.783541009788008
9.78354100978801
9.783541009787978
9.783541009788
9.783541009788003
9.783541009787992
9.783541009788003
9.783541009787998
9.783541009787992
9.783541009787982
9.783541009788
9.783541009787989
9.783541009787967
9.783541009787989
9.783541009787996
9.783541009787978
9.783541009787998
9.783541009788
9.783541009787974
9.783541009788006
9.783541009787974
9.783541009787985
9.783541009787992
9.783541009787978
9.783541009787992
9.783541009788006
9.783541009787974
9.783541009788003
9.783541009788005
9.783541009788
9.783541009787992
9.783541009787955
9.783541009788005
9.783541009787985
9.783541009788005
9.783541009787983
9.783541009787996
9.783541009788005
9.78354100978796
9.783541009787992
9.78354100978798
9.78354100978801
9.783541009788006
9.783541009788003
9.783541009787989
9.783541009787987
9.783541009787955
9.783541009788006
9.783541009787971
9.783541009788006
9.783541009787958
9.783541009787948
9.783541009787971
9.783541009787992
9.783541009787976
9.783541009788008
9.783541009787982
9.783541009788012
9.783541009788003
9.783541009787967
9.783541009788005
9.783541009787985
9.78354100978799
9.783541009787989
9.783541009787989
9.783541009787982
9.783541009788019
9.783541009788019
9.783541009787983
9.783541009788003
9.783541009787974
9.783541009788003
9.783541009788
9.783541009787989
9.783541009787982
9.783541009788005
9.783541009787973
9.78354100978801
9.783541009787982
9.783541009787996
9.783541009787998
9.783541009787982
9.783541009788006
9.783541009787992
9.783541009787974
9.783541009787982
9.783541009787976
9.783541009787971
9.783541009787983
9.783541009787994
9.783541009787971
9.783541009787976
9.783541009788006
9.783541009787998
9.783541009788006
9.783541009787983
9.78354100978797
9.783541009787985
9.78354100978798
9.783541009788
9.783541009787967
9.783541009787973
9.783541009787966
9.783541009787992
9.783541009787983
9.783541009787998
9.783541009787971
9.783541009788001
9.783541009787992
9.783541009788001
9.78354100978801
9.783541009787967
9.783541009787971
9.78354100978797
9.783541009787974
9.783541009787967
9.783541009787996
9.783541009787989
9.783541009787982
9.78354100978798
9.783541009788006
9.783541009788003
9.783541009788006
9.783541009788017
9.783541009787992
9.783541009788006
9.783541009788001
9.783541009787987
9.783541009788003
9.783541009787989
9.783541009787992
9.783541009787992
9.783541009788012
9.783541009787982
9.783541009788014
9.783541009787996
9.783541009787978
9.783541009788001
9.783541009787974
9.783541009787982
9.783541009787983
9.78354100978798
9.78354100978801
9.783541009787998
9.783541009787985
9.783541009788001
9.783541009788008
9.783541009788006
9.783541009787982
9.783541009787992
9.783541009788008
9.783541009787976
9.783541009788001
9.783541009787974
9.783541009787992
9.783541009787976
9.78354100978801
9.783541009787971
9.783541009787994
9.78354100978799
9.783541009787994
9.783541009787976
9.783541009787982
9.783541009787974
9.783541009787964
9.783541009788003
9.78354100978797
9.783541009787985
9.783541009787987
9.783541009787976
9.783541009788014
9.78354100978797
9.783541009787976
9.78354100978797
9.783541009787983
9.783541009787973
9.783541009787985
9.783541009787987
9.783541009787976
9.783541009788003
9.78354100978797
9.783541009787989
9.783541009787967
9.783541009787992
9.783541009788001
9.783541009787973
9.783541009788008
9.783541009787998
9.783541009787971
9.783541009787967
9.783541009788012
9.783541009788006
9.783541009787996
9.783541009788003
9.783541009787973
9.783541009787973
9.783541009787992
9.783541009788006
9.783541009787982
9.783541009788014
9.78354100978802
9.78354100978799
9.783541009788003
9.783541009787998
9.783541009787978
9.78354100978796
9.783541009788006
9.783541009787989
9.783541009787982
9.783541009787985
9.783541009787971
9.783541009787974
9.783541009787998
9.783541009787992
9.783541009787992
9.783541009788003
9.783541009788
9.78354100978803
9.78354100978795
9.783541009787998
9.783541009787983
9.783541009787967
9.783541009787985
9.783541009787982
9.783541009788001
9.78354100978798
9.783541009787978
9.783541009787989
9.783541009787974
9.783541009787973
9.78354100978796
9.783541009787974
9.783541009787974
9.783541009787978
9.783541009788019
9.78354100978796
9.783541009788006
9.783541009787989
9.783541009788
9.783541009787989
9.783541009787983
9.783541009787987
9.783541009788015
9.783541009787998
9.783541009788001
9.783541009788033
9.783541009788006
9.78354100978798
9.783541009787996
9.783541009787992
9.783541009788006
9.783541009788005
9.783541009787985
9.783541009788012
9.783541009787971
9.783541009787992
9.783541009788014
9.783541009787994
9.783541009787989
9.78354100978799
9.783541009788003
9.783541009787978
9.783541009787996
9.783541009787967
9.783541009787982
9.783541009788019
9.783541009788014
9.783541009787992
9.78354100978799
9.78354100978796
9.783541009787998
9.78354100978799
9.78354100978797
9.783541009787978
9.78354100978797
9.783541009788014
9.783541009787996
9.78354100978801
9.783541009787974
9.783541009788003
9.783541009787983
9.783541009787976
9.783541009788006
9.783541009787966
9.783541009787978
9.783541009788003
9.783541009787994
9.783541009787974
9.783541009787987
9.783541009787983
9.783541009787992
9.783541009787982
9.783541009787989
9.783541009787998
9.783541009787987
9.783541009787982
9.783541009788006
9.783541009788003
9.783541009787996
9.78354100978801
9.783541009787982
9.78354100978799
9.783541009787964
9.783541009788008
9.783541009788038
9.783541009788005
9.783541009787973
9.783541009787971
9.783541009787996
9.783541009787964
9.78354100978801
9.78354100978801
9.783541009788003
9.783541009787974
9.783541009787985
9.783541009788014
9.783541009788006
9.783541009787978
9.783541009787985
9.783541009787989
9.783541009788005
9.783541009787994
9.783541009787998
9.783541009787989
9.78354100978801
9.783541009788
9.78354100978798
9.783541009787978
9.783541009787953
9.783541009787976
9.78354100978795
9.783541009788001
9.783541009788017
9.783541009787992
9.783541009787985
9.783541009787996
9.783541009787985
9.78354100978798
9.783541009787985
9.783541009787985
9.783541009787971
9.783541009788
9.783541009787998
9.783541009787982
9.783541009787967
9.783541009787964
9.783541009787983
9.783541009788014
9.78354100978798
9.783541009787996
9.783541009788
9.783541009787989
9.78354100978797
9.783541009787989
9.783541009788003
9.783541009787994
9.783541009787989
9.783541009787985
9.783541009787985
9.783541009787989
9.783541009788005
9.783541009788003
9.783541009788003
9.783541009788005
9.783541009787996
9.783541009788005
9.783541009787978
9.783541009788014
9.78354100978795
9.783541009787978
9.783541009787983
9.783541009787973
9.783541009787989
9.783541009787985
9.783541009787967
9.783541009787974
9.783541009787994
9.783541009787996
9.783541009787964
9.783541009788014
9.783541009787971
9.78354100978798
9.783541009788
9.783541009788003
9.783541009788003
9.783541009787967
9.783541009787992
9.783541009787982
9.783541009788
9.78354100978802
9.783541009788
9.783541009788005
9.783541009787978
9.783541009787989
9.783541009788003
9.783541009787983
9.783541009787967
9.783541009788003
9.783541009788008
9.783541009787985
9.783541009787983
9.783541009787996
9.783541009787998
9.783541009787973
9.783541009787962
9.783541009788014
9.783541009788006
9.783541009787989
9.78354100978795
9.783541009787971
9.783541009787992
9.783541009787994
9.783541009788003
9.783541009787974
9.783541009788
9.783541009787989
9.783541009787989
9.783541009787935
9.783541009787989
9.783541009788
9.783541009788014
9.783541009788019
9.783541009787989
9.783541009787992
9.783541009788
9.783541009788014
9.783541009788
9.783541009787996
9.783541009788
9.783541009787989
9.783541009787982
9.783541009787974
9.783541009787985
9.783541009787982
9.783541009788005
9.783541009787964
9.783541009787973
9.783541009787967
9.783541009787978
9.783541009787964
9.783541009787996
9.783541009788
9.78354100978796
9.783541009787985
9.783541009787935
9.78354100978797
9.783541009788006
9.78354100978797
9.783541009787976
9.78354100978801
9.783541009787994
9.783541009787998
9.78354100978798
9.783541009787974
9.783541009787992
9.78354100978798
9.783541009787944
9.783541009788005
9.783541009787985
9.783541009788006
9.783541009788006
9.783541009787971
9.783541009787992
9.783541009787992
9.783541009787976
9.783541009788012
9.783541009787987
9.783541009788003
9.783541009788008
9.783541009787983
9.783541009788003
9.783541009788001
9.783541009788
9.783541009787987
9.783541009787982
9.783541009788003
9.78354100978802
9.783541009788
9.783541009788012
9.783541009788014
9.783541009787974
9.78354100978798
9.783541009787958
9.783541009788
9.783541009787987
9.783541009788006
9.78354100978799
9.783541009787982
9.783541009788014
9.783541009787989
9.783541009787983
9.783541009787996
9.783541009787973
9.78354100978799
9.783541009788001
9.783541009788026
9.783541009788
9.783541009788005
9.783541009787985
9.783541009787998
9.783541009788008
9.783541009788019
9.783541009787982
9.783541009788008
9.78354100978799
9.783541009787998
9.783541009787985
9.783541009787974
9.783541009788003
9.78354100978801
9.783541009787992
9.783541009787989
9.783541009788003
9.783541009787967
9.783541009787974
9.783541009787987
9.783541009788
9.78354100978797
9.783541009787996
9.783541009787996
9.783541009787989
9.783541009787973
9.78354100978801
9.783541009787992
9.783541009788003
9.783541009787992
9.783541009787978
9.783541009787982
9.783541009787992
9.78354100978801
9.783541009787996
9.783541009787982
9.783541009787978
9.783541009788003
9.783541009787989
9.783541009787974
9.783541009788015
9.783541009788003
9.783541009787976
9.78354100978799
9.783541009788008
9.78354100978798
9.783541009787996
9.783541009788
9.783541009788012
9.783541009787996
9.783541009787989
9.783541009788042
9.78354100978801
9.783541009788
9.78354100978801
9.783541009788003
9.783541009787985
9.783541009787998
9.783541009787971
9.783541009787987
9.783541009787982
9.783541009788003
9.783541009787976
9.783541009787989
9.783541009787974
9.783541009787985
9.783541009788022
9.783541009787978
9.783541009787974
9.783541009787998
9.78354100978797
9.783541009788006
9.783541009788014
9.78354100978797
9.783541009787996
9.783541009788003
9.783541009788003
9.783541009788033
9.783541009787987
9.78354100978801
9.783541009787992
9.78354100978801
9.783541009787974
9.783541009788003
9.783541009787992
9.783541009788019
9.783541009787985
9.783541009787989
9.783541009787978
9.783541009788003
9.78354100978799
9.783541009788008
9.783541009787989
9.783541009788028
9.783541009787989
9.783541009788005
9.783541009788
9.783541009788022
9.783541009787989
9.783541009788014
9.783541009788024
9.783541009788
9.78354100978801
9.78354100978801
9.783541009788001
9.78354100978799
9.783541009787955
9.783541009787992
9.783541009787992
9.783541009788028
9.783541009787996
9.783541009788008
9.783541009787996
9.783541009788017
9.783541009788006
9.783541009787989
9.783541009788012
9.783541009787996
9.783541009787973
9.783541009787994
9.783541009788008
9.783541009787974
9.783541009788008
9.783541009788
9.78354100978796
9.783541009788008
9.783541009788005
9.783541009788003
9.783541009788
9.783541009788028
9.783541009787992
9.783541009788017
9.783541009788006
9.783541009787987
9.78354100978801
9.783541009788003
9.783541009787998
9.783541009787989
9.78354100978801
9.783541009787985
9.783541009788001
9.783541009788015
9.783541009787989
9.783541009787989
9.78354100978799
9.783541009787989
9.783541009788017
9.783541009787978
9.783541009787994
9.783541009788
9.783541009787973
9.783541009788008
9.783541009787992
9.783541009788
9.783541009788017
9.783541009788003
9.78354100978799
9.783541009788003
9.783541009787998
9.783541009787958
9.78354100978802
9.783541009787974
9.783541009787971
9.783541009788017
9.78354100978801
9.783541009787989
9.783541009787978
9.783541009787994
9.783541009787987
9.783541009788003
9.783541009788031
9.783541009787983
9.783541009788001
9.783541009787987
9.783541009788
9.783541009787992
9.783541009788006
9.783541009787973
9.783541009788
9.783541009788006
9.783541009787989
9.78354100978801
9.783541009788001
9.783541009787978
9.783541009788
9.783541009788
9.783541009788006
9.783541009788001
9.783541009788003
9.783541009788006
9.78354100978799
9.78354100978801
9.783541009787992
9.783541009787992
9.783541009787982
9.78354100978799
9.783541009787994
9.783541009788
9.783541009787985
9.783541009787973
9.78354100978796
9.783541009788017
9.783541009788003
9.78354100978796
9.783541009788017
9.783541009788
9.783541009787974
9.783541009787985
9.783541009787996
9.783541009788014
9.783541009787996
9.783541009787982
9.783541009787989
9.783541009787994
9.783541009788
9.783541009787998
9.783541009788003
9.783541009787964
9.78354100978799
9.783541009788003
9.783541009788003
9.783541009787974
9.783541009788014
9.783541009787992
9.783541009787983
9.783541009787985
9.783541009788005
9.78354100978801
9.783541009787983
9.783541009788003
9.783541009787967
9.783541009787996
9.783541009787985
9.783541009787983
9.783541009787976
9.783541009787974
9.783541009788
9.783541009787992
9.783541009788012
9.783541009787982
9.783541009787998
9.783541009787983
9.783541009788005
9.783541009787985
9.783541009788014
9.783541009787998
9.783541009788026
9.783541009787985
9.783541009788042
9.783541009788006
9.783541009787982
9.783541009788
9.783541009788022
9.783541009788006
9.783541009787967
9.78354100978801
9.78354100978799
9.783541009787983
9.783541009787992
9.783541009787998
9.783541009788006
9.783541009788017
9.783541009787996
9.78354100978803
9.783541009788
9.78354100978798
9.78354100978801
9.783541009788
9.783541009788006
9.783541009788006
9.783541009787964
9.783541009787982
9.78354100978799
9.783541009788003
9.78354100978799
9.783541009788003
9.783541009787983
9.783541009788003
9.783541009788005
9.783541009788019
9.783541009787974
9.78354100978801
9.78354100978802
9.783541009788019
9.783541009787973
9.783541009788
9.783541009787962
9.783541009787983
9.783541009788033
9.783541009788005
9.78354100978802
9.783541009787994
9.783541009788017
9.783541009787996
9.783541009788014
9.783541009787989
9.78354100978801
9.783541009787996
9.783541009787992
9.783541009788006
9.783541009788
9.783541009788008
9.783541009787971
9.783541009788008
9.783541009788008
9.783541009787983
9.783541009787985
9.783541009788003
9.78354100978799
9.783541009787983
9.783541009787987
9.783541009788015
9.783541009787989
9.783541009788014
9.783541009788
9.78354100978801
9.783541009788003
9.783541009787989
9.783541009787992
9.78354100978801
9.783541009787989
9.783541009787989
9.783541009788001
9.783541009787996
9.783541009787967
9.78354100978801
9.783541009787971
9.78354100978801
9.783541009788001
9.783541009787996
9.783541009787978
9.783541009788
9.783541009787996
9.783541009788024
9.783541009788028
9.783541009787992
9.783541009788003
9.783541009787985
9.783541009788003
9.783541009788003
9.783541009788031
9.783541009788008
9.78354100978799
9.783541009787989
9.783541009788017
9.783541009787987
9.783541009788
9.78354100978801
9.783541009787996
9.783541009788024
9.783541009787996
9.78354100978802
9.783541009788003
9.783541009788008
9.783541009788012
9.783541009788008
9.78354100978798
9.783541009787982
9.783541009788053
9.783541009788006
9.783541009787992
9.783541009788001
9.78354100978801
9.783541009787967
9.783541009787996
9.783541009787992
9.783541009787987
9.783541009788003
9.783541009788003
9.783541009787996
9.783541009787989
9.783541009787989
9.783541009788014
9.783541009788005
9.783541009788003
9.783541009788012
9.78354100978804
9.783541009788015
9.783541009787982
9.783541009788012
9.783541009787983
9.783541009788
9.783541009788005
9.783541009788003
9.783541009787974
9.783541009788003
9.783541009787974
9.783541009788
9.783541009788006
9.783541009787985
9.783541009787971
9.783541009788006
9.783541009788012
9.783541009787992
9.783541009787989
9.783541009787978
9.783541009787989
9.783541009787998
9.783541009787987
9.783541009787996
9.783541009788
9.78354100978798
9.783541009787976
9.783541009788042
9.783541009787989
9.783541009787982
9.783541009787994
9.783541009787964
9.783541009788006
9.783541009787985
9.78354100978799
9.783541009787973
9.783541009787994
9.783541009787989
9.783541009787983
9.783541009787985
9.783541009787985
9.783541009788006
9.783541009788015
9.783541009788015
9.783541009787985
9.78354100978797
9.783541009788
9.783541009787992
9.783541009787978
9.783541009787985
9.783541009787989
9.783541009787971
9.783541009787974
9.783541009787978
9.783541009787974
9.783541009787964
9.783541009787973
9.783541009787985
9.783541009787983
9.783541009787996
9.78354100978801
9.783541009787985
9.783541009787989
9.783541009787989
9.783541009787985
9.783541009787987
9.783541009788003
9.783541009788
9.783541009787973
9.783541009787967
9.783541009787992
9.783541009787985
9.783541009787992
9.783541009788
9.783541009787957
9.783541009787992
9.783541009787987
9.783541009787996
9.783541009787989
9.783541009787996
9.783541009787958
9.783541009787985
9.783541009787982
9.783541009787992
9.783541009788014
9.783541009787978
9.783541009787992
9.783541009787996
9.78354100978798
9.783541009787994
9.783541009787994
9.783541009787978
9.783541009788005
9.783541009787994
9.783541009787992
9.78354100978801
9.783541009787971
9.783541009788008
9.783541009788005
9.783541009787987
9.783541009787987
9.783541009788006
9.783541009787989
9.78354100978801
9.783541009788006
9.783541009787985
9.783541009788006
9.783541009787996
9.783541009788017
9.783541009787996
9.78354100978797
9.783541009788014
9.783541009787971
9.783541009787992
9.783541009787985
9.783541009787982
9.783541009787996
9.783541009788
9.783541009787967
9.783541009787985
9.783541009787994
9.78354100978796
9.783541009788014
9.783541009787992
9.783541009787976
9.783541009788
9.783541009788001
9.783541009788014
9.78354100978801
9.783541009788003
9.783541009787985
9.783541009788
9.783541009787974
9.783541009788012
9.783541009788003
9.783541009787971
9.783541009787953
9.783541009788
9.783541009787967
9.783541009787974
9.783541009788008
9.783541009787985
9.783541009787992
9.783541009787982
9.783541009787994
9.783541009788015
9.783541009787989
9.783541009788003
9.783541009788012
9.783541009787985
9.783541009788006
9.78354100978801
9.783541009787982
9.783541009788003
9.783541009788008
9.783541009787992
9.78354100978798
9.783541009788003
9.783541009787989
9.783541009788017
9.783541009787996
9.783541009787985
9.78354100978799
9.783541009788
9.783541009787992
9.783541009787982
9.783541009788024
9.783541009787998
9.78354100978801
9.78354100978801
9.783541009788008
9.783541009787992
9.783541009787966
9.78354100978799
9.783541009788017
9.783541009787992
9.783541009788008
9.783541009787967
9.783541009787996
9.783541009788
9.783541009788008
9.783541009787992
9.783541009787987
9.783541009787996
9.783541009788014
9.783541009788003
9.783541009787987
9.783541009788008
9.783541009788003
9.783541009787989
9.783541009787992
9.783541009788
9.783541009787964
9.783541009787985
9.783541009787971
9.783541009787973
9.783541009787971
9.783541009787994
9.78354100978799
9.783541009787985
9.783541009787971
9.783541009787996
9.783541009787985
9.783541009788015
9.783541009788006
9.783541009788014
9.783541009787978
9.78354100978798
9.783541009787998
9.783541009787998
9.783541009788026
9.783541009787983
9.783541009788006
9.78354100978798
9.783541009788003
9.783541009788015
9.783541009788006
9.783541009788003
9.783541009787996
9.78354100978798
9.783541009788017
9.783541009788005
9.783541009787987
9.783541009788
9.783541009788006
9.783541009788019
9.783541009788003
9.78354100978798
9.783541009788014
9.783541009788
9.783541009787967
9.78354100978798
9.783541009788001
9.783541009788042
9.783541009788003
9.783541009788005
9.783541009788006
9.783541009787987
9.78354100978801
9.783541009787976
9.783541009788006
9.783541009788003
9.783541009788006
9.783541009788014
9.783541009788003
9.783541009787998
9.783541009787985
9.783541009788014
9.783541009787996
9.783541009787989
9.783541009787998
9.783541009788003
9.783541009787967
9.783541009787987
9.783541009788006
9.783541009787982
9.783541009787974
9.783541009787992
9.783541009787994
9.783541009787985
9.783541009787978
9.783541009788014
9.783541009787962
9.783541009788001
9.783541009787989
9.783541009788017
9.78354100978799
9.783541009788003
9.783541009787942
9.78354100978797
9.783541009788008
9.783541009787994
9.783541009787998
9.783541009787982
9.783541009787983
9.783541009787985
9.783541009787982
9.783541009787989
9.783541009787989
9.783541009787987
9.783541009787983
9.78354100978801
9.783541009787985
9.783541009788
9.783541009788005
9.783541009787982
9.783541009787985
9.783541009788012
9.783541009787992
9.78354100978803
9.783541009787982
9.783541009788005
9.783541009787992
9.783541009787974
9.783541009787985
9.783541009788003
9.783541009788005
9.783541009787996
9.783541009787996
9.783541009788003
9.783541009788012
9.783541009787962
9.783541009788003
9.783541009788001
9.783541009787992
9.783541009787992
9.783541009788008
9.783541009787973
9.78354100978798
9.783541009787996
9.783541009787982
9.783541009787948
9.78354100978798
9.783541009787992
9.783541009787992
9.783541009787992
9.783541009787985
9.78354100978797
9.783541009787978
9.783541009788006
9.783541009787978
9.783541009787964
9.783541009787992
9.783541009788006
9.78354100978799
9.78354100978802
9.783541009787992
9.783541009788001
9.783541009788001
9.78354100978798
9.783541009787998
9.783541009787996
9.783541009787978
9.783541009787985
9.783541009787992
9.783541009788006
9.783541009787978
9.783541009787989
9.783541009787996
9.783541009787985
9.783541009788028
9.783541009787989
9.783541009787985
9.783541009788015
9.783541009787982
9.783541009787982
9.783541009787982
9.783541009788008
9.783541009787982
9.783541009787966
9.78354100978798
9.78354100978799
9.783541009788
9.783541009787955
9.78354100978801
9.783541009787985
9.783541009788012
9.783541009788001
9.78354100978802
9.783541009787996
9.783541009788005
9.783541009788017
9.783541009788
9.783541009788
9.783541009787998
9.783541009787974
9.783541009787987
9.783541009787994
9.783541009788003
9.783541009788
9.78354100978802
9.783541009787964
9.783541009788003
9.78354100978798
9.783541009788001
9.783541009788008
9.783541009787973
9.783541009788005
9.783541009788
9.78354100978801
9.783541009787974
9.783541009788012
9.783541009788022
9.783541009787989
9.783541009787971
9.783541009787985
9.783541009787996
9.783541009787985
9.783541009787978
9.783541009787983
9.783541009787992
9.783541009788012
9.783541009788
9.783541009787982
9.783541009788006
9.783541009787994
9.783541009787973
9.783541009787998
9.78354100978799
9.78354100978802
9.783541009787983
9.783541009787994
9.783541009787978
9.783541009788003
9.783541009788
9.783541009787996
9.783541009788014
9.78354100978799
9.783541009787973
9.783541009788003
9.78354100978798
9.783541009787987
9.783541009788003
9.783541009787982
9.783541009787996
9.783541009787987
9.783541009788012
9.783541009787992
9.783541009787989
9.783541009788003
9.783541009788028
9.783541009787982
9.783541009788028
9.783541009787982
9.783541009788
9.783541009787992
9.78354100978798
9.783541009788
9.783541009788005
9.783541009787996
9.783541009787987
9.783541009787971
9.783541009788026
9.783541009788
9.78354100978802
9.783541009788
9.783541009787992
9.783541009788001
9.783541009788
9.783541009788
9.783541009788031
9.783541009788017
9.783541009788006
9.783541009787992
9.783541009788006
9.783541009788015
9.783541009787978
9.783541009787996
9.783541009787983
9.783541009787985
9.783541009787989
9.783541009787971
9.783541009788003
9.783541009787989
9.783541009788012
9.783541009788
9.783541009787996
9.783541009788017
9.783541009788022
9.783541009788022
9.783541009788005
9.78354100978799
9.783541009788
9.78354100978801
9.783541009787971
9.783541009787983
9.783541009787996
9.783541009788014
9.783541009787998
9.783541009788022
9.783541009787987
9.783541009788003
9.783541009787989
9.783541009787996
9.783541009788005
9.783541009788008
9.783541009787989
9.783541009788006
9.783541009788014
9.783541009788003
9.783541009787989
9.783541009787978
9.78354100978798
9.783541009788035
9.783541009788012
9.783541009787994
9.783541009788001
9.78354100978797
9.783541009787974
9.783541009787994
9.783541009788014
9.783541009787974
9.783541009787992
9.783541009788014
9.783541009787985
9.783541009787976
9.783541009787989
9.783541009787985
9.783541009787958
9.783541009788001
9.78354100978802
9.783541009788003
9.783541009787996
9.783541009788006
9.78354100978802
9.783541009787982
9.783541009787996
9.783541009787989
9.783541009787982
9.78354100978801
9.783541009787992
9.783541009787982
9.783541009787978
9.783541009787967
9.783541009787978
9.783541009788006
9.783541009787992
9.783541009787996
9.783541009787996
9.783541009788
9.783541009787992
9.783541009788003
9.783541009787992
9.783541009788005
9.783541009787985
9.783541009787985
9.783541009787985
9.78354100978797
9.783541009788006
9.783541009787962
9.783541009787989
9.783541009787982
9.783541009788003
9.783541009787982
9.783541009787982
9.783541009787983
9.78354100978798
9.783541009787985
9.783541009787987
9.783541009787987
9.783541009787996
9.783541009787982
9.783541009788
9.783541009787992
9.783541009788038
9.783541009787987
9.783541009787982
9.783541009787951
9.783541009787982
9.783541009788
9.783541009787982
9.783541009788014
9.783541009788
9.783541009788003
9.783541009787971
9.783541009787985
9.783541009787985
9.783541009787987
9.783541009787982
9.783541009787985
9.783541009787974
9.78354100978799
9.783541009787989
9.783541009787971
9.783541009787971
9.783541009788005
9.783541009787971
9.783541009787976
9.783541009788
9.783541009787989
9.783541009787971
9.783541009788
9.783541009788014
9.783541009788003
9.783541009787982
9.783541009787971
9.783541009788014
9.783541009788012
9.783541009787964
9.78354100978798
9.78354100978798
9.783541009787996
9.783541009788005
9.78354100978798
9.783541009788001
9.783541009787971
9.783541009787971
9.783541009787983
9.783541009787962
9.783541009787989
9.783541009787967
9.783541009788
9.783541009788
9.783541009787994
9.78354100978801
9.78354100978801
9.783541009788
9.783541009788024
9.783541009788003
9.783541009788006
9.78354100978798
9.783541009787992
9.783541009787978
9.783541009787971
9.783541009787989
9.783541009788001
9.783541009787978
9.783541009787982
9.783541009788001
9.783541009788
9.783541009787978
9.783541009788017
9.783541009787998
9.783541009787962
9.783541009787992
9.783541009788005
9.783541009787989
9.783541009787982
9.783541009787955
9.783541009788003
9.783541009787978
9.783541009787992
9.783541009787994
9.783541009787994
9.783541009787989
9.783541009787992
9.783541009787994
9.783541009787987
9.783541009787996
9.783541009787978
9.783541009787989
9.783541009787985
9.783541009787996
9.783541009787962
9.783541009787982
9.783541009787948
9.783541009787985
9.783541009787985
9.783541009787971
9.783541009787953
9.783541009787996
9.783541009787974
9.783541009787985
9.783541009787996
9.783541009787998
9.78354100978801
9.78354100978796
9.783541009787978
9.78354100978798
9.78354100978801
9.783541009787967
9.783541009787994
9.783541009788003
9.78354100978801
9.783541009787985
9.783541009788006
9.783541009787987
9.783541009787983
9.783541009787987
9.783541009788019
9.783541009787978
9.783541009787989
9.78354100978799
9.783541009787996
9.783541009787974
9.783541009787989
9.783541009787989
9.783541009788012
9.783541009788019
9.783541009787998
9.783541009788017
9.78354100978797
9.783541009787998
9.783541009787974
9.783541009787985
9.783541009787985
9.783541009787982
9.783541009787964
9.783541009787998
9.783541009787951
9.783541009787992
9.783541009787982
9.783541009788001
9.783541009787987
9.783541009788003
9.783541009787996
9.783541009787994
9.783541009787985
9.783541009787983
9.783541009787985
9.783541009787989
9.783541009787985
9.783541009787964
9.78354100978796
9.783541009787987
9.783541009788008
9.783541009787987
9.783541009787985
9.783541009788
9.783541009788001
9.783541009788014
9.783541009787992
9.783541009787989
9.783541009787992
9.783541009787989
9.783541009787987
9.783541009787976
9.783541009787964
9.783541009788005
9.783541009787978
9.783541009788003
9.783541009788017
9.783541009788003
9.783541009787989
9.78354100978796
9.783541009788003
9.78354100978798
9.783541009788
9.783541009787989
9.783541009787996
9.783541009787998
9.783541009787992
9.783541009787982
9.783541009787998
9.783541009787989
9.783541009787989
9.783541009788005
9.78354100978799
9.783541009788003
9.783541009787978
9.783541009787976
9.783541009788006
9.783541009788005
9.783541009787978
9.783541009788022
9.78354100978797
9.783541009787976
9.783541009787982
9.783541009787985
9.783541009788001
9.783541009788001
9.78354100978797
9.78354100978799
9.783541009787994
9.783541009788014
9.783541009787998
9.783541009788006
9.783541009787971
9.783541009787987
9.783541009787967
9.783541009787971
9.783541009787983
9.783541009787982
9.783541009787946
9.783541009788
9.783541009787989
9.783541009788005
9.783541009787992
9.783541009787978
9.783541009787978
9.783541009787994
9.783541009788006
9.783541009787985
9.783541009788
9.783541009788001
9.783541009787992
9.783541009787966
9.783541009787998
9.783541009788014
9.783541009788028
9.783541009787971
9.783541009787978
9.783541009787974
9.783541009787998
9.783541009787971
9.783541009787982
9.783541009787985
9.783541009787985
9.783541009788014
9.78354100978801
9.783541009787989
9.783541009787992
9.783541009788003
9.783541009788014
9.783541009787957
9.783541009787982
9.783541009787996
9.783541009787985
9.783541009787992
9.783541009788001
9.783541009787996
9.783541009787974
9.783541009787953
9.78354100978796
9.783541009787982
9.783541009787989
9.783541009787955
9.783541009787987
9.783541009788005
9.783541009787985
9.783541009787985
9.783541009787996
9.78354100978801
9.783541009787978
9.783541009787955
9.783541009787966
9.783541009787982
9.783541009787978
9.783541009788003
9.783541009788
9.783541009788006
9.783541009788003
9.783541009788006
9.783541009787985
9.783541009787982
9.783541009787976
9.783541009787992
9.783541009787974
9.783541009787967
9.783541009788024
9.783541009787958
9.783541009787948
9.783541009787978
9.78354100978802
9.783541009787992
9.783541009788003
9.783541009787976
9.783541009787982
9.783541009787974
9.783541009787985
9.783541009787964
9.783541009787985
9.783541009787971
9.783541009787992
9.783541009787967
9.783541009787989
9.783541009787983
9.783541009787946
9.783541009787985
9.783541009788012
9.783541009787987
9.783541009788001
9.78354100978799
9.783541009787955
9.783541009787989
9.783541009787964
9.783541009787982
9.78354100978797
9.783541009787983
9.783541009787989
9.783541009787978
9.783541009787978
9.783541009787982
9.783541009788005
9.783541009787974
9.783541009787989
9.783541009787957
9.783541009788008
9.783541009787964
9.783541009787966
9.783541009787982
9.783541009787982
9.783541009787967
9.783541009787964
9.783541009787966
9.783541009787967
9.783541009787967
9.78354100978798
9.78354100978796
9.783541009787964
9.783541009787992
9.783541009787978
9.783541009787978
9.783541009788001
9.783541009787976
9.783541009787985
9.78354100978802
9.783541009787998
9.783541009787967
9.78354100978798
9.783541009787992
9.783541009787985
9.783541009787966
9.783541009787976
9.783541009787974
9.783541009788017
9.783541009787964
9.783541009787967
9.783541009787983
9.783541009787974
9.783541009787976
9.783541009787971
9.783541009788006
9.783541009787998
9.78354100978796
9.783541009788014
9.783541009787985
9.783541009787974
9.78354100978797
9.783541009787971
9.783541009787974
9.783541009787974
9.783541009787962
9.783541009787946
9.783541009787978
9.783541009787971
9.78354100978798
9.783541009788006
9.783541009787957
9.783541009787978
9.783541009787966
9.783541009787957
9.783541009788014
9.783541009787989
9.783541009787964
9.783541009787982
9.78354100978798
9.783541009787989
9.783541009787974
9.783541009787971
9.783541009787973
9.783541009787957
9.783541009787982
9.783541009787971
9.78354100978799
9.783541009787982
9.783541009787973
9.783541009787974
9.783541009787982
9.783541009787974
9.783541009787985
9.783541009787996
9.78354100978798
9.78354100978798
9.783541009787974
9.783541009787992
9.783541009787964
9.783541009787996
9.783541009787978
9.783541009787957
9.783541009787967
9.783541009788015
9.78354100978797
9.783541009787971
9.783541009787974
9.783541009787967
9.783541009787974
9.783541009787966
9.783541009787982
9.783541009787964
9.783541009787957
9.783541009788005
9.783541009788
9.783541009787976
9.783541009787987
9.783541009787971
9.783541009787982
9.783541009788006
9.783541009787976
9.783541009788012
9.783541009788008
9.783541009787989
9.783541009788003
9.783541009787974
9.78354100978796
9.783541009788005
9.783541009787966
9.783541009787985
9.783541009788012
9.783541009787978
9.783541009788022
9.783541009787992
9.783541009788006
9.783541009787978
9.78354100978797
9.783541009787989
9.783541009787964
9.783541009787983
9.783541009787989
9.783541009788001
9.783541009787996
9.783541009788012
9.783541009787985
9.783541009788005
9.783541009787998
9.783541009787978
9.783541009787985
9.78354100978796
9.783541009787996
9.783541009787996
9.783541009788006
9.783541009788024
9.783541009787994
9.783541009787978
9.783541009787971
9.783541009788031
9.783541009788015
9.783541009787989
9.783541009787985
9.783541009788003
9.783541009787983
9.783541009787994
9.783541009787982
9.783541009787978
9.783541009787992
9.78354100978797
9.783541009787953
9.783541009787967
9.783541009788003
9.783541009787978
9.783541009787982
9.783541009787967
9.783541009787982
9.783541009787982
9.783541009787967
9.78354100978799
9.783541009787987
9.783541009787985
9.783541009788022
9.783541009787955
9.783541009787953
9.783541009788005
9.78354100978799
9.783541009787967
9.783541009787978
9.783541009787967
9.783541009788
9.783541009787973
9.78354100978797
9.78354100978799
9.783541009787994
9.783541009788003
9.783541009787998
9.783541009787982
9.783541009788014
9.783541009787983
9.783541009787996
9.783541009787987
9.783541009788001
9.78354100978798
9.783541009787992
9.783541009787974
9.78354100978798
9.783541009788001
9.783541009787992
9.783541009788003
9.783541009788008
9.783541009788003
9.783541009788001
9.783541009787998
9.783541009787992
9.783541009787989
9.783541009787989
9.783541009788026
9.783541009787962
9.783541009787994
9.783541009787996
9.783541009787994
9.783541009788003
9.783541009787982
9.783541009787967
9.783541009787976
9.783541009787973
9.783541009787996
9.783541009788005
9.783541009787989
9.783541009787964
9.783541009788003
9.783541009787967
9.783541009787962
9.783541009787989
9.783541009788003
9.783541009787987
9.78354100978795
9.783541009787978
9.783541009787973
9.783541009787946
9.783541009787962
9.783541009787982
9.783541009787985
9.783541009787992
9.783541009787982
9.783541009787982
9.783541009787976
9.783541009787982
9.783541009787996
9.78354100978796
9.783541009787992
9.783541009787989
9.783541009787982
9.783541009787998
9.783541009787982
9.783541009787957
9.783541009787989
9.783541009787996
9.783541009787978
9.783541009787992
9.783541009787985
9.783541009787989
9.783541009787992
9.783541009787982
9.783541009788
9.783541009787982
9.78354100978801
9.783541009787989
9.783541009787985
9.783541009788017
9.783541009788001
9.78354100978799
9.783541009787989
9.783541009788003
9.783541009788006
9.783541009787992
9.783541009787985
9.783541009788033
9.783541009787974
9.783541009787985
9.783541009787987
9.783541009787974
9.78354100978799
9.783541009788001
9.783541009787985
9.78354100978797
9.78354100978798
9.783541009788001
9.783541009788001
9.78354100978797
9.783541009788017
9.783541009787978
9.783541009788005
9.78354100978798
9.783541009787974
9.783541009787978
9.783541009787966
9.78354100978801
9.783541009787996
9.78354100978801
9.783541009787978
9.783541009787974
9.783541009787985
9.783541009788003
9.783541009787957
9.783541009788008
9.783541009788003
9.78354100978801
9.783541009787985
9.783541009787994
9.783541009788
9.783541009788
9.783541009788001
9.783541009787989
9.783541009787992
9.783541009787971
9.78354100978799
9.78354100978798
9.783541009787976
9.783541009787967
9.783541009787989
9.783541009787989
9.783541009787983
9.783541009787974
9.783541009787989
9.783541009787978
9.783541009787955
9.783541009788003
9.783541009788024
9.783541009788012
9.783541009788
9.783541009787971
9.783541009787985
9.783541009788006
9.783541009787982
9.783541009788003
9.783541009787987
9.783541009787974
9.783541009787998
9.783541009787971
9.783541009788006
9.783541009787989
9.783541009787974
9.783541009787978
9.783541009787996
9.783541009787996
9.783541009787996
9.783541009787989
9.783541009787976
9.783541009787996
9.783541009787996
9.78354100978797
9.783541009787957
9.78354100978801
9.783541009787992
9.783541009787982
9.783541009787998
9.783541009787987
9.783541009787987
9.783541009787987
9.783541009787982
9.783541009787998
9.783541009787978
9.783541009787994
9.783541009787996
9.783541009787967
9.783541009788003
9.783541009787971
9.783541009787983
9.783541009787983
9.783541009787973
9.783541009787974
9.783541009788014
9.783541009787996
9.783541009788017
9.783541009788
9.783541009788005
9.783541009787989
9.783541009787992
9.783541009787985
9.783541009787985
9.783541009787989
9.783541009787992
9.783541009788001
9.783541009788006
9.783541009788006
9.783541009788024
9.78354100978801
9.783541009788008
9.783541009787996
9.783541009787958
9.783541009787978
9.783541009787983
9.78354100978799
9.783541009787974
9.783541009787953
9.78354100978801
9.783541009787998
9.783541009787985
9.783541009787998
9.783541009787989
9.783541009788005
9.783541009788003
9.783541009787992
9.783541009788008
9.783541009788
9.783541009787978
9.783541009787971
9.783541009787985
9.78354100978797
9.783541009787989
9.783541009788006
9.783541009787982
9.783541009787992
9.783541009787983
9.783541009788003
9.783541009788003
9.783541009787982
9.783541009787985
9.783541009787989
9.783541009787996
9.783541009788
9.783541009787982
9.783541009787974
9.78354100978796
9.783541009787976
9.783541009787976
9.783541009787987
9.783541009788
9.783541009788015
9.78354100978798
9.783541009787996
9.783541009787992
9.783541009788012
9.783541009787985
9.78354100978802
9.783541009788012
9.783541009787985
9.783541009787996
9.783541009787978
9.783541009787978
9.783541009788
9.783541009787985
9.783541009787974
9.783541009787994
9.783541009787994
9.783541009787978
9.783541009787982
9.783541009788003
9.783541009787987
9.783541009787983
9.783541009787992
9.783541009788003
9.783541009787992
9.783541009787998
9.783541009787989
9.783541009787982
9.783541009787998
9.783541009788031
9.783541009788017
9.783541009788014
9.783541009787971
9.783541009787992
9.783541009787985
9.783541009788
9.783541009787992
9.783541009787998
9.783541009787982
9.78354100978801
9.783541009787974
9.783541009787982
9.783541009787989
9.783541009787987
9.78354100978799
9.783541009787982
9.783541009787996
9.783541009787992
9.783541009787998
9.783541009788019
9.783541009787982
9.783541009787996
9.783541009788035
9.783541009788012
9.783541009787976
9.783541009787989
9.783541009788012
9.783541009787987
9.78354100978798
9.783541009787978
9.783541009788003
9.783541009788008
9.783541009787987
9.783541009788003
9.783541009787967
9.783541009788003
9.783541009788005
9.783541009787973
9.783541009787989
9.783541009788003
9.783541009788
9.783541009787978
9.78354100978799
9.783541009788003
9.783541009787973
9.783541009788001
9.783541009787985
9.783541009788024
9.78354100978801
9.783541009788
9.783541009787974
9.783541009788015
9.783541009787983
9.783541009787974
9.78354100978799
9.78354100978801
9.783541009787996
9.783541009787989
9.783541009787978
9.78354100978799
9.783541009788001
9.78354100978801
9.783541009787994
9.783541009787996
9.783541009787992
9.783541009787989
9.783541009787983
9.783541009787982
9.783541009787987
9.783541009788
9.783541009787982
9.783541009787987
9.783541009787966
9.783541009787985
9.783541009787985
9.783541009787989
9.78354100978801
9.783541009788
9.783541009787996
9.783541009787994
9.783541009787974
9.783541009787982
9.783541009787992
9.783541009787971
9.783541009787942
9.78354100978801
9.783541009788006
9.783541009788017
9.783541009787987
9.783541009787982
9.783541009787987
9.78354100978796
9.783541009787974
9.783541009788
9.783541009787985
9.783541009787964
9.783541009787989
9.783541009787976
9.78354100978799
9.783541009787992
9.783541009787967
9.783541009787983
9.783541009788014
9.783541009787992
9.783541009787992
9.783541009787996
9.78354100978799
9.783541009787998
9.783541009787967
9.783541009788
9.783541009788003
9.78354100978801
9.783541009787978
9.78354100978797
9.783541009787974
9.783541009787983
9.783541009787982
9.783541009788
9.783541009787996
9.783541009787998
9.783541009788
9.783541009787992
9.78354100978802
9.783541009787976
9.783541009788
9.783541009787989
9.783541009788
9.783541009787989
9.783541009788014
9.783541009787987
9.783541009788006
9.783541009788003
9.783541009787998
9.783541009788005
9.783541009788003
9.78354100978801
9.783541009787985
9.783541009787992
9.78354100978799
9.783541009787996
9.783541009787985
9.783541009788014
9.78354100978798
9.78354100978801
9.783541009787983
9.783541009787973
9.783541009788008
9.78354100978799
9.78354100978799
9.783541009787985
9.783541009787989
9.783541009788008
9.78354100978799
9.783541009787985
9.783541009787971
9.783541009787989
9.783541009787989
9.783541009788006
9.783541009788008
9.783541009787992
9.783541009787985
9.783541009787998
9.783541009787983
9.783541009788003
9.783541009787992
9.783541009787982
9.783541009788
9.783541009788014
9.783541009787974
9.78354100978801
9.783541009787971
9.78354100978799
9.783541009787994
9.783541009787974
9.783541009787964
9.783541009787982
9.783541009787985
9.783541009788006
9.783541009787978
9.78354100978799
9.783541009787985
9.78354100978801
9.783541009787974
9.783541009787994
9.783541009787992
9.783541009788005
9.783541009788006
9.783541009787992
9.783541009788
9.783541009787998
9.783541009787992
9.783541009787978
9.783541009787996
9.783541009787978
9.783541009787983
9.783541009787978
9.783541009787992
9.783541009788003
9.783541009787989
9.783541009787996
9.783541009787974
9.783541009788005
9.783541009787992
9.783541009787974
9.783541009788
9.783541009788003
9.783541009788019
9.783541009788006
9.783541009787992
9.783541009788
9.783541009787987
9.783541009788
9.783541009787985
9.783541009788012
9.783541009787964
9.783541009787985
9.783541009788003
9.783541009787971
9.783541009787983
9.783541009788
9.783541009787978
9.78354100978796
9.783541009788
9.783541009787967
9.783541009788005
9.783541009788014
9.783541009787982
9.783541009788003
9.783541009787976
9.783541009788003
9.78354100978797
9.783541009787998
9.783541009787994
9.783541009788001
9.783541009787982
9.783541009788
9.783541009787992
9.783541009788017
9.783541009787982
9.783541009787989
9.783541009787971
9.783541009787996
9.783541009788031
9.783541009787989
9.783541009788001
9.783541009787974
9.783541009787957
9.783541009788014
9.783541009788001
9.783541009788003
9.783541009787992
9.783541009787998
9.783541009788014
9.783541009787978
9.783541009788005
9.78354100978802
9.783541009787974
9.783541009788014
9.783541009787985
9.783541009788006
9.783541009787992
9.783541009787989
9.783541009787989
9.783541009788008
9.783541009788006
9.783541009788006
9.783541009787996
9.783541009788008
9.783541009787982
9.78354100978801
9.783541009787973
9.783541009787996
9.783541009787978
9.783541009787989
9.783541009788012
9.783541009787987
9.783541009787971
9.783541009787982
9.783541009788015
9.783541009787994
9.783541009787974
9.783541009787989
9.783541009787987
9.783541009787989
9.783541009787964
9.783541009787985
9.783541009787971
9.783541009787985
9.783541009787964
9.783541009788017
9.783541009788
9.783541009787982
9.783541009788003
9.783541009787974
9.783541009787985
9.783541009788003
9.783541009787989
9.783541009787992
9.783541009787996
9.78354100978801
9.78354100978797
9.783541009787989
9.783541009787985
9.783541009787983
9.783541009787987
9.783541009787994
9.783541009788003
9.783541009788017
9.783541009787989
9.78354100978801
9.783541009787985
9.783541009788017
9.783541009787985
9.783541009787998
9.783541009787987
9.783541009788006
9.78354100978797
9.783541009788003
9.783541009787957
9.783541009787976
9.783541009787992
9.783541009787996
9.783541009787998
9.783541009787985
9.783541009787992
9.78354100978802
9.783541009787992
9.783541009788017
9.783541009788003
9.783541009787996
9.783541009788026
9.783541009787978
9.783541009788001
9.783541009788
9.783541009788014
9.783541009788006
9.783541009787983
9.783541009787978
9.783541009787985
9.783541009787989
9.783541009788017
9.783541009788015
9.783541009787953
9.78354100978802
9.783541009788014
9.783541009787982
9.783541009787989
9.783541009787985
9.783541009787985
9.783541009787985
9.783541009787987
9.783541009787996
9.783541009787994
9.783541009788026
9.783541009787985
9.783541009788003
9.783541009787971
9.783541009787989
9.783541009787985
9.783541009787996
9.783541009787996
9.783541009787983
9.783541009787996
9.783541009787967
9.78354100978801
9.783541009787978
9.783541009788028
9.783541009787955
9.783541009787983
9.783541009788003
9.783541009787982
9.783541009788003
9.78354100978799
9.783541009788006
9.783541009787996
9.783541009787992
9.783541009787978
9.783541009787978
9.783541009787978
9.783541009787971
9.783541009787996
9.783541009787987
9.783541009787982
9.783541009787982
9.783541009787967
9.783541009787994
9.783541009787985
9.783541009787982
9.78354100978798
9.783541009787994
9.783541009787985
9.783541009788006
9.783541009787974
9.783541009787957
9.783541009787985
9.783541009788001
9.783541009787971
9.783541009787987
9.783541009787985
9.78354100978802
9.783541009788033
9.783541009787976
9.783541009787967
9.783541009787992
9.783541009788006
9.78354100978799
9.783541009787985
9.783541009787976
9.783541009787974
9.783541009787985
9.783541009788014
9.783541009787958
9.783541009787994
9.783541009788003
9.783541009787978
9.783541009787996
9.783541009788
9.783541009787962
9.783541009787978
9.783541009787983
9.783541009787992
9.783541009787996
9.78354100978798
9.783541009788003
9.783541009787971
9.78354100978801
9.783541009787992
9.783541009788019
9.783541009788019
9.783541009787992
9.783541009787992
9.78354100978799
9.783541009788001
9.783541009787996
9.783541009787982
9.783541009787967
9.783541009787987
9.783541009787967
9.783541009787987
9.783541009787994
9.783541009787967
9.783541009787992
9.783541009788015
9.78354100978796
9.783541009788014
9.78354100978797
9.783541009788012
9.78354100978801
9.783541009787971
9.783541009788006
9.783541009787985
9.783541009788005
9.783541009787974
9.783541009787989
9.783541009787974
9.783541009787957
9.78354100978799
9.783541009787967
9.783541009787974
9.783541009787992
9.783541009788001
9.783541009788017
9.783541009788
9.783541009787976
9.783541009787978
9.783541009787996
9.783541009788
9.783541009787971
9.783541009788
9.783541009787985
9.783541009787992
9.783541009787967
9.783541009787987
9.783541009787994
9.783541009787971
9.78354100978799
9.783541009787989
9.783541009787982
9.783541009787978
9.783541009787992
9.783541009788
9.783541009787971
9.783541009787967
9.783541009787982
9.783541009787994
9.783541009788005
9.783541009787987
9.783541009787989
9.783541009787971
9.783541009787982
9.783541009787987
9.783541009788005
9.783541009787971
9.783541009788006
9.783541009787992
9.783541009788
9.783541009787971
9.783541009787971
9.783541009788006
9.783541009787996
9.783541009787992
9.783541009788001
9.783541009787996
9.783541009788005
9.78354100978801
9.783541009787989
9.783541009787992
9.783541009788006
9.783541009787976
9.783541009787974
9.78354100978802
9.78354100978798
9.783541009787974
9.783541009787976
9.78354100978801
9.783541009788014
9.783541009788014
9.783541009787998
9.783541009788031
9.783541009787982
9.78354100978798
9.783541009787982
9.783541009787974
9.783541009788006
9.783541009788
9.783541009787982
9.783541009787985
9.783541009787996
9.783541009788005
9.783541009787996
9.783541009788017
9.783541009788026
9.783541009788
9.783541009787974
9.78354100978799
9.783541009787996
9.783541009788035
9.78354100978801
9.783541009788014
9.783541009787983
9.783541009787996
9.783541009788022
9.783541009788
9.783541009787994
9.783541009788003
9.783541009787985
9.783541009787994
9.783541009787971
9.78354100978802
9.783541009787985
9.783541009788005
9.783541009787985
9.783541009787974
9.783541009787987
9.783541009788022
9.783541009787987
9.783541009788006
9.78354100978801
9.783541009787985
9.783541009787992
9.783541009787985
9.783541009788003
9.783541009788003
9.783541009787946
9.783541009787983
9.783541009787985
9.783541009788014
9.783541009788001
9.783541009788
9.783541009788012
9.783541009787996
9.783541009787964
9.783541009788024
9.783541009787996
9.783541009787989
9.783541009787978
9.783541009788006
9.783541009788008
9.783541009787964
9.783541009787978
9.783541009787985
9.783541009787978
9.783541009787985
9.783541009787971
9.783541009787974
9.783541009788005
9.783541009788014
9.783541009788006
9.783541009788003
9.78354100978801
9.783541009787985
9.783541009788
9.783541009788015
9.783541009787992
9.783541009787992
9.783541009787992
9.783541009787985
9.783541009787985
9.783541009788024
9.783541009787978
9.783541009787996
9.783541009788003
9.78354100978801
9.783541009787998
9.783541009787974
9.783541009787996
9.783541009788015
9.783541009788003
9.783541009787985
9.783541009788003
9.783541009788006
9.783541009787989
9.783541009788006
9.78354100978799
9.783541009787989
9.783541009787996
9.783541009788017
9.783541009788003
9.783541009788012
9.78354100978799
9.783541009787985
9.783541009788017
9.783541009788001
9.783541009788
9.78354100978799
9.783541009787992
9.783541009787996
9.783541009787996
9.783541009787996
9.783541009788022
9.783541009788003
9.783541009787987
9.783541009787976
9.783541009787978
9.783541009787996
9.783541009788006
9.783541009787992
9.783541009787998
9.783541009787964
9.783541009788024
9.783541009788046
9.783541009787992
9.78354100978796
9.783541009788
9.78354100978801
9.78354100978802
9.783541009787974
9.783541009788024
9.78354100978801
9.783541009787998
9.783541009787989
9.783541009788006
9.783541009788008
9.783541009787998
9.783541009788
9.783541009787973
9.783541009788005
9.783541009787985
9.783541009788005
9.783541009787996
9.783541009787982
9.783541009788003
9.783541009787994
9.783541009787989
9.783541009788008
9.783541009787985
9.783541009787998
9.783541009787989
9.783541009787978
9.783541009787974
9.783541009787998
9.783541009787957
9.78354100978801
9.783541009787985
9.783541009788001
9.783541009788008
9.783541009788006
9.783541009787978
9.783541009788
9.783541009788003
9.78354100978799
9.783541009788015
9.783541009787982
9.783541009788015
9.783541009787985
9.783541009787962
9.783541009787989
9.78354100978799
9.783541009787989
9.783541009788003
9.783541009787994
9.78354100978798
9.783541009787932
9.783541009787985
9.783541009787971
9.783541009788014
9.783541009787985
9.783541009787992
9.783541009787964
9.783541009787971
9.783541009787983
9.783541009787996
9.783541009787967
9.783541009788017
9.783541009787971
9.783541009787996
9.78354100978799
9.78354100978796
9.783541009788
9.783541009787971
9.783541009787962
9.783541009787994
9.783541009787982
9.783541009787996
9.783541009788
9.783541009788003
9.783541009788006
9.783541009788028
9.783541009787971
9.783541009787992
9.783541009787992
9.783541009787974
9.783541009788015
9.783541009788006
9.783541009787982
9.783541009787987
9.783541009788
9.783541009788015
9.783541009787985
9.783541009787998
9.783541009787996
9.783541009787994
9.783541009787996
9.783541009787976
9.783541009787996
9.783541009787992
9.783541009787983
9.783541009787996
9.783541009787985
9.783541009787989
9.783541009788003
9.783541009788024
9.783541009787996
9.783541009787976
9.783541009788005
9.783541009787978
9.783541009788006
9.783541009788003
9.783541009787994
9.783541009787992
9.783541009787985
9.783541009788006
9.783541009787967
9.783541009788006
9.783541009787974
9.783541009787996
9.783541009787974
9.783541009787983
9.783541009787992
9.783541009788012
9.783541009787996
9.783541009788019
9.783541009788014
9.78354100978801
9.783541009787985
9.783541009787978
9.783541009788015
9.783541009787989
9.783541009788006
9.783541009788003
9.783541009787996
9.783541009787985
9.783541009787989
9.783541009787996
9.783541009788003
9.783541009787985
9.783541009787964
9.78354100978799
9.783541009788014
9.783541009788006
9.783541009787985
9.783541009787983
9.783541009787989
9.783541009788001
9.783541009788
9.783541009787994
9.783541009788017
9.78354100978797
9.783541009787992
9.783541009788005
9.783541009788
9.783541009788017
9.783541009788008
9.783541009788001
9.783541009788015
9.783541009788003
9.783541009787992
9.783541009788
9.783541009788
9.783541009788017
9.783541009787996
9.783541009788008
9.783541009788015
9.783541009787996
9.783541009787998
9.78354100978801
9.783541009788
9.783541009787976
9.783541009788031
9.783541009788006
9.783541009788003
9.783541009788014
9.783541009787982
9.783541009788014
9.783541009787996
9.783541009788
9.783541009788001
9.783541009787998
9.783541009788017
9.783541009787992
9.78354100978802
9.783541009788014
9.783541009787992
9.783541009788012
9.783541009788008
9.783541009787998
9.783541009788038
9.783541009788
9.783541009787992
9.783541009788033
9.78354100978801
9.78354100978801
9.783541009787982
9.783541009788028
9.783541009787985
9.783541009787978
9.783541009787989
9.783541009787966
9.783541009787989
9.783541009788
9.783541009787989
9.783541009787996
9.783541009787989
9.783541009788014
9.783541009788003
9.783541009787974
9.783541009787964
9.78354100978801
9.783541009788005
9.783541009787994
9.78354100978799
9.783541009787985
9.78354100978801
9.783541009788008
9.783541009788003
9.783541009788
9.783541009787996
9.783541009787978
9.783541009788003
9.783541009787994
9.783541009787989
9.783541009788005
9.78354100978802
9.783541009788001
9.78354100978798
9.783541009787978
9.783541009788014
9.783541009787996
9.78354100978798
9.783541009788006
9.783541009788017
9.783541009788042
9.783541009787978
9.783541009788006
9.783541009787994
9.783541009787989
9.783541009788017
9.783541009787978
9.783541009787989
9.783541009788001
9.783541009787998
9.783541009787966
9.783541009788001
9.783541009788001
9.78354100978797
9.783541009787978
9.783541009788003
9.783541009788033
9.783541009788001
9.783541009787987
9.783541009787989
9.783541009787998
9.783541009787996
9.783541009787989
9.783541009787989
9.783541009787982
9.783541009787985
9.783541009787994
9.783541009787996
9.783541009787978
9.783541009787982
9.783541009788008
9.783541009787994
9.783541009787992
9.783541009788001
9.783541009787992
9.783541009788006
9.783541009788003
9.783541009788006
9.783541009788024
9.783541009787998
9.783541009787978
9.783541009788
9.783541009788
9.783541009787989
9.783541009788042
9.783541009788008
9.783541009788017
9.78354100978799
9.783541009788001
9.783541009787996
9.783541009787987
9.78354100978802
9.783541009788006
9.78354100978799
9.783541009787978
9.783541009788003
9.78354100978802
9.783541009787983
9.783541009787974
9.783541009788024
9.783541009788006
9.783541009788014
9.783541009788014
9.78354100978801
9.783541009788001
9.78354100978801
9.783541009787974
9.783541009788022
9.783541009788
9.783541009787971
9.78354100978799
9.783541009788008
9.783541009787992
9.783541009788012
9.78354100978803
9.783541009788006
9.783541009788001
9.783541009787992
9.783541009788015
9.783541009787987
9.783541009787974
9.783541009788006
9.783541009787983
9.783541009787987
9.78354100978802
9.783541009787985
9.783541009787996
9.783541009787971
9.783541009787996
9.783541009787989
9.783541009788005
9.783541009787978
9.783541009788003
9.783541009788008
9.783541009788
9.783541009787978
9.783541009787992
9.783541009788006
9.783541009787982
9.783541009787985
9.783541009788
9.783541009787996
9.783541009787992
9.783541009787987
9.783541009787971
9.783541009787994
9.783541009787989
9.783541009788005
9.783541009787971
9.783541009787978
9.783541009788
9.783541009787994
9.783541009787989
9.783541009787992
9.783541009787974
9.783541009788003
9.783541009787989
9.783541009788026
9.783541009788006
9.783541009788006
9.783541009788003
9.783541009787992
9.783541009787982
9.783541009787983
9.783541009788003
9.783541009787971
9.78354100978801
9.783541009788022
9.78354100978799
9.783541009788019
9.783541009787989
9.783541009787967
9.783541009787967
9.783541009787982
9.78354100978801
9.783541009787985
9.783541009788031
9.783541009787982
9.783541009788006
9.783541009788024
9.783541009788015
9.783541009787992
9.783541009788005
9.783541009787998
9.783541009788005
9.783541009788006
9.783541009788006
9.783541009787985
9.783541009787973
9.783541009788024
9.78354100978797
9.783541009788001
9.783541009787982
9.78354100978801
9.783541009788014
9.783541009787996
9.783541009787982
9.783541009788022
9.78354100978801
9.783541009788003
9.783541009788006
9.783541009787994
9.783541009787996
9.783541009788014
9.783541009787994
9.783541009787985
9.783541009787982
9.783541009787976
9.783541009787983
9.783541009788003
9.78354100978797
9.783541009787989
9.783541009787973
9.783541009787989
9.783541009788003
9.783541009787955
9.783541009788005
9.783541009788024
9.78354100978801
9.783541009787996
9.783541009788
9.783541009787982
9.783541009788006
9.783541009787989
9.783541009788005
9.783541009787989
9.783541009787973
9.783541009787978
9.783541009787974
9.783541009787996
9.783541009788003
9.783541009787992
9.783541009787982
9.783541009787983
9.783541009787992
9.783541009787985
9.783541009788003
9.783541009787996
9.783541009788014
9.783541009787983
9.783541009787985
9.783541009788035
9.78354100978798
9.783541009788017
9.783541009788017
9.783541009788001
9.783541009787996
9.783541009787983
9.783541009787998
9.783541009787985
9.78354100978801
9.783541009788017
9.783541009788019
9.783541009788003
9.783541009787998
9.783541009787996
9.78354100978801
9.783541009787973
9.783541009788006
9.783541009788017
9.783541009788
9.783541009787983
9.783541009787996
9.783541009787976
9.783541009787985
9.783541009787973
9.783541009788014
9.783541009788006
9.783541009787985
9.78354100978799
9.783541009788006
9.783541009787994
9.783541009787976
9.783541009787996
9.783541009788005
9.783541009787992
9.783541009788008
9.783541009787996
9.783541009788003
9.783541009787996
9.78354100978801
9.783541009787994
9.783541009787985
9.783541009788014
9.783541009788014
9.783541009788019
9.783541009788008
9.783541009788
9.783541009787989
9.783541009788
9.783541009787996
9.783541009788
9.783541009788008
9.783541009787978
9.783541009787996
9.78354100978802
9.78354100978802
9.783541009788006
9.783541009788019
9.783541009788014
9.78354100978802
9.783541009788017
9.783541009788031
9.783541009788026
9.783541009787982
9.783541009787996
9.783541009787996
9.783541009787978
9.783541009788022
9.783541009787998
9.783541009788001
9.783541009787998
9.78354100978799
9.783541009788031
9.783541009788019
9.783541009787985
9.783541009787985
9.78354100978802
9.78354100978801
9.783541009787998
9.783541009787978
9.783541009788008
9.78354100978799
9.783541009788017
9.783541009788006
9.783541009788017
9.783541009788003
9.783541009788014
9.783541009787994
9.783541009788
9.783541009788005
9.783541009788
9.78354100978801
9.783541009788
9.783541009787992
9.783541009788014
9.783541009788
9.783541009788003
9.78354100978802
9.78354100978801
9.783541009788005
9.783541009788014
9.783541009787992
9.783541009788005
9.783541009787998
9.783541009788028
9.783541009788006
9.783541009787983
9.783541009787971
9.78354100978802
9.783541009788003
9.783541009787998
9.783541009787974
9.783541009787985
9.783541009788014
9.783541009787996
9.78354100978802
9.78354100978798
9.783541009788008
9.783541009788031
9.783541009787992
9.783541009787994
9.78354100978802
9.783541009787996
9.783541009788006
9.783541009788001
9.783541009788026
9.78354100978798
9.783541009787998
9.783541009788
9.783541009787978
9.783541009787976
9.783541009788
9.783541009788006
9.783541009788024
9.783541009787992
9.783541009788019
9.783541009787992
9.783541009787962
9.783541009787978
9.78354100978803
9.783541009787971
9.783541009787978
9.78354100978802
9.783541009788006
9.783541009788005
9.783541009788003
9.783541009787998
9.78354100978799
9.783541009788005
9.783541009787985
9.783541009787982
9.783541009787998
9.783541009787987
9.783541009788003
9.783541009787978
9.783541009787989
9.783541009787967
9.783541009788
9.783541009787996
9.783541009787992
9.783541009788
9.78354100978798
9.783541009788003
9.783541009788019
9.783541009788006
9.783541009788006
9.783541009788
9.783541009787987
9.78354100978802
9.783541009787992
9.78354100978801
9.78354100978802
9.783541009788022
9.783541009787985
9.783541009788005
9.783541009788006
9.783541009787982
9.783541009787978
9.783541009788005
9.783541009788006
9.783541009787974
9.783541009788005
9.783541009787985
9.783541009788
9.78354100978801
9.783541009787989
9.783541009787982
9.783541009787978
9.783541009788003
9.783541009788017
9.783541009787989
9.783541009788
9.783541009788012
9.78354100978799
9.783541009788017
9.783541009787992
9.783541009787976
9.783541009788006
9.783541009788008
9.783541009787982
9.78354100978801
9.783541009787985
9.78354100978801
9.783541009788003
9.78354100978802
9.783541009787989
9.783541009788017
9.783541009788005
9.783541009787985
9.783541009788005
9.783541009787987
9.783541009788033
9.783541009787992
9.783541009787985
9.783541009788005
9.783541009788006
9.783541009787996
9.78354100978801
9.783541009788015
9.78354100978796
9.783541009788014
9.783541009787983
9.783541009788019
9.783541009788017
9.783541009787996
9.78354100978801
9.783541009787994
9.783541009788014
9.783541009787998
9.783541009788031
9.783541009787998
9.783541009788
9.783541009788022
9.783541009787967
9.783541009787987
9.78354100978802
9.78354100978802
9.783541009788014
9.783541009787996
9.783541009787983
9.783541009788006
9.783541009788028
9.783541009788005
9.783541009788026
9.783541009788003
9.783541009787989
9.783541009788017
9.783541009788
9.783541009788014
9.783541009788003
9.783541009787982
9.78354100978802
9.783541009787985
9.783541009788003
9.783541009788008
9.783541009788026
9.783541009788005
9.783541009787998
9.783541009788038
9.783541009788006
9.783541009787978
9.783541009788012
9.783541009787996
9.783541009787994
9.783541009788
9.783541009788014
9.783541009787998
9.783541009787985
9.783541009787989
9.783541009787978
9.783541009788006
9.783541009788006
9.783541009787976
9.783541009787992
9.783541009787996
9.783541009788035
9.783541009788003
9.783541009787994
9.783541009787996
9.783541009787985
9.783541009788035
9.783541009788017
9.783541009787992
9.783541009787989
9.783541009787967
9.783541009788
9.783541009787982
9.783541009787987
9.783541009788017
9.783541009787985
9.783541009788024
9.783541009787992
9.783541009787978
9.783541009788017
9.783541009788014
9.78354100978798
9.783541009788
9.783541009788003
9.783541009788024
9.783541009788022
9.783541009788015
9.783541009788006
9.783541009787982
9.783541009787989
9.78354100978802
9.783541009788003
9.783541009788001
9.783541009787978
9.783541009788014
9.783541009788001
9.78354100978799
9.783541009787998
9.78354100978801
9.783541009788008
9.783541009787992
9.783541009787985
9.783541009788008
9.783541009788003
9.783541009787994
9.783541009787996
9.783541009787985
9.783541009787985
9.783541009788012
9.783541009788028
9.783541009788001
9.783541009787996
9.783541009787983
9.783541009787992
9.783541009788017
9.783541009788003
9.783541009788019
9.78354100978798
9.783541009788008
9.783541009787992
9.783541009787978
9.78354100978799
9.783541009788
9.783541009788003
9.783541009787983
9.78354100978802
9.783541009787996
9.783541009787987
9.783541009788003
9.783541009787994
9.783541009788001
9.783541009788006
9.783541009788003
9.783541009788003
9.78354100978799
9.783541009787978
9.783541009787994
9.783541009788026
9.783541009788028
9.783541009787987
9.783541009788006
9.783541009788006
9.783541009788014
9.783541009788014
9.783541009787982
9.783541009787971
9.783541009787998
9.78354100978798
9.783541009787982
9.783541009787992
9.783541009788005
9.783541009788
9.783541009788
9.783541009788001
9.783541009788006
9.783541009788014
9.783541009788026
9.783541009787985
9.783541009787987
9.783541009788006
9.783541009788003
9.78354100978796
9.783541009787992
9.783541009787982
9.783541009787996
9.783541009788035
9.783541009788006
9.783541009788024
9.783541009788003
9.783541009788006
9.78354100978802
9.783541009788006
9.783541009787989
9.783541009788014
9.783541009788
9.78354100978802
9.78354100978798
9.783541009788024
9.783541009788014
9.783541009788017
9.783541009787996
9.78354100978802
9.783541009788006
9.783541009787982
9.783541009788003
9.783541009787996
9.783541009787982
9.783541009787978
9.783541009787992
9.783541009787982
9.783541009788005
9.783541009788024
9.783541009787996
9.783541009787998
9.783541009788014
9.78354100978798
9.783541009788024
9.783541009788001
9.783541009787978
9.783541009788006
9.783541009787974
9.78354100978801
9.783541009787994
9.783541009788017
9.783541009788014
9.783541009788035
9.783541009787992
9.783541009788017
9.783541009788001
9.783541009787964
9.783541009787989
9.783541009787992
9.783541009787978
9.783541009788008
9.783541009787983
9.783541009788
9.783541009787978
9.783541009787978
9.783541009787982
9.783541009788008
9.783541009787974
9.783541009787992
9.783541009788012
9.783541009787994
9.783541009787992
9.783541009787983
9.783541009787992
9.783541009788017
9.783541009787982
9.783541009787992
9.78354100978801
9.78354100978797
9.783541009788014
9.783541009787994
9.783541009787989
9.783541009788005
9.783541009787994
9.783541009788005
9.783541009788005
9.783541009787992
9.783541009787989
9.783541009787996
9.783541009787976
9.783541009787992
9.783541009787994
9.783541009787992
9.783541009788008
9.783541009787982
9.783541009788
9.783541009787985
9.783541009788006
9.783541009788
9.783541009788001
9.783541009788001
9.783541009787953
9.783541009788001
9.783541009787957
9.783541009787983
9.783541009788005
9.783541009788005
9.783541009787996
9.783541009787974
9.783541009788017
9.783541009787982
9.783541009787985
9.783541009788
9.78354100978801
9.78354100978799
9.78354100978801
9.783541009788008
9.783541009788001
9.783541009788019
9.783541009788003
9.783541009787996
9.78354100978803
9.78354100978798
9.78354100978801
9.783541009787982
9.78354100978799
9.783541009787989
9.783541009787978
9.783541009788003
9.783541009788005
9.783541009787992
9.783541009787985
9.783541009788015
9.783541009787987
9.783541009787982
9.783541009787978
9.783541009787996
9.783541009787985
9.783541009788008
9.783541009787985
9.783541009788
9.783541009787994
9.783541009787989
9.783541009788026
9.783541009787992
9.783541009788
9.78354100978799
9.783541009788
9.78354100978801
9.783541009787978
9.78354100978801
9.783541009787992
9.783541009788
9.783541009787983
9.78354100978799
9.783541009788
9.783541009788001
9.78354100978801
9.783541009788006
9.783541009788003
9.783541009788019
9.783541009787985
9.783541009787996
9.783541009787992
9.783541009788003
9.783541009787994
9.78354100978802
9.783541009788003
9.783541009787998
9.783541009787987
9.783541009788008
9.783541009788014
9.783541009787983
9.78354100978799
9.78354100978801
9.783541009787982
9.78354100978798
9.783541009788006
9.783541009788017
9.783541009788003
9.783541009787989
9.783541009787992
9.783541009787996
9.783541009787985
9.783541009788003
9.783541009787996
9.783541009787974
9.783541009788006
9.783541009787985
9.783541009787985
9.783541009788006
9.783541009787992
9.783541009788
9.783541009787992
9.783541009787978
9.783541009788006
9.783541009788001
9.783541009787982
9.783541009788008
9.783541009788008
9.783541009787987
9.783541009788014
9.78354100978798
9.78354100978801
9.783541009788005
9.783541009788006
9.783541009788005
9.783541009788
9.783541009787966
9.783541009788003
9.783541009788015
9.783541009788028
9.78354100978797
9.783541009787978
9.783541009787989
9.783541009787989
9.783541009787985
9.78354100978798
9.783541009787996
9.783541009787953
9.783541009787989
9.783541009788014
9.783541009787976
9.783541009788005
9.783541009787992
9.783541009787994
9.783541009787978
9.783541009788003
9.783541009787996
9.783541009788012
9.783541009788003
9.78354100978801
9.783541009787974
9.783541009788003
9.783541009787971
9.78354100978796
9.783541009788005
9.783541009787992
9.783541009788019
9.783541009788
9.78354100978799
9.783541009787964
9.783541009787967
9.783541009788003
9.783541009788008
9.783541009787985
9.783541009787989
9.783541009787989
9.783541009787989
9.78354100978801
9.783541009788006
9.78354100978798
9.783541009787992
9.783541009788015
9.783541009787992
9.783541009787996
9.783541009787985
9.783541009788006
9.783541009787996
9.783541009787985
9.783541009788
9.78354100978802
9.783541009787998
9.78354100978799
9.783541009788003
9.783541009787971
9.783541009787982
9.783541009788001
9.783541009788005
9.783541009787951
9.783541009788006
9.783541009787992
9.783541009788006
9.783541009787982
9.78354100978801
9.783541009787971
9.783541009787974
9.783541009787996
9.783541009787992
9.783541009787967
9.783541009788006
9.783541009788
9.783541009788008
9.783541009787985
9.783541009787982
9.783541009788017
9.783541009787978
9.783541009787976
9.783541009787996
9.783541009787992
9.78354100978801
9.783541009788012
9.783541009787978
9.783541009787974
9.783541009787985
9.783541009788014
9.78354100978801
9.783541009787971
9.783541009788001
9.783541009787996
9.783541009787992
9.783541009787976
9.783541009788003
9.783541009787985
9.783541009787983
9.783541009787978
9.783541009787982
9.783541009787992
9.783541009787973
9.783541009787974
9.783541009787994
9.783541009787978
9.783541009787973
9.783541009787998
9.783541009788
9.783541009787996
9.78354100978799
9.78354100978801
9.783541009787974
9.783541009788006
9.783541009787996
9.783541009787983
9.783541009788006
9.783541009787978
9.783541009787976
9.78354100978799
9.783541009787994
9.783541009787982
9.783541009787992
9.783541009787957
9.783541009788
9.783541009787978
9.783541009787992
9.783541009787985
9.783541009787985
9.783541009787971
9.783541009787989
9.783541009787987
9.783541009787992
9.783541009787996
9.783541009788003
9.783541009787976
9.78354100978799
9.783541009787967
9.783541009787978
9.78354100978798
9.783541009787973
9.783541009787982
9.783541009787998
9.783541009787971
9.783541009788006
9.783541009787985
9.783541009787989
9.783541009787976
9.783541009787957
9.783541009788005
9.783541009788
9.783541009788
9.783541009787998
9.783541009787982
9.783541009788006
9.783541009787996
9.783541009788
9.783541009787976
9.783541009787974
9.783541009788006
9.78354100978796
9.783541009787978
9.783541009787992
9.783541009788001
9.783541009787996
9.783541009788015
9.783541009787978
9.783541009787946
9.783541009787953
9.783541009787985
9.783541009788003
9.783541009788003
9.783541009787992
9.783541009787982
9.783541009788028
9.783541009787978
9.783541009788003
9.783541009787985
9.783541009788012
9.783541009787996
9.783541009788015
9.783541009788001
9.783541009788001
9.783541009787982
9.783541009787989
9.783541009787996
9.783541009788003
9.783541009788001
9.783541009787994
9.78354100978801
9.78354100978801
9.783541009787964
9.783541009788005
9.78354100978797
9.783541009788003
9.783541009788003
9.783541009787989
9.783541009787987
9.783541009787974
9.783541009787987
9.783541009788001
9.783541009787974
9.783541009788024
9.783541009787987
9.783541009787976
9.783541009788003
9.783541009787964
9.78354100978798
9.783541009787978
9.783541009787982
9.78354100978798
9.783541009787982
9.783541009787974
9.783541009787996
9.783541009787982
9.783541009787967
9.78354100978799
9.783541009788006
9.783541009788014
9.783541009787982
9.783541009787982
9.783541009787989
9.783541009787978
9.783541009787978
9.783541009787964
9.783541009787992
9.783541009787974
9.783541009787987
9.783541009787983
9.783541009787974
9.783541009787974
9.783541009787987
9.783541009787992
9.783541009787996
9.783541009787971
9.783541009787994
9.783541009787966
9.783541009788008
9.783541009787994
9.783541009787998
9.783541009788001
9.783541009787973
9.783541009787989
9.783541009787982
9.783541009788008
9.783541009787982
9.783541009788001
9.78354100978799
9.78354100978801
9.783541009787973
9.78354100978799
9.783541009787992
9.783541009788008
9.783541009787967
9.783541009788
9.78354100978799
9.783541009788
9.78354100978799
9.78354100978799
9.783541009788003
9.783541009787985
9.783541009787957
9.783541009788003
9.783541009788012
9.783541009788
9.783541009788
9.783541009787978
9.783541009787983
9.783541009788017
9.783541009787987
9.783541009787983
9.783541009787994
9.783541009787996
9.783541009788014
9.783541009787971
9.783541009788008
9.783541009787983
9.783541009788003
9.783541009787967
9.78354100978799
9.783541009787985
9.783541009787978
9.783541009788005
9.783541009788005
9.783541009788005
9.783541009787992
9.783541009787985
9.783541009787966
9.783541009787978
9.783541009787978
9.783541009788
9.783541009787985
9.783541009788024
9.783541009787967
9.783541009787994
9.78354100978798
9.783541009788028
9.783541009787992
9.783541009787989
9.783541009788024
9.783541009787989
9.783541009787957
9.78354100978799
9.783541009787998
9.78354100978801
9.783541009788006
9.783541009788015
9.783541009787982
9.783541009788
9.783541009787971
9.783541009787996
9.783541009788006
9.783541009787987
9.783541009788003
9.783541009787992
9.78354100978799
9.783541009787982
9.783541009787994
9.783541009787971
9.783541009787998
9.783541009787989
9.78354100978797
9.783541009787996
9.783541009787978
9.783541009787985
9.783541009788008
9.783541009787994
9.783541009788006
9.783541009787978
9.783541009787989
9.783541009787964
9.783541009787964
9.783541009788006
9.78354100978802
9.783541009787957
9.783541009787989
9.783541009788003
9.783541009787971
9.783541009787989
9.78354100978796
9.783541009787992
9.783541009788003
9.783541009787996
9.783541009788006
9.78354100978798
9.783541009787992
9.783541009788003
9.78354100978795
9.783541009788001
9.783541009787982
9.78354100978795
9.783541009788005
9.783541009787974
9.783541009787985
9.78354100978802
9.783541009787985
9.783541009787974
9.78354100978799
9.783541009787992
9.783541009787996
9.783541009788
9.783541009788003
9.783541009788003
9.783541009787992
9.783541009788001
9.783541009787978
9.783541009788024
9.783541009788012
9.783541009788005
9.783541009788026
9.783541009787996
9.783541009787962
9.783541009787971
9.783541009787983
9.78354100978799
9.783541009787996
9.783541009787987
9.783541009787978
9.783541009787982
9.783541009788008
9.783541009787983
9.783541009787994
9.783541009787987
9.78354100978799
9.783541009788006
9.783541009787996
9.783541009788001
9.783541009787982
9.783541009787998
9.783541009788003
9.783541009788
9.783541009787989
9.783541009788019
9.783541009787994
9.783541009787976
9.783541009787992
9.783541009787998
9.783541009787989
9.783541009787985
9.783541009788006
9.783541009787982
9.783541009787983
9.783541009788005
9.783541009787971
9.783541009787989
9.783541009787996
9.783541009787989
9.783541009788014
9.783541009787964
9.783541009787994
9.78354100978801
9.783541009788006
9.783541009788017
9.783541009787978
9.783541009787989
9.783541009787989
9.783541009787978
9.78354100978801
9.783541009788006
9.783541009788001
9.783541009787985
9.783541009787985
9.783541009788
9.783541009787971
9.783541009787996
9.783541009787974
9.783541009787982
9.783541009787989
9.783541009787978
9.783541009788015
9.783541009787996
9.78354100978799
9.783541009787996
9.783541009788012
9.783541009787978
9.78354100978802
9.783541009787971
9.783541009787994
9.783541009788001
9.783541009787996
9.783541009788022
9.783541009787982
9.783541009788
9.783541009787998
9.783541009787978
9.783541009787987
9.783541009787989
9.783541009788003
9.78354100978801
9.783541009788
9.783541009787989
9.783541009787998
9.783541009788
9.783541009787992
9.783541009787996
9.783541009788003
9.78354100978802
9.783541009788006
9.783541009787989
9.783541009787992
9.783541009787989
9.783541009788
9.783541009787983
9.783541009787985
9.783541009787989
9.783541009787985
9.783541009788005
9.783541009788008
9.783541009787982
9.783541009788019
9.783541009787976
9.783541009787966
9.783541009788012
9.783541009788006
9.783541009788026
9.783541009788001
9.78354100978799
9.783541009787989
9.78354100978801
9.78354100978796
9.783541009788
9.783541009788006
9.783541009787971
9.783541009788003
9.783541009788003
9.783541009788006
9.783541009788
9.783541009788003
9.783541009787978
9.783541009788
9.78354100978801
9.783541009788017
9.783541009788017
9.783541009788
9.783541009788012
9.783541009787982
9.783541009787996
9.783541009788
9.783541009788006
9.783541009788006
9.783541009787989
9.783541009788006
9.783541009787996
9.783541009788006
9.783541009788
9.783541009788
9.783541009787989
9.783541009787992
9.783541009787998
9.783541009788022
9.783541009787998
9.783541009788006
9.783541009787987
9.783541009787989
9.783541009788014
9.783541009788008
9.78354100978801
9.783541009788003
9.783541009787989
9.783541009788003
9.783541009788031
9.783541009788014
9.783541009788024
9.783541009787989
9.78354100978802
9.783541009788005
9.78354100978799
9.783541009788012
9.78354100978801
9.783541009788017
9.783541009787982
9.783541009788012
9.783541009787996
9.783541009787982
9.78354100978796
9.78354100978802
9.78354100978798
9.783541009787994
9.783541009788035
9.783541009788014
9.78354100978801
9.783541009787989
9.783541009788005
9.783541009788005
9.783541009787978
9.783541009787992
9.783541009788015
9.783541009787985
9.783541009788019
9.783541009787973
9.783541009787989
9.783541009787985
9.783541009788022
9.783541009787996
9.783541009787989
9.783541009788006
9.783541009787987
9.78354100978801
9.783541009788001
9.783541009788001
9.783541009787987
9.783541009787998
9.783541009787989
9.78354100978801
9.783541009788001
9.783541009788008
9.783541009787994
9.783541009788031
9.783541009787996
9.783541009788012
9.78354100978802
9.783541009788005
9.78354100978802
9.783541009788008
9.783541009788028
9.78354100978798
9.78354100978799
9.783541009788015
9.783541009788
9.783541009787982
9.783541009787974
9.783541009788003
9.783541009788006
9.783541009787982
9.78354100978803
9.783541009788
9.78354100978801
9.783541009788005
9.783541009788031
9.783541009787996
9.783541009788024
9.783541009788012
9.783541009788017
9.783541009788006
9.783541009788019
9.783541009788005
9.783541009787985
9.783541009788006
9.783541009788031
9.783541009787982
9.783541009787983
9.783541009788012
9.783541009787989
9.783541009788012
9.783541009787978
9.783541009787983
9.783541009787992
9.783541009787992
9.783541009788019
9.783541009788035
9.783541009788028
9.783541009787996
9.783541009787992
9.783541009788019
9.783541009788019
9.783541009787971
9.783541009787983
9.783541009787978
9.783541009788006
9.783541009788005
9.783541009787978
9.783541009787996
9.783541009788006
9.783541009787989
9.78354100978801
9.783541009788003
9.783541009788022
9.783541009787974
9.783541009787985
9.783541009787974
9.783541009788
9.783541009788006
9.783541009787992
9.78354100978798
9.783541009788024
9.783541009787992
9.783541009787985
9.783541009787996
9.783541009788015
9.783541009787989
9.783541009787985
9.783541009787989
9.783541009787967
9.783541009787973
9.783541009788006
9.78354100978801
9.78354100978801
9.78354100978801
9.783541009787989
9.783541009788001
9.78354100978798
9.783541009787996
9.783541009787976
9.783541009787976
9.783541009788
9.783541009787982
9.783541009787994
9.78354100978802
9.783541009787976
9.783541009788008
9.78354100978802
9.783541009788003
9.783541009787994
9.78354100978801
9.783541009787985
9.783541009787992
9.783541009787985
9.783541009787974
9.783541009788031
9.783541009788005
9.78354100978799
9.783541009788017
9.783541009787973
9.783541009787989
9.783541009788001
9.783541009788003
9.783541009787971
9.783541009788006
9.783541009787982
9.783541009788019
9.783541009788006
9.783541009787987
9.783541009787996
9.78354100978798
9.78354100978796
9.783541009787996
9.783541009787974
9.783541009787992
9.78354100978801
9.783541009787989
9.783541009788001
9.783541009787985
9.783541009787992
9.783541009787971
9.783541009787985
9.783541009788
9.783541009787996
9.783541009788003
9.783541009788022
9.783541009788024
9.783541009788012
9.783541009788028
9.783541009788015
9.783541009787998
9.783541009788
9.783541009788014
9.783541009787989
9.783541009787974
9.783541009787964
9.783541009787989
9.78354100978798
9.783541009788003
9.783541009787992
9.783541009788038
9.783541009787989
9.783541009787985
9.783541009788006
9.783541009787992
9.783541009787987
9.783541009788006
9.783541009787996
9.783541009788026
9.783541009787992
9.783541009787973
9.783541009787974
9.783541009787985
9.783541009787985
9.783541009788006
9.783541009787992
9.78354100978795
9.783541009788005
9.783541009788003
9.783541009787985
9.78354100978802
9.783541009787996
9.783541009787985
9.783541009788014
9.783541009788001
9.783541009788024
9.783541009788003
9.783541009788008
9.783541009787974
9.783541009788008
9.783541009787989
9.783541009787992
9.783541009788031
9.783541009788003
9.783541009787994
9.783541009787992
9.783541009787974
9.783541009787992
9.783541009788
9.783541009788014
9.783541009788026
9.783541009787985
9.783541009787998
9.783541009788012
9.783541009787994
9.783541009787974
9.783541009788
9.78354100978799
9.783541009787989
9.783541009788012
9.783541009788006
9.78354100978801
9.783541009787996
9.783541009788
9.783541009788003
9.783541009787996
9.783541009788
9.783541009787957
9.783541009787978
9.78354100978799
9.783541009788
9.783541009787996
9.783541009787985
9.783541009787971
9.783541009787985
9.783541009788014
9.783541009787978
9.783541009788012
9.783541009788006
9.783541009788006
9.783541009787962
9.783541009787996
9.783541009787992
9.783541009788014
9.783541009788024
9.783541009788031
9.783541009787994
9.783541009788017
9.783541009788006
9.783541009788012
9.783541009788
9.783541009788003
9.783541009788003
9.78354100978801
9.783541009788003
9.783541009787982
9.783541009787953
9.78354100978801
9.783541009788
9.783541009787992
9.783541009788
9.783541009788
9.783541009787982
9.78354100978801
9.783541009787994
9.783541009788015
9.783541009787989
9.783541009787974
9.783541009788014
9.783541009788006
9.783541009787985
9.783541009788017
9.783541009788
9.78354100978802
9.78354100978801
9.783541009788
9.78354100978798
9.783541009787985
9.78354100978796
9.78354100978802
9.783541009788014
9.783541009788014
9.783541009788
9.78354100978801
9.783541009788008
9.783541009787982
9.783541009787964
9.783541009788003
9.783541009787985
9.783541009787992
9.783541009788006
9.783541009787971
9.78354100978799
9.783541009788024
9.783541009787976
9.783541009787992
9.783541009787994
9.783541009788003
9.783541009787985
9.783541009788003
9.78354100978803
9.783541009788014
9.783541009788012
9.783541009787996
9.783541009787982
9.783541009787978
9.783541009788
9.783541009787983
9.783541009788003
9.783541009787978
9.783541009788
9.783541009787998
9.783541009788003
9.783541009787989
9.783541009788005
9.783541009787998
9.783541009788005
9.783541009788005
9.783541009787992
9.78354100978799
9.783541009787953
9.783541009788014
9.783541009787998
9.78354100978802
9.783541009787978
9.783541009787996
9.78354100978796
9.783541009787996
9.783541009787953
9.783541009787992
9.783541009787994
9.783541009787982
9.783541009787987
9.783541009787996
9.783541009788005
9.783541009787994
9.783541009788003
9.783541009787974
9.783541009788
9.783541009787989
9.783541009787983
9.783541009787985
9.783541009787971
9.783541009787964
9.78354100978796
9.78354100978799
9.783541009788014
9.783541009787989
9.783541009787987
9.783541009787992
9.783541009787987
9.783541009787996
9.783541009788014
9.783541009788005
9.783541009787994
9.783541009788017
9.783541009788
9.783541009788005
9.783541009787992
9.783541009788
9.783541009788006
9.78354100978801
9.783541009788008
9.783541009787994
9.783541009787985
9.783541009787992
9.783541009787989
9.783541009787985
9.783541009788006
9.783541009787978
9.78354100978796
9.783541009787974
9.783541009787982
9.783541009788024
9.783541009787989
9.78354100978798
9.783541009788006
9.78354100978801
9.783541009787989
9.783541009787992
9.783541009787967
9.783541009787985
9.783541009787974
9.783541009787976
9.783541009787982
9.783541009787985
9.78354100978801
9.783541009788014
9.783541009787996
9.783541009787992
9.78354100978801
9.783541009787985
9.783541009787992
9.783541009787964
9.78354100978801
9.783541009788003
9.783541009787974
9.783541009787978
9.783541009787982
