0.265742
0.878540
0.401233
0.081708
0.473822
0.665971
0.660407
0.972841
0.915278
0.235282
0.403502
0.419533
0.282853
0.075327
0.041663
0.986100
0.028265
0.209584
0.373863
0.173046
0.772930
0.953403
0.786064
0.930684
0.269194
0.837462
0.512879
0.249999
0.029771
0.193415
0.083902
0.408063
0.808285
0.359839
0.025033
0.661166
0.145108
0.162386
0.179982
0.756665
0.169157
0.345626
0.886990
0.336758
0.586372
0.397018
0.204899
0.273305
0.198550
0.635873
0.580561
0.705787
0.769502
0.659847
0.868684
0.004849
0.445394
0.674365
0.003386
0.949083
0.711554
0.073462
0.531457
0.408096
0.701226
0.266819
0.090009
0.452110
0.706077
0.296269
0.231076
0.714935
0.880240
0.564999
0.773942
0.677180
0.756724
0.413370
0.726889
0.834207
0.046496
0.285441
0.462827
0.975874
0.628847
0.784922
0.379783
0.936843
0.107949
0.829401
0.507536
0.738927
0.265986
0.632206
0.624153
0.970725
0.950146
0.474217
0.613524
0.592701
