0.100000
0.360000
0.921600
0.289014
0.821940
0.585419
0.970814
0.113336
0.401964
0.961556
0.147865
0.504004
0.999936
0.000257
0.001026
0.004099
0.016329
0.064250
0.240488
0.730614
0.787269
0.669906
0.884528
0.408552
0.966549
0.129328
0.450409
0.990163
0.038961
0.149773
0.509365
0.999649
0.001403
0.005603
0.022285
0.087152
0.318226
0.867833
0.458796
0.993209
0.026980
0.105006
0.375920
0.938417
0.231162
0.710904
0.822078
0.585064
0.971056
0.112423
0.399137
0.959307
0.156150
0.527068
0.997069
0.011688
0.046205
0.176282
0.580827
0.973868
0.101796
0.365734
0.927890
0.267641
0.784036
0.677293
0.874268
0.439693
0.985452
0.057345
0.216225
0.677888
0.873424
0.442218
0.986645
0.052706
0.199711
0.639307
0.922375
0.286399
0.817498
0.596779
0.962535
0.144245
0.493753
0.999844
0.000625
0.002497
0.009962
0.039450
0.151575
0.514401
0.999170
0.003315
0.013217
0.052170
0.197795
0.634688
0.927437
0.269192
0.786911
0.670729
0.883406
0.411998
0.969023
0.120071
0.422617
0.976047
0.093516
0.339081
0.896421
0.371402
0.933850
0.247096
0.744159
0.761546
0.726376
0.795016
0.651862
0.907752
0.334953
0.891039
0.388355
0.950142
0.189489
0.614333
0.947712
0.198216
0.635705
0.926336
0.272949
0.793792
0.654744
0.904217
0.346435
0.905671
0.341723
0.899793
0.360662
0.922340
0.286517
0.817700
0.596267
0.962931
0.142781
0.489577
0.999565
0.001738
0.006938
0.027560
0.107202
0.382838
0.945093
0.207570
0.657939
0.900221
0.359294
0.920807
0.291686
0.826422
0.573795
0.978217
0.085233
0.311874
0.858434
0.486101
0.999227
0.003089
0.012317
0.048660
0.185168
0.603524
0.957131
0.164126
0.548753
0.990492
0.037669
0.144999
0.495898
0.999933
0.000269
0.001076
0.004301
0.017129
0.067342
0.251228
0.752449
0.745077
0.759748
0.730123
0.788174
0.667824
0.887341
0.399868
0.959894
0.153989
0.521105
0.998218
0.007114
0.028255
0.109826
0.391058
0.952527
0.180878
0.592646
0.965667
0.132616
0.460117
0.993637
0.025289
0.098597
0.355503
0.916482
0.306171
0.849721
0.510780
0.999535
0.001858
0.007419
0.029458
0.114360
0.405127
0.963996
0.138829
0.478223
0.998103
0.007574
0.030066
0.116647
0.412160
0.969137
0.119643
0.421313
0.975233
0.096613
0.349117
0.908937
0.331081
0.885866
0.404431
0.963466
0.140795
0.483888
0.998962
0.004149
0.016528
0.065019
0.243165
0.736143
0.776945
0.693205
0.850688
0.508073
0.999739
0.001043
0.004166
0.016594
0.065276
0.244060
0.737978
0.773466
0.700865
0.838613
0.541366
0.993155
0.027191
0.105807
0.378448
0.940901
0.222427
0.691812
0.852833
0.502036
0.999983
0.000066
0.000265
0.001060
0.004236
0.016872
0.066350
0.247790
0.745560
0.758800
0.732089
0.784538
0.676152
0.875882
0.434852
0.983023
0.066756
0.249197
0.748392
0.753206
0.743548
0.762738
0.723874
0.799521
0.641148
0.920309
0.293362
0.829202
0.566504
0.982309
0.069512
0.258720
0.767136
0.714553
0.815868
0.600910
0.959269
0.156289
0.527451
0.996986
0.012021
0.047505
0.180993
0.592937
0.965451
0.133423
0.462486
0.994371
0.022390
0.087555
0.319555
0.869759
0.453113
0.991207
0.034865
0.134596
0.465920
0.995354
0.018496
0.072617
0.269377
0.787252
0.669946
0.884473
0.408721
0.966673
0.128867
0.449040
0.989613
0.041118
0.157710
0.531351
0.996068
0.015665
0.061677
0.231493
0.711616
0.820874
0.588160
0.968912
0.120488
0.423882
0.976824
0.090556
0.329422
0.883612
0.411367
0.968577
0.121743
0.427688
0.979084
0.081915
0.300820
0.841309
0.534034
0.995367
0.018447
0.072427
0.268726
0.786050
0.672701
0.880697
0.420280
0.974579
0.099101
0.357119
0.918340
0.299966
0.839945
0.537750
0.994300
0.022671
0.088629
0.323095
0.874819
0.438044
0.984646
0.060473
0.227264
0.702460
0.836040
0.548309
0.990665
0.036992
0.142494
0.488757
0.999494
0.002021
0.008069
0.032014
0.123957
0.434366
0.982769
0.067737
0.252595
0.755163
0.739568
0.770429
0.707472
0.827821
0.570133
0.980326
0.077149
0.284789
0.814737
0.603762
0.956934
0.164845
0.550684
0.989725
0.040679
0.156097
0.526924
0.997100
0.011565
0.045724
0.174533
0.576285
0.976723
0.090942
0.330687
0.885332
0.406076
0.964713
0.136168
0.470506
0.996520
0.013870
0.054711
0.206872
0.656304
0.902277
0.352694
0.913203
0.317052
0.866120
0.463824
0.994765
0.020830
0.081585
0.299716
0.839546
0.538834
0.993968
0.023984
0.093635
0.339471
0.896922
0.369812
0.932205
0.252797
0.755562
0.738753
0.771988
0.704089
0.833390
0.555404
0.987721
0.048511
0.184631
0.602171
0.958245
0.160047
0.537728
0.994306
0.022645
0.088527
0.322760
0.874344
0.439466
0.985342
0.057771
0.217735
0.681306
0.868512
0.456795
0.992533
0.029643
0.115059
0.407281
0.965613
0.132818
0.460710
0.993825
0.024547
0.095778
0.346417
0.905649
0.341796
0.899886
0.360363
0.922006
0.287642
0.819617
0.591380
0.966599
0.129143
0.449860
0.989944
0.039820
0.152937
0.518188
0.998677
0.005286
0.021033
0.082361
0.302312
0.843678
0.527542
0.996966
0.012100
0.047815
0.182114
0.595794
0.963294
0.141435
0.485726
0.999185
0.003257
0.012987
0.051271
0.194571
0.626852
0.935634
0.240892
0.731452
0.785719
0.673458
0.879650
0.423464
0.976569
0.091528
0.332604
0.887914
0.398091
0.958458
0.159266
0.535600
0.994930
0.020175
0.079073
0.291283
0.825750
0.575549
0.977170
0.089237
0.325095
0.877633
0.429573
0.980160
0.077786
0.286940
0.818421
0.594432
0.964331
0.137589
0.474632
0.997426
0.010271
0.040660
0.156028
0.526733
0.997141
0.011402
0.045087
0.172218
0.570237
0.980267
0.077373
0.285547
0.816039
0.600477
0.959618
0.155006
0.523916
0.997712
0.009131
0.036189
0.139516
0.480205
0.998433
0.006259
0.024881
0.097047
0.350516
0.910618
0.325571
0.878298
0.427563
0.979011
0.082192
0.301746
0.842781
0.530004
0.996399
0.014352
0.056583
0.213525
0.671729
0.882036
0.416193
0.971905
0.109221
0.389167
0.950864
0.186887
0.607840
0.953482
0.177417
0.583761
0.971936
0.109104
0.388802
0.950540
0.188056
0.610764
0.950925
0.186665
0.607285
0.953959
0.175684
0.579276
0.974861
0.098028
0.353673
0.914353
0.313246
0.860491
0.480185
0.998429
0.006272
0.024932
0.097243
0.351148
0.911373
0.323090
0.874811
0.438068
0.984658
0.060428
0.227106
0.702116
0.836597
0.546810
0.991235
0.034752
0.134178
0.464696
0.995015
0.019842
0.077793
0.286965
0.818464
0.594324
0.964412
0.137286
0.473755
0.997245
0.010990
0.043478
0.166351
0.554713
0.988026
0.047322
0.180332
0.591249
0.966694
0.128786
0.448802
0.989515
0.041500
0.159112
0.535181
0.995049
0.019705
0.077268
0.285190
0.815427
0.602024
0.958364
0.159610
0.536537
0.994660
0.021246
0.083177
0.305034
0.847954
0.515713
0.999012
0.003947
0.015724
0.061909
0.232305
0.713357
0.817916
0.595718
0.963352
0.141219
0.485106
0.999113
0.003546
0.014134
0.055739
0.210527
0.664823
0.891334
0.387431
0.949313
0.192472
0.621707
0.940750
0.222958
0.692991
0.851018
0.507145
0.999796
0.000817
0.003264
0.013013
0.051375
0.194944
0.627763
0.934706
0.244122
0.738105
0.773223
0.701396
0.837758
0.543678
0.992369
0.030291
0.117494
0.414757
0.970935
0.112883
0.400560
0.960447
0.151954
0.515457
0.999044
0.003819
0.015218
0.059947
0.225412
0.698406
0.842540
0.530665
0.996239
0.014989
0.059058
0.222279
0.691484
0.853336
0.500616
0.999999
0.000006
0.000024
0.000095
0.000381
0.001525
0.006091
0.024216
0.094518
0.342339
0.900572
0.358168
0.919535
0.295961
0.833473
0.555184
0.987819
0.048131
0.183256
0.598694
0.961038
0.149776
0.509373
0.999649
0.001405
0.005613
0.022326
0.087310
0.318748
0.868590
0.456564
0.992453
0.029959
0.116244
0.410926
0.968264
0.122917
0.431233
0.981084
0.074232
0.274885
0.797293
0.646467
0.914190
0.313787
0.861299
0.477851
0.998038
0.007834
0.031090
0.120493
0.423897
0.976833
0.090519
0.329303
0.883449
0.411866
0.968930
0.120420
0.423677
0.976699
0.091031
0.330977
0.885725
0.404865
0.963797
0.139569
0.480359
0.998457
0.006163
0.024501
0.095601
0.345847
0.904947
0.344072
0.902746
0.351184
0.911415
0.322952
0.874616
0.438651
0.984945
0.059312
0.223177
0.693476
0.850267
0.509251
0.999658
0.001369
0.005468
0.021751
0.085111
0.311467
0.857822
0.487855
0.999410
0.002358
0.009412
0.037292
0.143606
0.491934
0.999740
0.001041
0.004159
0.016568
0.065174
0.243704
0.737250
0.774850
0.697830
0.843453
0.528160
0.996828
0.012648
0.049952
0.189826
0.615169
0.946944
0.200964
0.642309
0.918992
0.297782
0.836432
0.547253
0.991068
0.035407
0.136613
0.471800
0.996819
0.012683
0.050088
0.190318
0.616389
0.945814
0.204999
0.651898
0.907708
0.335098
0.891229
0.387760
0.949609
0.191407
0.619081
0.943279
0.214016
0.672852
0.880489
0.420913
0.974981
0.097573
0.352210
0.912633
0.318937
0.868865
0.455755
0.992170
0.031077
0.120443
0.423746
0.976741
0.090871
0.330454
0.885017
0.407048
0.965440
0.133463
0.462604
0.994406
0.022250
0.087021
0.317795
0.867205
0.460643
0.993804
0.024630
0.096093
0.347436
0.906897
0.337740
0.894687
0.376887
0.939373
0.227805
0.703639
0.834124
0.553445
0.988575
0.045180
0.172554
0.571115
0.979770
0.079281
0.291983
0.826915
0.572506
0.978971
0.082346
0.302260
0.843595
0.527770
0.996915
0.012300
0.048596
0.184938
0.602945
0.957610
0.162374
0.544034
0.992244
0.030783
0.119341
0.420396
0.974653
0.098820
0.356218
0.917307
0.303419
0.845424
0.522730
0.997933
0.008249
0.032725
0.126617
0.442341
0.986702
0.052485
0.198922
0.637409
0.924475
0.279282
0.805135
0.627571
0.934903
0.243438
0.736703
0.775887
0.695546
0.847047
0.518234
0.998670
0.005313
0.021137
0.082762
0.303649
0.845785
0.521732
0.998111
0.007542
0.029941
0.116179
0.410724
0.968120
0.123457
0.432860
0.981969
0.070824
0.263231
0.775762
0.695822
0.846616
0.519431
0.998490
0.006032
0.023981
0.093625
0.339436
0.896877
0.369956
0.932354
0.252280
0.754540
0.740838
0.767989
0.712727
0.818988
0.592986
0.965415
0.133556
0.462876
0.994487
0.021929
0.085792
0.313726
0.861208
0.478114
0.998084
0.007650
0.030364
0.117768
0.415595
0.971503
0.110738
0.393902
0.954973
0.171999
0.569662
0.980589
0.076137
0.281362
0.808790
0.618596
0.943740
0.212378
0.669095
0.885628
0.405165
0.964025
0.138723
0.477917
0.998049
0.007788
0.030908
0.119812
0.421829
0.975557
0.095382
0.345137
0.904069
0.346912
0.906257
0.339822
0.897372
0.368382
0.930707
0.257965
0.765677
0.717663
0.810491
0.614381
0.947668
0.198373
0.636084
0.925925
0.274353
0.796334
0.648745
0.911500
0.322671
0.874218
0.439845
0.985525
0.057060
0.215217
0.675594
0.876667
0.432487
0.981768
0.071599
0.265891
0.780772
0.684668
0.863591
0.471205
0.996684
0.013222
0.052188
0.197858
0.634841
0.927271
0.269756
0.787951
0.668336
0.886652
0.402001
0.961585
0.147759
0.503704
0.999945
0.000220
0.000878
0.003509
0.013988
0.055169
0.208501
0.660114
0.897454
0.368121
0.930431
0.258916
0.767513
0.713747
0.817249
0.597411
0.962044
0.146061
0.498909
0.999995
0.000019
0.000075
0.000301
0.001205
0.004814
0.019163
0.075185
0.278128
0.803092
0.632541
0.929732
0.261323
0.772132
0.703776
0.833901
0.554039
0.988319
0.046178
0.176183
0.580569
0.974034
0.101165
0.363724
0.925715
0.275066
0.797618
0.645694
0.915093
0.310791
0.856800
0.490776
0.999660
0.001360
0.005434
0.021619
0.084607
0.309795
0.855288
0.495082
0.999903
0.000387
0.001548
0.006182
0.024577
0.095892
0.346787
0.906103
0.340320
0.898010
0.366353
0.928554
0.265366
0.779787
0.686877
0.860308
0.480713
0.998512
0.005943
0.023630
0.092286
0.335077
0.891202
0.387844
0.949684
0.191138
0.618417
0.943910
0.211777
0.667709
0.887494
0.399392
0.959512
0.155393
0.524984
0.997503
0.009963
0.039454
0.151588
0.514436
0.999166
0.003332
0.013283
0.052425
0.198705
0.636885
0.925050
0.277331
0.801673
0.635973
0.926045
0.273941
0.795590
0.650506
0.909392
0.329594
0.883847
0.410646
0.968064
0.123665
0.433488
0.982305
0.069529
0.258780
0.767252
0.714305
0.816294
0.599833
0.960133
0.153110
0.518669
0.998606
0.005569
0.022151
0.086642
0.316542
0.865373
0.466010
0.995379
0.018399
0.072243
0.268097
0.784885
0.675362
0.876992
0.431508
0.981235
0.073650
0.272902
0.793706
0.654947
0.903965
0.347248
0.906667
0.338487
0.895654
0.373831
0.936325
0.238482
0.726432
0.794914
0.652104
0.907458
0.335913
0.892302
0.384396
0.946543
0.202398
0.645731
0.915049
0.310936
0.857019
0.490149
0.999612
0.001552
0.006198
0.024639
0.096129
0.347554
0.907041
0.337270
0.894076
0.378816
0.941258
0.221166
0.689007
0.857106
0.489901
0.999592
0.001631
0.006514
0.025885
0.100859
0.362747
0.924646
0.278702
0.804109
0.630071
0.932326
0.252378
0.754733
0.740445
0.768745
0.711104
0.821740
0.585933
0.970462
0.114663
0.406061
0.964702
0.136208
0.470623
0.996548
0.013761
0.054287
0.205359
0.652746
0.906674
0.338464
0.895625
0.373924
0.936420
0.238152
0.725742
0.796162
0.649153
0.911013
0.324272
0.876479
0.433053
0.982073
0.070424
0.261859
0.773155
0.701545
0.837519
0.544325
0.992141
0.031188
0.120861
0.425015
0.977509
0.087941
0.320829
0.871591
0.447682
0.989051
0.043316
0.165758
0.553130
0.988709
0.044655
0.170642
0.566094
0.982526
0.068674
0.255830
0.761525
0.726419
0.794938
0.652046
0.907528
0.335683
0.892000
0.385345
0.947417
0.199272
0.638251
0.923546
0.282434
0.810660
0.613962
0.948051
0.197002
0.632768
0.929490
0.262152
0.773713
0.700324
0.839481
0.539010
0.993913
0.024200
0.094459
0.342144
0.900326
0.358955
0.920425
0.292971
0.828556
0.568204
0.981393
0.073043
0.270830
0.789924
0.663775
0.892711
0.383114
0.945350
0.206652
0.655787
0.902921
0.350618
0.910741
0.325169
0.877736
0.429261
0.979984
0.078461
0.289219
0.822285
0.584529
0.971419
0.111055
0.394888
0.955806
0.168964
0.561662
0.984791
0.059909
0.225281
0.698118
0.842997
0.529413
0.996540
0.013794
0.054415
0.205815
0.653821
0.905356
0.342746
0.901085
0.356524
0.917658
0.302246
0.843574
0.527829
0.996902
0.012353
0.048800
0.185676
0.604801
0.956067
0.168013
0.559139
0.986011
0.055175
0.208523
0.660164
0.897390
0.368325
0.930647
0.258172
0.766076
0.716813
0.811968
0.610705
0.950978
0.186475
0.606809
0.954367
0.174201
0.575420
0.977247
0.088939
0.324117
0.876260
0.433713
0.982424
0.069068
0.257189
0.764171
0.720854
0.804893
0.628160
0.934300
0.245534
0.740988
0.767699
0.713348
0.817930
0.595681
0.963380
0.141114
0.484804
0.999076
0.003691
0.014711
0.057978
0.218467
0.682956
0.866109
0.463857
0.994775
0.020792
0.081439
0.299226
0.838759
0.540969
0.993286
0.026676
0.103856
0.372280
0.934751
0.243967
0.737789
0.773826
0.700077
0.839876
0.537937
0.994243
0.022895
0.089483
0.325902
0.878760
0.426164
0.978193
0.085326
0.312183
0.858899
0.484766
0.999072
0.003710
0.014786
0.058268
0.219491
0.685259
0.862717
0.473745
0.997243
0.010998
0.043510
0.166466
0.555020
0.987891
0.047849
0.182238
0.596108
0.963053
0.142329
0.488286
0.999451
0.002195
0.008759
0.034730
0.134096
0.464456
0.994947
0.020111
0.078828
0.290456
0.824366
0.579147
0.974943
0.097717
0.352673
0.913179
0.317132
0.866237
0.463483
0.994666
0.021223
0.083089
0.304742
0.847497
0.516983
0.998846
0.004609
0.018352
0.072061
0.267473
0.783726
0.677999
0.873265
0.442693
0.986864
0.051855
0.196664
0.631948
0.930359
0.259165
0.767994
0.712716
0.819007
0.592938
0.965450
0.133426
0.462493
0.994373
0.022382
0.087523
0.319451
0.869609
0.453557
0.991372
0.034213
0.132169
0.458803
0.993211
0.026971
0.104974
0.375819
0.938317
0.231514
0.711662
0.820797
0.588358
0.968771
0.121014
0.425478
0.977786
0.086884
0.317339
0.866540
0.462594
0.994403
0.022261
0.087064
0.317934
0.867409
0.460044
0.993614
0.025381
0.098946
0.356621
0.917770
0.301872
0.842981
0.529457
0.996529
0.013836
0.054577
0.206393
0.655179
0.903677
0.348178
0.907801
0.334794
0.890828
0.389015
0.950729
0.187373
0.609057
0.952426
0.181243
0.593576
0.964974
0.135198
0.467677
0.995821
0.016647
0.065478
0.244763
0.739416
0.770721
0.706841
0.828867
0.567387
0.981836
0.071337
0.264991
0.779083
0.688451
0.857945
0.487501
0.999375
0.002498
0.009967
0.039471
0.151652
0.514616
0.999146
0.003415
0.013614
0.053713
0.203311
0.647903
0.912499
0.319378
0.869503
0.453869
0.991488
0.033759
0.130477
0.453812
0.991467
0.033843
0.130789
0.454734
0.991804
0.032516
0.125834
0.439999
0.985600
0.056772
0.214196
0.673265
0.879916
0.422654
0.976070
0.093428
0.338796
0.896054
0.372566
0.935042
0.242953
0.735708
0.777768
0.691380
0.853494
0.500167
1.000000
0.000000
0.000002
0.000008
0.000031
0.000122
0.000488
0.001952
0.007792
0.030926
0.119878
0.422028
0.975682
0.094908
0.343603
0.902160
0.353071
0.913647
0.315585
0.863964
0.470120
0.996429
0.014234
0.056125
0.211900
0.667993
0.887114
0.400572
0.960457
0.151919
0.515358
0.999057
0.003770
0.015025
0.059195
0.222765
0.692564
0.851676
0.505295
0.999888
0.000449
0.001794
0.007162
0.028444
0.110541
0.393286
0.954448
0.173907
0.574652
0.977708
0.087180
0.318318
0.867967
0.458401
0.993078
0.027495
0.106957
0.382068
0.944368
0.210147
0.663941
0.892494
0.383794
0.945985
0.204391
0.650461
0.909446
0.329417
0.883605
0.411388
0.968592
0.121688
0.427520
0.978987
0.082287
0.302064
0.843285
0.528623
0.996723
0.013065
0.051577
0.195669
0.629530
0.932888
0.250433
0.750866
0.748266
0.753457
0.743038
0.763730
0.721787
0.803242
0.632176
0.930118
0.259995
0.769590
0.709285
0.824799
0.578022
0.975650
0.095026
0.343986
0.902638
0.351530
0.911826
0.321596
0.872688
0.444416
0.987641
0.048823
0.185758
0.605008
0.955893
0.168646
0.560818
0.985205
0.058306
0.219624
0.685558
0.862273
0.475032
0.997507
0.009949
0.039400
0.151389
0.513882
0.999229
0.003081
0.012286
0.048542
0.184742
0.602449
0.958017
0.160882
0.539996
0.993601
0.025432
0.099140
0.357243
0.918482
0.299490
0.839183
0.539819
0.993658
0.025207
0.098288
0.354509
0.915329
0.310006
0.855610
0.494167
0.999864
0.000544
0.002176
0.008684
0.034435
0.132996
0.461232
0.993988
0.023903
0.093327
0.338467
0.895629
0.373911
0.936406
0.238199
0.725840
0.795985
0.649571
0.910514
0.325913
0.878775
0.426119
0.978166
0.085427
0.312518
0.859402
0.483321
0.998887
0.004446
0.017705
0.069567
0.258910
0.767503
0.713769
0.817212
0.597507
0.961969
0.146337
0.499690
1.000000
0.000002
0.000007
0.000027
0.000107
0.000427
0.001708
0.006820
0.027095
0.105445
0.377306
0.939784
0.226358
0.700481
0.839229
0.539695
0.993697
0.025052
0.097697
0.352611
0.913106
0.317375
0.866593
0.462439
0.994357
0.022446
0.087767
0.320257
0.870769
0.450121
0.990048
0.039410
0.151429
0.513993
0.999217
0.003131
0.012483
0.049310
0.187512
0.609406
0.952121
0.182346
0.596383
0.962841
0.143112
0.490523
0.999641
0.001437
0.005738
0.022822
0.089205
0.324989
0.877484
0.430023
0.980413
0.076813
0.283651
0.812772
0.608695
0.952741
0.180101
0.590659
0.967123
0.127183
0.444029
0.987469
0.049496
0.188183
0.611081
0.950644
0.187680
0.609824
0.951755
0.183671
0.599743
0.960205
0.152845
0.517935
0.998713
0.005140
0.020454
0.080142
0.294877
0.831698
0.559905
0.985645
0.056594
0.213566
0.671822
0.881909
0.416581
0.972165
0.108240
0.386095
0.948103
0.196816
0.632318
0.929967
0.260513
0.770583
0.707139
0.828373
0.568684
0.981130
0.074056
0.274287
0.796214
0.649030
0.911161
0.323788
0.875797
0.435107
0.983155
0.066244
0.247421
0.744816
0.760260
0.729059
0.790129
0.663301
0.893331
0.381164
0.943512
0.213189
0.670957
0.883095
0.412953
0.969691
0.117562
0.414963
0.971075
0.112353
0.398920
0.959131
0.156794
0.528839
0.996673
0.013263
0.052349
0.198433
0.636229
0.925766
0.274892
0.797306
0.646437
0.914224
0.313673
0.861129
0.478344
0.998124
0.007489
0.029733
0.115397
0.408323
0.966381
0.129955
0.452266
0.990886
0.036124
0.139276
0.479512
0.998321
0.006705
0.026639
0.103718
0.371842
0.934302
0.245526
0.740972
0.767730
0.713282
0.818043
0.595393
0.963600
0.140299
0.482460
0.998769
0.004917
0.019570
0.076746
0.283426
0.812383
0.609668
0.951891
0.183177
0.598493
0.961197
0.149190
0.507730
0.999761
0.000956
0.003820
0.015220
0.059955
0.225440
0.698467
0.842443
0.530932
0.996173
0.015250
0.060070
0.225846
0.699358
0.841025
0.534807
0.995154
0.019290
0.075673
0.279787
0.806026
0.625393
0.937106
0.235753
0.720694
0.805177
0.627468
0.935007
0.243075
0.735958
0.777296
0.692427
0.851887
0.504703
0.999912
0.000354
0.001415
0.005651
0.022474
0.087877
0.320618
0.871288
0.448580
0.989424
0.041857
0.160419
0.538740
0.993997
0.023869
0.093196
0.338041
0.895077
0.375655
0.938153
0.232086
0.712889
0.818713
0.593687
0.964891
0.135506
0.468577
0.996050
0.015736
0.061954
0.232463
0.713697
0.817335
0.597194
0.962213
0.145436
0.497137
0.999967
0.000131
0.000524
0.002097
0.008369
0.033196
0.128375
0.447580
0.989008
0.043483
0.166369
0.554762
0.988005
0.047406
0.180634
0.592020
0.966129
0.130895
0.455047
0.991917
0.032072
0.124172
0.435013
0.983107
0.066432
0.248074
0.746134
0.757672
0.734420
0.780190
0.685974
0.861654
0.476825
0.997852
0.008575
0.034004
0.131392
0.456514
0.992436
0.030028
0.116506
0.411729
0.968833
0.120784
0.424781
0.977369
0.088477
0.322594
0.874109
0.440170
0.985682
0.056453
0.213064
0.670670
0.883486
0.411753
0.968850
0.120720
0.424587
0.977252
0.088923
0.324063
0.876184
0.433941
0.982545
0.068601
0.255580
0.761036
0.727440
0.793083
0.656409
0.902145
0.353117
0.913701
0.315406
0.863700
0.470890
0.996610
0.013512
0.053318
0.201902
0.644551
0.916420
0.306379
0.850043
0.509880
0.999610
0.001561
0.006234
0.024782
0.096672
0.349305
0.909164
0.330340
0.884861
0.407527
0.965795
0.132141
0.458718
0.993183
0.027081
0.105390
0.377132
0.939614
0.226960
0.701796
0.837114
0.545417
0.991749
0.032731
0.126638
0.442403
0.986730
0.052374
0.198524
0.636449
0.925526
0.275709
0.798775
0.642935
0.918278
0.300173
0.840277
0.536846
0.994570
0.021604
0.084548
0.309598
0.854988
0.495935
0.999934
0.000264
0.001057
0.004225
0.016827
0.066176
0.247187
0.744342
0.761189
0.727122
0.793663
0.655049
0.903839
0.347656
0.907165
0.336866
0.893550
0.380475
0.942855
0.215518
0.676281
0.875700
0.435398
0.983306
0.065660
0.245396
0.740708
0.768239
0.712191
0.819899
0.590657
0.967125
0.127177
0.444013
0.987462
0.049525
0.188288
0.611342
0.950412
0.188517
0.611914
0.949901
0.190355
0.616479
0.945730
0.205297
0.652602
0.906851
0.337889
0.894880
0.376278
0.938771
0.229919
0.708224
0.826570
0.573407
0.978445
0.084360
0.308973
0.854035
0.498636
0.999993
0.000030
0.000118
0.000473
0.001891
0.007549
0.029969
0.116284
0.411049
0.968351
0.122589
0.430243
0.980536
0.076340
0.282050
0.809990
0.615624
0.946525
0.202463
0.645888
0.914867
0.311541
0.857932
0.487538
0.999379
0.002483
0.009909
0.039244
0.150817
0.512286
0.999396
0.002413
0.009631
0.038152
0.146784
0.500954
0.999996
0.000015
0.000058
0.000233
0.000930
0.003719
0.014819
0.058397
0.219947
0.686280
0.861198
0.478143
0.998089
0.007629
0.030282
0.117459
0.414649
0.970861
0.113160
0.401419
0.961128
0.149446
0.508447
0.999715
0.001141
0.004560
0.018156
0.071304
0.264878
0.778871
0.688925
0.857230
0.489548
0.999563
0.001747
0.006977
0.027714
0.107782
0.384660
0.946787
0.201525
0.643650
0.917458
0.302914
0.844629
0.524923
0.997515
0.009914
0.039262
0.150882
0.512466
0.999378
0.002485
0.009916
0.039270
0.150913
0.512553
0.999370
0.002520
0.010053
0.039809
0.152897
0.518079
0.998693
0.005223
0.020782
0.081402
0.299103
0.838561
0.541506
0.993109
0.027375
0.106501
0.380634
0.943007
0.214980
0.675055
0.877423
0.430208
0.980516
0.076417
0.282310
0.810444
0.614499
0.947560
0.198759
0.637017
0.924906
0.277821
0.802545
0.633866
0.928320
0.266169
0.781291
0.683501
0.865310
0.466194
0.995429
0.018202
0.071484
0.265497
0.780034
0.686325
0.861132
0.478334
0.998122
0.007496
0.029761
0.115499
0.408637
0.966611
0.129096
0.449722
0.989888
0.040037
0.153736
0.520406
0.998334
0.006652
0.026429
0.102922
0.369317
0.931688
0.254582
0.759080
0.731509
0.785614
0.673699
0.879315
0.424482
0.977188
0.089167
0.324865
0.877311
0.430547
0.980705
0.075691
0.279848
0.806133
0.625131
0.937369
0.234834
0.718748
0.808597
0.619072
0.943288
0.213984
0.672779
0.880589
0.420607
0.974787
0.098309
0.354577
0.915408
0.309744
0.855211
0.495301
0.999912
0.000354
0.001414
0.005647
0.022459
0.087819
0.320429
0.871016
0.449387
0.989753
0.040567
0.155684
0.525785
0.997341
0.010610
0.041989
0.160902
0.540050
0.993584
0.025500
0.099399
0.358074
0.919428
0.296320
0.834058
0.553621
0.988499
0.045475
0.173628
0.573925
0.978140
0.085528
0.312851
0.859901
0.481886
0.998688
0.005243
0.020861
0.081705
0.300117
0.840187
0.537091
0.994497
0.021890
0.085644
0.313236
0.860477
0.480225
0.998436
0.006247
0.024830
0.096854
0.349895
0.909874
0.328015
0.881684
0.417269
0.972622
0.106513
0.380673
0.943044
0.214846
0.674750
0.877850
0.428916
0.979789
0.079212
0.291749
0.826526
0.573522
0.978378
0.084617
0.309829
0.855340
0.494935
0.999897
0.000411
0.001642
0.006559
0.026062
0.101532
0.364892
0.926984
0.270740
0.789759
0.664159
0.892208
0.384692
0.946817
0.201420
0.643399
0.917747
0.301950
0.843105
0.529115
0.996609
0.013517
0.053338
0.201972
0.644716
0.916229
0.307014
0.851026
0.507124
0.999797
0.000812
0.003245
0.012938
0.051081
0.193886
0.625177
0.937323
0.234993
0.719086
0.808005
0.620531
0.941889
0.218936
0.684013
0.864557
0.468394
0.996004
0.015919
0.062663
0.234946
0.718986
0.808180
0.620100
0.942304
0.217470
0.680707
0.869381
0.454232
0.991621
0.033235
0.128521
0.448014
0.989190
0.042773
0.163774
0.547809
0.990857
0.036237
0.139696
0.480724
0.998514
0.005936
0.023604
0.092186
0.334750
0.890770
0.389195
0.950889
0.186797
0.607616
0.953675
0.176715
0.581946
0.973139
0.104557
0.374498
0.936997
0.236134
0.721499
0.803753
0.630936
0.931424
0.255495
0.760869
0.727789
0.792448
0.657897
0.900274
0.359122
0.920613
0.292338
0.827507
0.570957
0.979860
0.078937
0.290823
0.824980
0.577551
0.975943
0.093913
0.340372
0.898076
0.366141
0.928328
0.266142
0.781242
0.683612
0.865146
0.466673
0.995557
0.017692
0.069516
0.258735
0.767164
0.714493
0.815971
0.600649
0.959479
0.155516
0.525323
0.997435
0.010234
0.040517
0.155502
0.525285
0.997443
0.010203
0.040395
0.155054
0.524050
0.997686
0.009233
0.036592
0.141013
0.484512
0.999040
0.003835
0.015280
0.060185
0.226250
0.700244
0.839609
0.538662
0.994021
0.023774
0.092834
0.336864
0.893546
0.380485
0.942865
0.215483
0.676199
0.875815
0.435052
0.983127
0.066354
0.247805
0.745591
0.758741
0.732213
0.784308
0.676676
0.875143
0.437071
0.984160
0.062358
0.233876
0.716712
0.812143
0.610268
0.951364
0.185081
0.603305
0.957313
0.163460
0.546964
0.991177
0.034979
0.135021
0.467163
0.995687
0.017178
0.067533
0.251888
0.753762
0.742419
0.764932
0.719245
0.807727
0.621217
0.941225
0.221280
0.689261
0.856721
0.491002
0.999676
0.001295
0.005174
0.020588
0.080658
0.296610
0.834530
0.552359
0.989034
0.043383
0.166004
0.553786
0.988428
0.045751
0.174631
0.576541
0.976566
0.091539
0.332640
0.887962
0.397942
0.958337
0.159709
0.536808
0.994581
0.021560
0.084380
0.309039
0.854136
0.498350
0.999989
0.000044
0.000175
0.000698
0.002790
0.011128
0.044016
0.168316
0.559943
0.985627
0.056665
0.213815
0.672394
0.881122
0.418985
0.973746
0.102258
0.367206
0.929463
0.262246
0.773893
0.699931
0.840111
0.537298
0.994435
0.022134
0.086578
0.316329
0.865060
0.466926
0.995624
0.017426
0.068488
0.255191
0.760273
0.729031
0.790179
0.663185
0.893482
0.380687
0.943057
0.214801
0.674646
0.877995
0.428478
0.979539
0.080171
0.294974
0.831857
0.559483
0.985847
0.055811
0.210784
0.665416
0.890550
0.389882
0.951496
0.184606
0.602106
0.958297
0.159854
0.537204
0.994464
0.022023
0.086152
0.314921
0.862983
0.472973
0.997078
0.011653
0.046068
0.175784
0.579537
0.974695
0.098657
0.355696
0.916705
0.305427
0.848566
0.514007
0.999215
0.003137
0.012508
0.049405
0.187858
0.610270
0.951362
0.185090
0.603327
0.957294
0.163528
0.547145
0.991109
0.035246
0.136016
0.470063
0.996415
0.014288
0.056336
0.212647
0.669714
0.884788
0.407751
0.965961
0.131522
0.456897
0.992568
0.029505
0.114538
0.405677
0.964413
0.137283
0.473747
0.997243
0.010997
0.043505
0.166449
0.554975
0.987911
0.047771
0.181957
0.595396
0.963599
0.140306
0.482480
0.998772
0.004905
0.019525
0.076576
0.282850
0.811383
0.612163
0.949678
0.191160
0.618472
0.943858
0.211960
0.668132
0.886926
0.401153
0.960917
0.150223
0.510623
0.999549
0.001805
0.007206
0.028616
0.111188
0.395301
0.956152
0.167701
0.558309
0.986400
0.053659
0.203117
0.647442
0.913043
0.317581
0.866893
0.461558
0.994089
0.023505
0.091811
0.333526
0.889145
0.394263
0.955279
0.170884
0.566730
0.982188
0.069978
0.260325
0.770224
0.707915
0.827085
0.572062
0.979228
0.081362
0.298967
0.838344
0.542094
0.992912
0.028150
0.109430
0.389820
0.951441
0.184803
0.602602
0.957891
0.161343
0.541247
0.993195
0.027035
0.105218
0.376590
0.939079
0.228837
0.705883
0.830449
0.563213
0.984016
0.062913
0.235819
0.720833
0.804931
0.628067
0.934395
0.245203
0.740314
0.768996
0.710565
0.822650
0.583589
0.972052
0.108669
0.387441
0.949322
0.192439
0.621625
0.940830
0.222677
0.692369
0.851977
0.504448
0.999921
0.000317
0.001266
0.005058
0.020128
0.078890
0.290666
0.824718
0.578233
0.975518
0.095530
0.345616
0.904662
0.344995
0.903894
0.347480
0.906950
0.337565
0.894460
0.377606
0.940079
0.225323
0.698210
0.842852
0.529811
0.996445
0.014169
0.055872
0.211001
0.665918
0.889884
0.391961
0.953310
0.178039
0.585363
0.970852
0.113192
0.401519
0.961206
0.149155
0.507631
0.999767
0.000932
0.003723
0.014835
0.058460
0.220169
0.686779
0.860454
0.480291
0.998446
0.006206
0.024670
0.096244
0.347925
0.907492
0.335800
0.892154
0.384861
0.946972
0.200863
0.642069
0.919266
0.296865
0.834944
0.551250
0.989494
0.041584
0.159418
0.536016
0.994811
0.020647
0.080884
0.297368
0.835761
0.549059
0.990373
0.038138
0.146735
0.500814
0.999997
0.000010
0.000042
0.000168
0.000671
0.002683
0.010704
0.042357
0.162251
0.543703
0.992360
0.030325
0.117622
0.415148
0.971201
0.111879
0.397449
0.957933
0.161189
0.540830
0.993332
0.026495
0.103172
0.370110
0.932514
0.251725
0.753438
0.743076
0.763656
0.721943
0.802966
0.632847
0.929407
0.262439
0.774259
0.699128
0.841392
0.533806
0.995429
0.018202
0.071482
0.265491
0.780022
0.686351
0.861093
0.478447
0.998142
0.007419
0.029454
0.114348
0.405089
0.963967
0.138937
0.478534
0.998157
0.007360
0.029221
0.113470
0.402378
0.961880
0.146668
0.500627
0.999998
0.000006
0.000025
0.000099
0.000397
0.001586
0.006334
0.025176
0.098170
0.354132
0.914890
0.311464
0.857817
0.487867
0.999411
0.002354
0.009393
0.037218
0.143331
0.491148
0.999687
0.001253
0.005006
0.019922
0.078101
0.288006
0.820234
0.589800
0.967744
0.124862
0.437085
0.984167
0.062330
0.233778
0.716504
0.812504
0.609366
0.952157
0.182218
0.596058
0.963091
0.142185
0.487875
0.999412
0.002351
0.009381
0.037173
0.143165
0.490676
0.999652
0.001390
0.005553
0.022089
0.086405
0.315756
0.864216
0.469386
0.996251
0.014940
0.058867
0.221605
0.689985
0.855623
0.494130
0.999862
0.000551
0.002204
0.008798
0.034882
0.134661
0.466109
0.995405
0.018294
0.071836
0.266701
0.782287
0.681256
0.868585
0.456581
0.992459
0.029936
0.116160
0.410666
0.968078
0.123613
0.433330
0.982220
0.069854
0.259897
0.769403
0.709688
0.824123
0.579777
0.974543
0.099237
0.357556
0.918839
0.298296
0.837262
0.545017
0.991894
0.032162
0.124511
0.436031
0.983632
0.064400
0.241012
0.731701
0.785258
0.674512
0.878183
0.427912
0.979213
0.081418
0.299158
0.838650
0.541265
0.993189
0.027059
0.105307
0.376871
0.939357
0.227863
0.703767
0.833916
0.554000
0.988336
0.046111
0.175940
0.579940
0.974438
0.099634
0.358828
0.920282
0.293454
0.829354
0.566103
0.982521
0.068692
0.255894
0.761649
0.726159
0.795408
0.650936
0.908874
0.331289
0.886146
0.403564
0.962801
0.143263
0.490954
0.999673
0.001309
0.005229
0.020807
0.081495
0.299414
0.839062
0.540149
0.993552
0.025625
0.099873
0.359593
0.921144
0.290551
0.824525
0.578734
0.975204
0.096726
0.349479
0.909374
0.329653
0.883927
0.410399
0.967887
0.124328
0.435483
0.983350
0.065490
0.244806
0.739504
0.770551
0.707208
0.828259
0.568983
0.980965
0.074690
0.276445
0.800093
0.639776
0.921850
0.288169
0.820510
0.589093
0.968250
0.122968
0.431388
0.981170
0.073903
0.273764
0.795269
0.651264
0.908477
0.332586
0.887890
0.398164
0.958518
0.159045
0.534999
0.995100
0.019503
0.076489
0.282555
0.810871
0.613438
0.948527
0.195293
0.628614
0.933834
0.247152
0.744272
0.761324
0.726839
0.794176
0.653841
0.905332
0.342825
0.901184
0.356205
0.917292
0.303470
0.845504
0.522509
0.997973
0.008090
0.032097
0.124269
0.435304
0.983258
0.065848
0.246048
0.742033
0.765679
0.717658
0.810500
0.614359
0.947688
0.198302
0.635914
0.926109
0.273723
0.795195
0.651441
0.908263
0.333286
0.888825
0.395260
0.956118
0.167826
0.558643
0.986244
0.054267
0.205288
0.652578
0.906880
0.337796
0.894760
0.376659
0.939148
0.228595
0.705358
0.831312
0.560930
0.985150
0.058517
0.220371
0.687231
0.859778
0.482239
0.998738
0.005041
0.020061
0.078635
0.289806
0.823275
0.581974
0.973121
0.104626
0.374717
0.937217
0.235365
0.719874
0.806622
0.623931
0.938564
0.230646
0.709793
0.823948
0.580231
0.974252
0.100341
0.361090
0.922816
0.284905
0.814937
0.603260
0.957350
0.163325
0.546600
0.991314
0.034443
0.133028
0.461327
0.994018
0.023787
0.092883
0.337025
0.893756
0.379825
0.942232
0.217724
0.681281
0.868549
0.456687
0.992496
0.029790
0.115612
0.408983
0.966864
0.128153
0.446918
0.988729
0.044575
0.170354
0.565333
0.982926
0.067129
0.250491
0.750980
0.748036
0.753913
0.742112
0.765527
0.717983
0.809934
0.615763
0.946396
0.202922
0.646979
0.913589
0.315777
0.864247
0.469297
0.996229
0.015026
0.059201
0.222784
0.692605
0.851613
0.505473
0.999880
0.000479
0.001916
0.007648
0.030359
0.117750
0.415539
0.971465
0.110882
0.394349
0.955352
0.170620
0.566034
0.982558
0.068552
0.255410
0.760704
0.728134
0.791819
0.659366
0.898410
0.365078
0.927184
0.270055
0.788502
0.667067
0.888355
0.396722
0.957335
0.163381
0.546749
0.991258
0.034662
0.133844
0.463719
0.994735
0.020951
0.082046
0.301259
0.842008
0.532121
0.995873
0.016440
0.064680
0.241985
0.733713
0.781513
0.683002
0.866041
0.464056
0.994832
0.020565
0.080567
0.296302
0.834029
0.553698
0.988466
0.045604
0.174097
0.575149
0.977410
0.088317
0.322070
0.873363
0.442400
0.986729
0.052379
0.198542
0.636491
0.925480
0.275866
0.799055
0.642264
0.919044
0.297609
0.836152
0.548007
0.990781
0.036534
0.140798
0.483897
0.998963
0.004144
0.016509
0.064946
0.242911
0.735621
0.777931
0.691017
0.854050
0.498595
0.999992
0.000031
0.000126
0.000503
0.002013
0.008035
0.031882
0.123462
0.432876
0.981978
0.070790
0.263115
0.775542
0.696306
0.845855
0.521536
0.998145
0.007407
0.029409
0.114175
0.404556
0.963562
0.140442
0.482872
0.998826
0.004689
0.018667
0.073274
0.271619
0.791369
0.660417
0.897066
0.369354
0.931727
0.254448
0.758816
0.732057
0.784598
0.676015
0.876075
0.434270
0.982718
0.067932
0.253270
0.756497
0.736838
0.775631
0.696110
0.846164
0.520681
0.998289
0.006832
0.027141
0.105616
0.377846
0.940314
0.224494
0.696386
0.845730
0.521883
0.998085
0.007647
0.030355
0.117733
0.415488
0.971431
0.111012
0.394754
0.955693
0.169376
0.562752
0.984249
0.062012
0.232666
0.714129
0.816595
0.599071
0.960740
0.150876
0.512450
0.999380
0.002478
0.009889
0.039166
0.150530
0.511482
0.999473
0.002108
0.008415
0.033376
0.129050
0.449584
0.989833
0.040254
0.154536
0.522617
0.997954
0.008168
0.032405
0.125419
0.438756
0.984997
0.059112
0.222471
0.691911
0.852681
0.502464
0.999976
0.000097
0.000388
0.001552
0.006198
0.024636
0.096118
0.347518
0.906997
0.337415
0.894265
0.378222
0.940680
0.223203
0.693534
0.850178
0.509501
0.999639
0.001444
0.005767
0.022935
0.089635
0.326402
0.879455
0.424057
0.976931
0.090149
0.328089
0.881786
0.416959
0.972416
0.107291
0.383118
0.945354
0.206638
0.655756
0.902960
0.350492
0.910590
0.325664
0.878428
0.427170
0.978783
0.083067
0.304666
0.847379
0.517312
0.998801
0.004789
0.019066
0.074808
0.276848
0.800813
0.638047
0.923772
0.281670
0.809328
0.617265
0.944995
0.207916
0.658749
0.899196
0.362572
0.924454
0.279356
0.805265
0.627254
0.935226
0.242313
0.734390
0.780245
0.685851
0.861838
0.476292
0.997752
0.008973
0.035570
0.137218
0.473556
0.997203
0.011157
0.044129
0.168727
0.561032
0.985100
0.058711
0.221055
0.688759
0.857481
0.488830
0.999501
0.001995
0.007964
0.031603
0.122418
0.429728
0.980247
0.077451
0.285808
0.816487
0.599345
0.960522
0.151677
0.514683
0.999138
0.003447
0.013739
0.054202
0.205057
0.652034
0.907542
0.335638
0.891940
0.385533
0.947589
0.198657
0.636769
0.925177
0.276899
0.800903
0.637829
0.924013
0.280852
0.807896
0.620800
0.941629
0.219854
0.686074
0.861506
0.477254
0.997930
0.008261
0.032771
0.126788
0.442852
0.986936
0.051572
0.195648
0.629479
0.932941
0.250249
0.750498
0.749004
0.751988
0.746008
0.757921
0.733907
0.781151
0.683817
0.864846
0.467551
0.995788
0.016776
0.065979
0.246503
0.742957
0.763888
0.721453
0.803834
0.630740
0.931629
0.254787
0.759482
0.730676
0.787154
0.670171
0.884168
0.409661
0.967356
0.126315
0.441438
0.986282
0.054120
0.204762
0.651339
0.908386
0.332884
0.888288
0.396929
0.957505
0.162756
0.545067
0.991876
0.032232
0.124773
0.436819
0.984033
0.062849
0.235595
0.720360
0.805766
0.626029
0.936466
0.237988
0.725400
0.796780
0.647686
0.912755
0.318532
0.868278
0.457485
0.992770
0.028711
0.111548
0.396420
0.957085
0.164294
0.549207
0.990315
0.038366
0.147578
0.503194
0.999959
0.000163
0.000652
0.002607
0.010401
0.041171
0.157903
0.531879
0.995935
0.016195
0.063729
0.238671
0.726828
0.794197
0.653793
0.905390
0.342635
0.900945
0.356973
0.918173
0.300524
0.840837
0.535321
0.995010
0.019862
0.077868
0.287219
0.818896
0.593220
0.965240
0.134208
0.464784
0.995039
0.019744
0.077416
0.285690
0.816284
0.599856
0.960115
0.153178
0.518857
0.998578
0.005682
0.022597
0.088345
0.322162
0.873495
0.442006
0.986547
0.053088
0.201080
0.642587
0.918676
0.298842
0.838142
0.542640
0.992727
0.028879
0.112179
0.398381
0.958694
0.158399
0.533234
0.995582
0.017594
0.069138
0.257431
0.764641
0.719861
0.806645
0.623875
0.938620
0.230451
0.709374
0.824651
0.578408
0.975409
0.095945
0.346958
0.906313
0.339639
0.897138
0.369127
0.931489
0.255269
0.760427
0.728711
0.790765
0.661824
0.895253
0.375102
0.937602
0.234019
0.717017
0.811615
0.611584
0.950196
0.189293
0.613845
0.948157
0.196621
0.631846
0.930467
0.258793
0.767277
0.714252
0.816384
0.599606
0.960315
0.152441
0.516811
0.998870
0.004517
0.017985
0.070647
0.262626
0.774614
0.698349
0.842630
0.530419
0.996299
0.014750
0.058129
0.219000
0.684156
0.864346
0.469008
0.996158
0.015309
0.060298
0.226650
0.701118
0.838206
0.542468
0.992786
0.028649
0.111311
0.395685
0.956473
0.166529
0.555188
0.987817
0.048138
0.183284
0.598764
0.960982
0.149981
0.509946
0.999604
0.001582
0.006319
0.025116
0.097941
0.353393
0.914026
0.314330
0.862107
0.475513
0.997602
0.009570
0.037916
0.145912
0.498486
0.999991
0.000037
0.000147
0.000587
0.002348
0.009370
0.037129
0.143001
0.490208
0.999617
0.001533
0.006124
0.024347
0.095016
0.343951
0.902595
0.351669
0.911992
0.321052
0.871910
0.446731
0.988650
0.044886
0.171484
0.568309
0.981335
0.073265
0.271590
0.791316
0.660540
0.896908
0.369858
0.932252
0.252634
0.755240
0.739410
0.770731
0.706818
0.828905
0.567287
0.981890
0.071129
0.264279
0.777743
0.691435
0.853410
0.500406
0.999999
0.000003
0.000010
0.000042
0.000168
0.000671
0.002683
0.010704
0.042357
0.162251
0.543702
0.992360
0.030325
0.117620
0.415143
0.971197
0.111893
0.397491
0.957968
0.161062
0.540483
0.993444
0.026051
0.101488
0.364752
0.926832
0.271259
0.790709
0.661952
0.895086
0.375629
0.938127
0.232179
0.713087
0.818376
0.594546
0.964244
0.137910
0.475565
0.997612
0.009531
0.037759
0.145334
0.496847
0.999960
0.000159
0.000636
0.002542
0.010143
0.040162
0.154194
0.521674
0.998121
0.007502
0.029782
0.115580
0.408886
0.966793
0.128418
0.447707
0.989062
0.043275
0.165607
0.552727
0.988880
0.043987
0.168208
0.559657
0.985764
0.056132
0.211924
0.668050
0.887037
0.400808
0.960644
0.151229
0.513435
0.999278
0.002886
0.011511
0.045515
0.173772
0.574301
0.977917
0.086380
0.315674
0.864095
0.469738
0.996337
0.014599
0.057543
0.216926
0.679477
0.871152
0.448986
0.989590
0.041206
0.158031
0.532229
0.995845
0.016550
0.065104
0.243462
0.736753
0.775791
0.695756
0.846718
0.519147
0.998534
0.005857
0.023292
0.090996
0.330864
0.885573
0.405335
0.964154
0.138243
0.476527
0.997796
0.008796
0.034874
0.134631
0.466022
0.995382
0.018387
0.072194
0.267929
0.784573
0.676074
0.875992
0.434519
0.982849
0.067428
0.251524
0.753040
0.743884
0.762083
0.725250
0.797050
0.647045
0.913511
0.316034
0.864625
0.468193
0.995953
0.016121
0.063444
0.237677
0.724746
0.797957
0.644886
0.916032
0.307670
0.852037
0.504280
0.999927
0.000293
0.001172
0.004681
0.018637
0.073157
0.271220
0.790639
0.662116
0.894874
0.376297
0.938791
0.229851
0.708078
0.826814
0.572770
0.978818
0.082933
0.304221
0.846682
0.519247
0.998518
0.005918
0.023532
0.091914
0.333862
0.889593
0.392870
0.954093
0.175199
0.578017
0.975654
0.095014
0.343946
0.902589
0.351689
0.912016
0.320972
0.871795
0.447073
0.988795
0.044318
0.169414
0.562852
0.984198
0.062208
0.233353
0.715598
0.814070
0.605439
0.955531
0.169968
0.564315
0.983454
0.065088
0.243405
0.736636
0.776015
0.695264
0.847488
0.517008
0.998843
0.004623
0.018407
0.072272
0.268194
0.785065
0.674952
0.877567
0.429773
0.980273
0.077352
0.285476
0.815918
0.600782
0.959372
0.155910
0.526409
0.997210
0.011128
0.044017
0.168318
0.559947
0.985625
0.056672
0.213840
0.672450
0.881044
0.419222
0.973900
0.101677
0.365354
0.927482
0.269037
0.786624
0.671387
0.882506
0.414757
0.970935
0.112882
0.400559
0.960446
0.151958
0.515468
0.999043
0.003825
0.015240
0.060031
0.225709
0.699057
0.841505
0.533498
0.995512
0.017873
0.070214
0.261137
0.771779
0.704545
0.832645
0.557390
0.986826
0.052003
0.197195
0.633235
0.928993
0.263859
0.776949
0.693197
0.850700
0.508039
0.999741
0.001034
0.004131
0.016455
0.064736
0.242180
0.734116
0.780758
0.684699
0.863545
0.471340
0.996714
0.013099
0.051709
0.196142
0.630682
0.931689
0.254577
0.759071
0.731529
0.785577
0.673783
0.879197
0.424837
0.977402
0.088348
0.322171
0.873507
0.441970
0.986530
0.053154
0.201314
0.643146
0.918037
0.300981
0.841566
0.533332
0.995556
0.017697
0.069536
0.258804
0.767298
0.714208
0.816460
0.599413
0.960468
0.151877
0.515241
0.999071
0.003713
0.014798
0.058316
0.219659
0.685636
0.862156
0.475371
0.997574
0.009682
0.038352
0.147525
0.503045
0.999963
0.000148
0.000593
0.002371
0.009461
0.037486
0.144324
0.493980
0.999855
0.000580
0.002319
0.009253
0.036669
0.141298
0.485333
0.999139
0.003439
0.013709
0.054084
0.204637
0.651043
0.908744
0.331714
0.886719
0.401794
0.961423
0.148356
0.505387
0.999884
0.000464
0.001857
0.007413
0.029432
0.114263
0.404827
0.963768
0.139676
0.480667
0.998505
0.005972
0.023744
0.092719
0.336489
0.893057
0.382024
0.944327
0.210296
0.664286
0.892041
0.385216
0.947299
0.199695
0.639267
0.922419
0.286250
0.817244
0.597425
0.962033
0.146101
0.499021
0.999996
0.000015
0.000060
0.000240
0.000961
0.003840
0.015302
0.060272
0.226558
0.700917
0.838530
0.541591
0.993081
0.027485
0.106918
0.381945
0.944252
0.210559
0.664896
0.891237
0.387735
0.949587
0.191488
0.619281
0.943089
0.214690
0.674393
0.878349
0.427409
0.978922
0.082533
0.302887
0.844586
0.525043
0.997491
0.010009
0.039637
0.152263
0.516316
0.998935
0.004255
0.016946
0.066635
0.248779
0.747552
0.754873
0.740159
0.769294
0.709922
0.823731
0.580794
0.973889
0.101716
0.365479
0.927616
0.268578
0.785775
0.673330
0.879827
0.422925
0.976238
0.092791
0.336723
0.893362
0.381065
0.943418
0.213521
0.671719
0.882050
0.416151
0.971877
0.109328
0.389502
0.951161
0.185815
0.605151
0.955773
0.169083
0.561977
0.984635
0.060514
0.227408
0.702775
0.835529
0.549682
0.990127
0.039103
0.150296
0.510830
0.999531
0.001875
0.007488
0.029727
0.115373
0.408249
0.966327
0.130155
0.452860
0.991111
0.035239
0.135989
0.469984
0.996396
0.014363
0.056627
0.213682
0.672088
0.881543
0.417700
0.972907
0.105437
0.377279
0.939758
0.226452
0.700686
0.838900
0.540588
0.993411
0.026184
0.101994
0.366366
0.928568
0.265318
0.779698
0.687076
0.860010
0.481571
0.998641
0.005427
0.021589
0.084491
0.309409
0.854700
0.496751
0.999958
0.000169
0.000676
0.002702
0.010780
0.042654
0.163338
0.546635
0.991301
0.034495
0.133219
0.461888
0.994190
0.023106
0.090288
0.328543
0.882410
0.415051
0.971134
0.112130
0.398226
0.958568
0.158860
0.534494
0.995241
0.018946
0.074350
0.275287
0.798017
0.644743
0.916198
0.307118
0.851187
0.506671
0.999822
0.000712
0.002846
0.011352
0.044892
0.171508
0.568372
0.981301
0.073398
0.272043
0.792143
0.658611
0.899370
0.362014
0.923839
0.281441
0.808929
0.618252
0.944066
0.211223
0.666431
0.889203
0.394083
0.955126
0.171441
0.568196
0.981397
0.073026
0.270774
0.789821
0.664015
0.892396
0.384102
0.946271
0.203370
0.648043
0.912333
0.319926
0.870294
0.451530
0.990603
0.037237
0.143400
0.491346
0.999700
0.001198
0.004786
0.019052
0.074757
0.276675
0.800504
0.638790
0.922949
0.284457
0.814164
0.605204
0.955729
0.169246
0.562406
0.984422
0.061342
0.230315
0.709081
0.825141
0.577135
0.976201
0.092930
0.337177
0.893954
0.379200
0.941629
0.219854
0.686073
0.861507
0.477250
0.997930
0.008264
0.032783
0.126834
0.442988
0.986998
0.051330
0.194781
0.627366
0.935112
0.242712
0.735211
0.778704
0.689297
0.856666
0.491157
0.999687
0.001251
0.004997
0.019888
0.077971
0.287567
0.819489
0.591708
0.966359
0.130038
0.452514
0.990980
0.035754
0.137903
0.475542
0.997607
0.009548
0.037829
0.145592
0.497579
0.999977
0.000094
0.000375
0.001498
0.005985
0.023796
0.092918
0.337138
0.893904
0.379359
0.941783
0.219311
0.684854
0.863315
0.472008
0.996866
0.012498
0.049367
0.187720
0.609924
0.951667
0.183987
0.600544
0.959564
0.155204
0.524464
0.997606
0.009552
0.037845
0.145650
0.497745
0.999980
0.000081
0.000324
0.001296
0.005179
0.020609
0.080737
0.296874
0.834959
0.551211
0.989510
0.041520
0.159185
0.535382
0.994992
0.019930
0.078130
0.288103
0.820399
0.589378
0.968046
0.123731
0.433687
0.982410
0.069122
0.257375
0.764533
0.720089
0.806243
0.624860
0.937639
0.233887
0.716735
0.812104
0.610365
0.951279
0.185391
0.604084
0.956666
0.165824
0.553305
0.988635
0.044945
0.171701
0.568878
0.981023
0.074466
0.275683
0.798728
0.643045
0.918152
0.300595
0.840951
0.535009
0.995097
0.019514
0.076534
0.282706
0.811133
0.612786
0.949117
0.193175
0.623433
0.939058
0.228914
0.706049
0.830175
0.563939
0.983647
0.064341
0.240806
0.731273
0.786051
0.672700
0.880699
0.420273
0.974575
0.099115
0.357166
0.918394
0.299785
0.839656
0.538535
0.994060
0.023618
0.092241
0.334930
0.891007
0.388454
0.950230
0.189173
0.613546
0.948429
0.195644
0.629471
0.932949
0.250220
0.750440
0.749120
0.751758
0.746472
0.757006
0.735792
0.777609
0.691734
0.852953
0.501697
0.999988
0.000046
0.000184
0.000736
0.002942
0.011734
0.046384
0.176930
0.582502
0.972774
0.105941
0.378869
0.941309
0.220985
0.688603
0.857716
0.488157
0.999439
0.002243
0.008951
0.035483
0.136895
0.472620
0.997001
0.011959
0.047264
0.180122
0.590711
0.967086
0.127324
0.444450
0.987657
0.048764
0.185545
0.604472
0.956342
0.167007
0.556462
0.987248
0.050356
0.191282
0.618774
0.943571
0.212979
0.670475
0.883753
0.410935
0.968270
0.122893
0.431163
0.981046
0.074380
0.275391
0.798203
0.644301
0.916709
0.305415
0.848547
0.514061
0.999209
0.003161
0.012603
0.049778
0.189201
0.613616
0.948365
0.195874
0.630029
0.932370
0.252225
0.754429
0.741063
0.767554
0.713659
0.817400
0.597029
0.962342
0.144961
0.495789
0.999929
0.000284
0.001134
0.004533
0.018049
0.070892
0.263465
0.776205
0.694843
0.848145
0.515182
0.999078
0.003684
0.014683
0.057868
0.218077
0.682078
0.867390
0.460099
0.993632
0.025311
0.098683
0.355778
0.916800
0.305110
0.848072
0.515383
0.999053
0.003783
0.015074
0.059386
0.223437
0.694053
0.849374
0.511750
0.999448
0.002208
0.008811
0.034935
0.134859
0.466687
0.995561
0.017677
0.069460
0.258540
0.766788
0.715296
0.814590
0.604132
0.956626
0.165970
0.553696
0.988467
0.045600
0.174081
0.575107
0.977436
0.088221
0.321752
0.872911
0.443749
0.987343
0.049986
0.189948
0.615471
0.946666
0.201958
0.644684
0.916267
0.306889
0.850832
0.507668
0.999765
0.000941
0.003759
0.014979
0.059017
0.222136
0.691166
0.853823
0.499238
0.999998
0.000010
0.000038
0.000153
0.000610
0.002439
0.009734
0.038557
0.148280
0.505171
0.999893
0.000428
0.001711
0.006832
0.027141
0.105619
0.377854
0.940321
0.224469
0.696332
0.845816
0.521646
0.998126
0.007483
0.029706
0.115295
0.408008
0.966150
0.130816
0.454812
0.991832
0.032405
0.125419
0.438756
0.984997
0.059112
0.222472
0.691912
0.852679
0.502471
0.999976
0.000098
0.000391
0.001563
0.006243
0.024817
0.096803
0.349728
0.909674
0.328670
0.882585
0.414516
0.970770
0.113503
0.402481
0.961960
0.146370
0.499785
1.000000
0.000001
0.000004
0.000015
0.000061
0.000244
0.000976
0.003901
0.015544
0.061209
0.229849
0.708073
0.826822
0.572750
0.978830
0.082888
0.304070
0.846445
0.519902
0.998416
0.006328
0.025150
0.098071
0.353812
0.914516
0.312706
0.859683
0.482512
0.998777
0.004887
0.019454
0.076301
0.281917
0.809759
0.616197
0.945993
0.204361
0.650390
0.909532
0.329135
0.883221
0.412567
0.969422
0.118571
0.418049
0.973136
0.104569
0.374539
0.937038
0.235991
0.721198
0.804286
0.629640
0.932774
0.250825
0.751648
0.746693
0.756570
0.736687
0.775917
0.695479
0.847152
0.517941
0.998712
0.005143
0.020468
0.080196
0.295059
0.831997
0.559113
0.986023
0.055128
0.208357
0.659777
0.897885
0.366751
0.928979
0.263908
0.777043
0.692989
0.851021
0.507137
0.999796
0.000815
0.003256
0.012983
0.051258
0.194521
0.626730
0.935758
0.240460
0.730555
0.787377
0.669658
0.884865
0.407515
0.965786
0.132173
0.458813
0.993215
0.026957
0.104923
0.375656
0.938154
0.232083
0.712882
0.818725
0.593658
0.964913
0.135425
0.468341
0.995991
0.015973
0.062870
0.235670
0.720519
0.805485
0.626716
0.935772
0.240411
0.730453
0.787565
0.669226
0.885450
0.405713
0.964440
0.137183
0.473456
0.997182
0.011242
0.044461
0.169937
0.564233
0.983497
0.064924
0.242837
0.735468
0.778219
0.690377
0.855026
0.495826
0.999930
0.000278
0.001114
0.004449
0.017717
0.069613
0.259067
0.767805
0.713122
0.818315
0.594702
0.964126
0.138347
0.476828
0.997852
0.008572
0.033996
0.131361
0.456421
0.992404
0.030155
0.116982
0.413190
0.969856
0.116941
0.413063
0.969768
0.117272
0.414077
0.970469
0.114636
0.405979
0.964640
0.136439
0.471293
0.996704
0.013142
0.051878
0.196747
0.632152
0.930144
0.259905
0.769418
0.709656
0.824177
0.579636
0.974632
0.098897
0.356466
0.917592
0.302469
0.843926
0.526861
0.997114
0.011511
0.045513
0.173765
0.574283
0.977928
0.086340
0.315541
0.863900
0.470308
0.996474
0.014056
0.055433
0.209441
0.662301
0.894633
0.377059
0.939542
0.227212
0.702348
0.836222
0.547820
0.990853
0.036254
0.139757
0.480899
0.998541
0.005829
0.023180
0.090570
0.329468
0.883675
0.411173
0.968439
0.122260
0.429249
0.979977
0.078488
0.289309
0.822437
0.584136
0.971684
0.110056
0.391773
0.953148
0.178628
0.586880
0.969807
0.117124
0.413624
0.970157
0.115810
0.409593
0.967306
0.126500
0.441992
0.986540
0.053114
0.201173
0.642809
0.918422
0.299691
0.839505
0.538945
0.993933
0.024120
0.094152
0.341149
0.899066
0.362986
0.924909
0.277811
0.802528
0.633908
0.928274
0.266325
0.781584
0.682843
0.866274
0.463373
0.994634
0.021349
0.083574
0.306359
0.850013
0.509965
0.999603
0.001588
0.006342
0.025206
0.098283
0.354493
0.915311
0.310068
0.855704
0.493900
0.999851
0.000595
0.002380
0.009496
0.037622
0.144825
0.495402
0.999915
0.000338
0.001352
0.005400
0.021482
0.084082
0.308049
0.852619
0.502640
0.999972
0.000112
0.000446
0.001784
0.007124
0.028294
0.109973
0.391515
0.952924
0.179438
0.588960
0.968345
0.122613
0.430316
0.980576
0.076186
0.281526
0.809076
0.617887
0.944411
0.209996
0.663592
0.892951
0.382358
0.944641
0.209177
0.661688
0.895428
0.374548
0.937047
0.235960
0.721132
0.804403
0.629355
0.933069
0.249804
0.749609
0.750782
0.748433
0.753124
0.743713
0.762416
0.724551
0.798307
0.644051
0.916998
0.304452
0.847044
0.518243
0.998669
0.005318
0.021158
0.082841
0.303913
0.846200
0.520582
0.998305
0.006767
0.026883
0.104641
0.374765
0.937265
0.235199
0.719521
0.807241
0.622411
0.940063
0.225380
0.698335
0.842653
0.530357
0.996314
0.014690
0.057898
0.218185
0.682320
0.867037
0.461135
0.993958
0.024022
0.093778
0.339935
0.897516
0.367923
0.930223
0.259632
0.768893
0.710786
0.822277
0.584550
0.971405
0.111108
0.395052
0.955943
0.168463
0.560333
0.985440
0.057392
0.216393
0.678269
0.872881
0.443840
0.987384
0.049826
0.189375
0.614048
0.947973
0.197282
0.633448
0.928766
0.264638
0.778419
0.689931
0.855705
0.493895
0.999851
0.000597
0.002385
0.009518
0.037711
0.145155
0.496340
0.999946
0.000214
0.000857
0.003426
0.013655
0.053875
0.203891
0.649278
0.910865
0.324761
0.877165
0.430988
0.980949
0.074751
0.276654
0.800467
0.638878
0.922851
0.284787
0.814734
0.603770
0.956927
0.164872
0.550756
0.989695
0.040793
0.156517
0.528077
0.996847
0.012574
0.049662
0.188782
0.612573
0.949310
0.192484
0.621735
0.940722
0.223056
0.693207
0.850684
0.508084
0.999739
0.001045
0.004177
0.016640
0.065451
0.244668
0.739223
0.771090
0.706042
0.830187
0.563906
0.983664
0.064276
0.240579
0.730803
0.786920
0.670708
0.883436
0.411909
0.968960
0.120307
0.423334
0.976489
0.091831
0.333593
0.889234
0.393987
0.955045
0.171737
0.568974
0.980970
0.074671
0.276381
0.799979
0.640051
0.921543
0.289207
0.822265
0.584582
0.971383
0.111191
0.395310
0.956160
0.167673
0.558236
0.986434
0.053526
0.202645
0.646320
0.914362
0.313216
0.860447
0.480311
0.998449
0.006193
0.024618
0.096048
0.347290
0.906719
0.338320
0.895438
0.374515
0.937014
0.236074
0.721372
0.803978
0.630390
0.931994
0.253526
0.757002
0.735799
0.777596
0.691763
0.852908
0.501824
0.999987
0.000053
0.000213
0.000850
0.003399
0.013549
0.053463
0.202418
0.645779
0.914994
0.311121
0.857300
0.489348
0.999546
0.001814
0.007245
0.028769
0.111766
0.397099
0.957645
0.162242
0.543679
0.992368
0.030293
0.117502
0.414781
0.970951
0.112820
0.400367
0.960293
0.152521
0.517035
0.998839
0.004637
0.018463
0.072490
0.268940
0.786445
0.671797
0.881943
0.416479
0.972097
0.108497
0.386902
0.948835
0.194187
0.625915
0.936582
0.237585
0.724553
0.798304
0.644059
0.916988
0.304484
0.847095
0.518102
0.998689
0.005236
0.020833
0.081597
0.299755
0.839608
0.538667
0.994020
0.023779
0.092854
0.336928
0.893630
0.380221
0.942612
0.216378
0.678235
0.872929
0.443695
0.987319
0.050081
0.190290
0.616319
0.945880
0.204765
0.651346
0.908378
0.332910
0.888323
0.396820
0.957416
0.163083
0.545949
0.991555
0.033495
0.129493
0.450897
0.990355
0.038206
0.146985
0.501522
0.999991
0.000037
0.000148
0.000591
0.002363
0.009431
0.037367
0.143883
0.492722
0.999788
0.000847
0.003386
0.013497
0.053260
0.201694
0.644055
0.916993
0.304467
0.847068
0.518176
0.998679
0.005279
0.021004
0.082250
0.301939
0.843087
0.529166
0.996597
0.013564
0.053520
0.202623
0.646269
0.914422
0.313018
0.860151
0.481166
0.998581
0.005668
0.022542
0.088137
0.321476
0.872517
0.444925
0.987867
0.047944
0.182582
0.596983
0.962377
0.144829
0.495415
0.999916
0.000336
0.001345
0.005373
0.021377
0.083679
0.306707
0.850551
0.508456
0.999714
0.001144
0.004570
0.018197
0.071464
0.265426
0.779900
0.686624
0.860686
0.479621
0.998339
0.006634
0.026359
0.102656
0.368470
0.930800
0.257646
0.765059
0.718976
0.808198
0.620055
0.942347
0.217315
0.680357
0.869885
0.452741
0.991066
0.035415
0.136644
0.471889
0.996839
0.012604
0.049780
0.189208
0.613633
0.948351
0.195927
0.630158
0.932235
0.252691
0.755353
0.739180
0.771171
0.705864
0.830480
0.563133
0.984057
0.062755
0.235266
0.719665
0.806990
0.623029
0.939455
0.227517
0.703012
0.835145
0.550712
0.989713
0.040724
0.156261
0.527375
0.997003
0.011954
0.047244
0.180048
0.590523
0.967223
0.126813
0.442924
0.986969
0.051443
0.195187
0.628356
0.934099
0.246234
0.742411
0.764949
0.719209
0.807790
0.621062
0.941376
0.220750
0.688079
0.858505
0.485896
0.999204
0.003181
0.012682
0.050084
0.190303
0.616352
0.945849
0.204876
0.651608
0.908060
0.333947
0.889705
0.392520
0.953792
0.176290
0.580849
0.973854
0.101850
0.365905
0.928074
0.267011
0.782865
0.679950
0.870472
0.451001
0.990396
0.038046
0.146393
0.499849
1.000000
0.000000
0.000002
0.000008
0.000031
0.000122
0.000488
0.001952
0.007792
0.030926
0.119878
0.422028
0.975682
0.094908
0.343603
0.902160
0.353071
0.913647
0.315585
0.863964
0.470120
0.996429
0.014234
0.056125
0.211900
0.667993
0.887114
0.400572
0.960457
0.151919
0.515358
0.999057
0.003770
0.015025
0.059195
0.222765
0.692564
0.851676
0.505295
0.999888
0.000449
0.001794
0.007162
0.028444
0.110541
0.393286
0.954448
0.173907
0.574652
0.977708
0.087180
0.318318
0.867967
0.458401
0.993078
0.027495
0.106957
0.382068
0.944368
0.210147
0.663941
0.892494
0.383794
0.945985
0.204391
0.650461
0.909446
0.329417
0.883605
0.411388
0.968592
0.121688
0.427520
0.978987
0.082287
0.302064
0.843285
0.528623
0.996723
0.013065
0.051577
0.195669
0.629530
0.932888
0.250433
0.750866
0.748266
0.753457
0.743038
0.763730
0.721787
0.803242
0.632176
0.930118
0.259995
0.769590
0.709285
0.824799
0.578022
0.975650
0.095026
0.343986
0.902638
0.351530
0.911826
0.321596
0.872688
0.444416
0.987641
0.048823
0.185758
0.605008
0.955893
0.168646
0.560818
0.985205
0.058306
0.219624
0.685558
0.862273
0.475032
0.997507
0.009949
0.039400
0.151389
0.513882
0.999229
0.003081
0.012286
0.048542
0.184742
0.602449
0.958017
0.160882
0.539996
0.993601
0.025432
0.099140
0.357243
0.918482
0.299490
0.839183
0.539819
0.993658
0.025207
0.098288
0.354509
0.915329
0.310006
0.855610
0.494167
0.999864
0.000544
0.002176
0.008684
0.034435
0.132996
0.461232
0.993988
0.023903
0.093327
0.338467
0.895629
0.373911
0.936406
0.238199
0.725840
0.795985
0.649571
0.910514
0.325913
0.878775
0.426119
0.978166
0.085427
0.312518
0.859402
0.483321
0.998887
0.004446
0.017705
0.069567
0.258910
0.767503
0.713769
0.817212
0.597507
0.961969
0.146337
0.499690
1.000000
0.000002
0.000007
0.000027
0.000107
0.000427
0.001708
0.006820
0.027095
0.105445
0.377306
0.939784
0.226358
0.700481
0.839229
0.539695
0.993697
0.025052
0.097697
0.352611
0.913106
0.317375
0.866593
0.462439
0.994357
0.022446
0.087767
0.320257
0.870769
0.450121
0.990048
0.039410
0.151429
0.513993
0.999217
0.003131
0.012483
0.049310
0.187512
0.609406
0.952121
0.182346
0.596383
0.962841
0.143112
0.490523
0.999641
0.001437
0.005738
0.022822
0.089205
0.324989
0.877484
0.430023
0.980413
0.076813
0.283651
0.812772
0.608695
0.952741
0.180101
0.590659
0.967123
0.127183
0.444029
0.987469
0.049496
0.188183
0.611081
0.950644
0.187680
0.609824
0.951755
0.183671
0.599743
0.960205
0.152845
0.517935
0.998713
0.005140
0.020454
0.080142
0.294877
0.831698
0.559905
0.985645
0.056594
0.213566
0.671822
0.881909
0.416581
0.972165
0.108240
0.386095
0.948103
0.196816
0.632318
0.929967
0.260513
0.770583
0.707139
0.828373
0.568684
0.981130
0.074056
0.274287
0.796214
0.649030
0.911161
0.323788
0.875797
0.435107
0.983155
0.066244
0.247421
0.744816
0.760260
0.729059
0.790129
0.663301
0.893331
0.381164
0.943512
0.213189
0.670957
0.883095
0.412953
0.969691
0.117562
0.414963
0.971075
0.112353
0.398920
0.959131
0.156794
0.528839
0.996673
0.013263
0.052349
0.198433
0.636229
0.925766
0.274892
0.797306
0.646437
0.914224
0.313673
0.861129
0.478344
0.998124
0.007489
0.029733
0.115397
0.408323
0.966381
0.129955
0.452266
0.990886
0.036124
0.139276
0.479512
0.998321
0.006705
0.026639
0.103718
0.371842
0.934302
0.245526
0.740972
0.767730
0.713282
0.818043
0.595393
0.963600
0.140299
0.482460
0.998769
0.004917
0.019570
0.076746
0.283426
0.812383
0.609668
0.951891
0.183177
0.598493
0.961197
0.149190
0.507730
0.999761
0.000956
0.003820
0.015220
0.059955
0.225440
0.698467
0.842443
0.530932
0.996173
0.015250
0.060070
0.225846
0.699358
0.841025
0.534807
0.995154
0.019290
0.075673
0.279787
0.806026
0.625393
0.937106
0.235753
0.720694
0.805177
0.627468
0.935007
0.243075
0.735958
0.777296
0.692427
0.851887
0.504703
0.999912
0.000354
0.001415
0.005651
0.022474
0.087877
0.320618
0.871288
0.448580
0.989424
0.041857
0.160419
0.538740
0.993997
0.023869
0.093196
0.338041
0.895077
0.375655
0.938153
0.232086
0.712889
0.818713
0.593687
0.964891
0.135506
0.468577
0.996050
0.015736
0.061954
0.232463
0.713697
0.817335
0.597194
0.962213
0.145436
0.497137
0.999967
0.000131
0.000524
0.002097
0.008369
0.033196
0.128375
0.447580
0.989008
0.043483
0.166369
0.554762
0.988005
0.047406
0.180634
0.592020
0.966129
0.130895
0.455047
0.991917
0.032072
0.124172
0.435013
0.983107
0.066432
0.248074
0.746134
0.757672
0.734420
0.780190
0.685974
0.861654
0.476825
0.997852
0.008575
0.034004
0.131392
0.456514
0.992436
0.030028
0.116506
0.411729
0.968833
0.120784
0.424781
0.977369
0.088477
0.322594
0.874109
0.440170
0.985682
0.056453
0.213064
0.670670
0.883486
0.411753
0.968850
0.120720
0.424587
0.977252
0.088923
0.324063
0.876184
0.433941
0.982545
0.068601
0.255580
0.761036
0.727440
0.793083
0.656409
0.902145
0.353117
0.913701
0.315406
0.863700
0.470890
0.996610
0.013512
0.053318
0.201902
0.644551
0.916420
0.306379
0.850043
0.509880
0.999610
0.001561
0.006234
0.024782
0.096672
0.349305
0.909164
0.330340
0.884861
0.407527
0.965795
0.132141
0.458718
0.993183
0.027081
0.105390
0.377132
0.939614
0.226960
0.701796
0.837114
0.545417
0.991749
0.032731
0.126638
0.442403
0.986730
0.052374
0.198524
0.636449
0.925526
0.275709
0.798775
0.642935
0.918278
0.300173
0.840277
0.536846
0.994570
0.021604
0.084548
0.309598
0.854988
0.495935
0.999934
0.000264
0.001057
0.004225
0.016827
0.066176
0.247187
0.744342
0.761189
0.727122
0.793663
0.655049
0.903839
0.347656
0.907165
0.336866
0.893550
0.380475
0.942855
0.215518
0.676281
0.875700
0.435398
0.983306
0.065660
0.245396
0.740708
0.768239
0.712191
0.819899
0.590657
0.967125
0.127177
0.444013
0.987462
0.049525
0.188288
0.611342
0.950412
0.188517
0.611914
0.949901
0.190355
0.616479
0.945730
0.205297
0.652602
0.906851
0.337889
0.894880
0.376278
0.938771
0.229919
0.708224
0.826570
0.573407
0.978445
0.084360
0.308973
0.854035
0.498636
0.999993
0.000030
0.000118
0.000473
0.001891
0.007549
0.029969
0.116284
0.411049
0.968351
0.122589
0.430243
0.980536
0.076340
0.282050
0.809990
0.615624
0.946525
0.202463
0.645888
0.914867
0.311541
0.857932
0.487538
0.999379
0.002483
0.009909
0.039244
0.150817
0.512286
0.999396
0.002413
0.009631
0.038152
0.146784
0.500954
0.999996
0.000015
0.000058
0.000233
0.000930
0.003719
0.014819
0.058397
0.219947
0.686280
0.861198
0.478143
0.998089
0.007629
0.030282
0.117459
0.414649
0.970861
0.113160
0.401419
0.961128
0.149446
0.508447
0.999715
0.001141
0.004560
0.018156
0.071304
0.264878
0.778871
0.688925
0.857230
0.489548
0.999563
0.001747
0.006977
0.027714
0.107782
0.384660
0.946787
0.201525
0.643650
0.917458
0.302914
0.844629
0.524923
0.997515
0.009914
0.039262
0.150882
0.512466
0.999378
0.002485
0.009916
0.039270
0.150913
0.512553
0.999370
0.002520
0.010053
0.039809
0.152897
0.518079
0.998693
0.005223
0.020782
0.081402
0.299103
0.838561
0.541506
0.993109
0.027375
0.106501
0.380634
0.943007
0.214980
0.675055
0.877423
0.430208
0.980516
0.076417
0.282310
0.810444
0.614499
0.947560
0.198759
0.637017
0.924906
0.277821
0.802545
0.633866
0.928320
0.266169
0.781291
0.683501
0.865310
0.466194
0.995429
0.018202
0.071484
0.265497
0.780034
0.686325
0.861132
0.478334
0.998122
0.007496
0.029761
0.115499
0.408637
0.966611
0.129096
0.449722
0.989888
0.040037
0.153736
0.520406
0.998334
0.006652
0.026429
0.102922
0.369317
0.931688
0.254582
0.759080
0.731509
0.785614
0.673699
0.879315
0.424482
0.977188
0.089167
0.324865
0.877311
0.430547
0.980705
0.075691
0.279848
0.806133
0.625131
0.937369
0.234834
0.718748
0.808597
0.619072
0.943288
0.213984
0.672779
0.880589
0.420607
0.974787
0.098309
0.354577
0.915408
0.309744
0.855211
0.495301
0.999912
0.000354
0.001414
0.005647
0.022459
0.087819
0.320429
0.871016
0.449387
0.989753
0.040567
0.155684
0.525785
0.997341
0.010610
0.041989
0.160902
0.540050
0.993584
0.025500
0.099399
0.358074
0.919428
0.296320
0.834058
0.553621
0.988499
0.045475
0.173628
0.573925
0.978140
0.085528
0.312851
0.859901
0.481886
0.998688
0.005243
0.020861
0.081705
0.300117
0.840187
0.537091
0.994497
0.021890
0.085644
0.313236
0.860477
0.480225
0.998436
0.006247
0.024830
0.096854
0.349895
0.909874
0.328015
0.881684
0.417269
0.972622
0.106513
0.380673
0.943044
0.214846
0.674750
0.877850
0.428916
0.979789
0.079212
0.291749
0.826526
0.573522
0.978378
0.084617
0.309829
0.855340
0.494935
0.999897
0.000411
0.001642
0.006559
0.026062
0.101532
0.364892
0.926984
0.270740
0.789759
0.664159
0.892208
0.384692
0.946817
0.201420
0.643399
0.917747
0.301950
0.843105
0.529115
0.996609
0.013517
0.053338
0.201972
0.644716
0.916229
0.307014
0.851026
0.507124
0.999797
0.000812
0.003245
0.012938
0.051081
0.193886
0.625177
0.937323
0.234993
0.719086
0.808005
0.620531
0.941889
0.218936
0.684013
0.864557
0.468394
0.996004
0.015919
0.062663
0.234946
0.718986
0.808180
0.620100
0.942304
0.217470
0.680707
0.869381
0.454232
0.991621
0.033235
0.128521
0.448014
0.989190
0.042773
0.163774
0.547809
0.990857
0.036237
0.139696
0.480724
0.998514
0.005936
0.023604
0.092186
0.334750
0.890770
0.389195
0.950889
0.186797
0.607616
0.953675
0.176715
0.581946
0.973139
0.104557
0.374498
0.936997
0.236134
0.721499
0.803753
0.630936
0.931424
0.255495
0.760869
0.727789
0.792448
0.657897
0.900274
0.359122
0.920613
0.292338
0.827507
0.570957
0.979860
0.078937
0.290823
0.824980
0.577551
0.975943
0.093913
0.340372
0.898076
0.366141
0.928328
0.266142
0.781242
0.683612
0.865146
0.466673
0.995557
0.017692
0.069516
0.258735
0.767164
0.714493
0.815971
0.600649
0.959479
0.155516
0.525323
0.997435
0.010234
0.040517
0.155502
0.525285
0.997443
0.010203
0.040395
0.155054
0.524050
0.997686
0.009233
0.036592
0.141013
0.484512
0.999040
0.003835
0.015280
0.060185
0.226250
0.700244
0.839609
0.538662
0.994021
0.023774
0.092834
0.336864
0.893546
0.380485
0.942865
0.215483
0.676199
0.875815
0.435052
0.983127
0.066354
0.247805
0.745591
0.758741
0.732213
0.784308
0.676676
0.875143
0.437071
0.984160
0.062358
0.233876
0.716712
0.812143
0.610268
0.951364
0.185081
0.603305
0.957313
0.163460
0.546964
0.991177
0.034979
0.135021
0.467163
0.995687
0.017178
0.067533
0.251888
0.753762
0.742419
0.764932
0.719245
0.807727
0.621217
0.941225
0.221280
0.689261
0.856721
0.491002
0.999676
0.001295
0.005174
0.020588
0.080658
0.296610
0.834530
0.552359
0.989034
0.043383
0.166004
0.553786
0.988428
0.045751
0.174631
0.576541
0.976566
0.091539
0.332640
0.887962
0.397942
0.958337
0.159709
0.536808
0.994581
0.021560
0.084380
0.309039
0.854136
0.498350
0.999989
0.000044
0.000175
0.000698
0.002790
0.011128
0.044016
0.168316
0.559943
0.985627
0.056665
0.213815
0.672394
0.881122
0.418985
0.973746
0.102258
0.367206
0.929463
0.262246
0.773893
0.699931
0.840111
0.537298
0.994435
0.022134
0.086578
0.316329
0.865060
0.466926
0.995624
0.017426
0.068488
0.255191
0.760273
0.729031
0.790179
0.663185
0.893482
0.380687
0.943057
0.214801
0.674646
0.877995
0.428478
0.979539
0.080171
0.294974
0.831857
0.559483
0.985847
0.055811
0.210784
0.665416
0.890550
0.389882
0.951496
0.184606
0.602106
0.958297
0.159854
0.537204
0.994464
0.022023
0.086152
0.314921
0.862983
0.472973
0.997078
0.011653
0.046068
0.175784
0.579537
0.974695
0.098657
0.355696
0.916705
0.305427
0.848566
0.514007
0.999215
0.003137
0.012508
0.049405
0.187858
0.610270
0.951362
0.185090
0.603327
0.957294
0.163528
0.547145
0.991109
0.035246
0.136016
0.470063
0.996415
0.014288
0.056336
0.212647
0.669714
0.884788
0.407751
0.965961
0.131522
0.456897
0.992568
0.029505
0.114538
0.405677
0.964413
0.137283
0.473747
0.997243
0.010997
0.043505
0.166449
0.554975
0.987911
0.047771
0.181957
0.595396
0.963599
0.140306
0.482480
0.998772
0.004905
0.019525
0.076576
0.282850
0.811383
0.612163
0.949678
0.191160
0.618472
0.943858
0.211960
0.668132
0.886926
0.401153
0.960917
0.150223
0.510623
0.999549
0.001805
0.007206
0.028616
0.111188
0.395301
0.956152
0.167701
0.558309
0.986400
0.053659
0.203117
0.647442
0.913043
0.317581
0.866893
0.461558
0.994089
0.023505
0.091811
0.333526
0.889145
0.394263
0.955279
0.170884
0.566730
0.982188
0.069978
0.260325
0.770224
0.707915
0.827085
0.572062
0.979228
0.081362
0.298967
0.838344
0.542094
0.992912
0.028150
0.109430
0.389820
0.951441
0.184803
0.602602
0.957891
0.161343
0.541247
0.993195
0.027035
0.105218
0.376590
0.939079
0.228837
0.705883
0.830449
0.563213
0.984016
0.062913
0.235819
0.720833
0.804931
0.628067
0.934395
0.245203
0.740314
0.768996
0.710565
0.822650
0.583589
0.972052
0.108669
0.387441
0.949322
0.192439
0.621625
0.940830
0.222677
0.692369
0.851977
0.504448
0.999921
0.000317
0.001266
0.005058
0.020128
0.078890
0.290666
0.824718
0.578233
0.975518
0.095530
0.345616
0.904662
0.344995
0.903894
0.347480
0.906950
0.337565
0.894460
0.377606
0.940079
0.225323
0.698210
0.842852
0.529811
0.996445
0.014169
0.055872
0.211001
0.665918
0.889884
0.391961
0.953310
0.178039
0.585363
0.970852
0.113192
0.401519
0.961206
0.149155
0.507631
0.999767
0.000932
0.003723
0.014835
0.058460
0.220169
0.686779
0.860454
0.480291
0.998446
0.006206
0.024670
0.096244
0.347925
0.907492
0.335800
0.892154
0.384861
0.946972
0.200863
0.642069
0.919266
0.296865
0.834944
0.551250
0.989494
0.041584
0.159418
0.536016
0.994811
0.020647
0.080884
0.297368
0.835761
0.549059
0.990373
0.038138
0.146735
0.500814
0.999997
0.000010
0.000042
0.000168
0.000671
0.002683
0.010704
0.042357
0.162251
0.543703
0.992360
0.030325
0.117622
0.415148
0.971201
0.111879
0.397449
0.957933
0.161189
0.540830
0.993332
0.026495
0.103172
0.370110
0.932514
0.251725
0.753438
0.743076
0.763656
0.721943
0.802966
0.632847
0.929407
0.262439
0.774259
0.699128
0.841392
0.533806
0.995429
0.018202
0.071482
0.265491
0.780022
0.686351
0.861093
0.478447
0.998142
0.007419
0.029454
0.114348
0.405089
0.963967
0.138937
0.478534
0.998157
0.007360
0.029221
0.113470
0.402378
0.961880
0.146668
0.500627
0.999998
0.000006
0.000025
0.000099
0.000397
0.001586
0.006334
0.025176
0.098170
0.354132
0.914890
0.311464
0.857817
0.487867
0.999411
0.002354
0.009393
0.037218
0.143331
0.491148
0.999687
0.001253
0.005006
0.019922
0.078101
0.288006
0.820234
0.589800
0.967744
0.124862
0.437085
0.984167
0.062330
0.233778
0.716504
0.812504
0.609366
0.952157
0.182218
0.596058
0.963091
0.142185
0.487875
0.999412
0.002351
0.009381
0.037173
0.143165
0.490676
0.999652
0.001390
0.005553
0.022089
0.086405
0.315756
0.864216
0.469386
0.996251
0.014940
0.058867
0.221605
0.689985
0.855623
0.494130
0.999862
0.000551
0.002204
0.008798
0.034882
0.134661
0.466109
0.995405
0.018294
0.071836
0.266701
0.782287
0.681256
0.868585
0.456581
0.992459
0.029936
0.116160
0.410666
0.968078
0.123613
0.433330
0.982220
0.069854
0.259897
0.769403
0.709688
0.824123
0.579777
0.974543
0.099237
0.357556
0.918839
0.298296
0.837262
0.545017
0.991894
0.032162
0.124511
0.436031
0.983632
0.064400
0.241012
0.731701
0.785258
0.674512
0.878183
0.427912
0.979213
0.081418
0.299158
0.838650
0.541265
0.993189
0.027059
0.105307
0.376871
0.939357
0.227863
0.703767
0.833916
0.554000
0.988336
0.046111
0.175940
0.579940
0.974438
0.099634
0.358828
0.920282
0.293454
0.829354
0.566103
0.982521
0.068692
0.255894
0.761649
0.726159
0.795408
0.650936
0.908874
0.331289
0.886146
0.403564
0.962801
0.143263
0.490954
0.999673
0.001309
0.005229
0.020807
0.081495
0.299414
0.839062
0.540149
0.993552
0.025625
0.099873
0.359593
0.921144
0.290551
0.824525
0.578734
0.975204
0.096726
0.349479
0.909374
0.329653
0.883927
0.410399
0.967887
0.124328
0.435483
0.983350
0.065490
0.244806
0.739504
0.770551
0.707208
0.828259
0.568983
0.980965
0.074690
0.276445
0.800093
0.639776
0.921850
0.288169
0.820510
0.589093
0.968250
0.122968
0.431388
0.981170
0.073903
0.273764
0.795269
0.651264
0.908477
0.332586
0.887890
0.398164
0.958518
0.159045
0.534999
0.995100
0.019503
0.076489
0.282555
0.810871
0.613438
0.948527
0.195293
0.628614
0.933834
0.247152
0.744272
0.761324
0.726839
0.794176
0.653841
0.905332
0.342825
0.901184
0.356205
0.917292
0.303470
0.845504
0.522509
0.997973
0.008090
0.032097
0.124269
0.435304
0.983258
0.065848
0.246048
0.742033
0.765679
0.717658
0.810500
0.614359
0.947688
0.198302
0.635914
0.926109
0.273723
0.795195
0.651441
0.908263
0.333286
0.888825
0.395260
0.956118
0.167826
0.558643
0.986244
0.054267
0.205288
0.652578
0.906880
0.337796
0.894760
0.376659
0.939148
0.228595
0.705358
0.831312
0.560930
0.985150
0.058517
0.220371
0.687231
0.859778
0.482239
0.998738
0.005041
0.020061
0.078635
0.289806
0.823275
0.581974
0.973121
0.104626
0.374717
0.937217
0.235365
0.719874
0.806622
0.623931
0.938564
0.230646
0.709793
0.823948
0.580231
0.974252
0.100341
0.361090
0.922816
0.284905
0.814937
0.603260
0.957350
0.163325
0.546600
0.991314
0.034443
0.133028
0.461327
0.994018
0.023787
0.092883
0.337025
0.893756
0.379825
0.942232
0.217724
0.681281
0.868549
0.456687
0.992496
0.029790
0.115612
0.408983
0.966864
0.128153
0.446918
0.988729
0.044575
0.170354
0.565333
0.982926
0.067129
0.250491
0.750980
0.748036
0.753913
0.742112
0.765527
0.717983
0.809934
0.615763
0.946396
0.202922
0.646979
0.913589
0.315777
0.864247
0.469297
0.996229
0.015026
0.059201
0.222784
0.692605
0.851613
0.505473
0.999880
0.000479
0.001916
0.007648
0.030359
0.117750
0.415539
0.971465
0.110882
0.394349
0.955352
0.170620
0.566034
0.982558
0.068552
0.255410
0.760704
0.728134
0.791819
0.659366
0.898410
0.365078
0.927184
0.270055
0.788502
0.667067
0.888355
0.396722
0.957335
0.163381
0.546749
0.991258
0.034662
0.133844
0.463719
0.994735
0.020951
0.082046
0.301259
0.842008
0.532121
0.995873
0.016440
0.064680
0.241985
0.733713
0.781513
0.683002
0.866041
0.464056
0.994832
0.020565
0.080567
0.296302
0.834029
0.553698
0.988466
0.045604
0.174097
0.575149
0.977410
0.088317
0.322070
0.873363
0.442400
0.986729
0.052379
0.198542
0.636491
0.925480
0.275866
0.799055
0.642264
0.919044
0.297609
0.836152
0.548007
0.990781
0.036534
0.140798
0.483897
0.998963
0.004144
0.016509
0.064946
0.242911
0.735621
0.777931
0.691017
0.854050
0.498595
0.999992
0.000031
0.000126
0.000503
0.002013
0.008035
0.031882
0.123462
0.432876
0.981978
0.070790
0.263115
0.775542
0.696306
0.845855
0.521536
0.998145
0.007407
0.029409
0.114175
0.404556
0.963562
0.140442
0.482872
0.998826
0.004689
0.018667
0.073274
0.271619
0.791369
0.660417
0.897066
0.369354
0.931727
0.254448
0.758816
0.732057
0.784598
0.676015
0.876075
0.434270
0.982718
0.067932
0.253270
0.756497
0.736838
0.775631
0.696110
0.846164
0.520681
0.998289
0.006832
0.027141
0.105616
0.377846
0.940314
0.224494
0.696386
0.845730
0.521883
0.998085
0.007647
0.030355
0.117733
0.415488
0.971431
0.111012
0.394754
0.955693
0.169376
0.562752
0.984249
0.062012
0.232666
0.714129
0.816595
0.599071
0.960740
0.150876
0.512450
0.999380
0.002478
0.009889
0.039166
0.150530
0.511482
0.999473
0.002108
0.008415
0.033376
0.129050
0.449584
0.989833
0.040254
0.154536
0.522617
0.997954
0.008168
0.032405
0.125419
0.438756
0.984997
0.059112
0.222471
0.691911
0.852681
0.502464
0.999976
0.000097
0.000388
0.001552
0.006198
0.024636
0.096118
0.347518
0.906997
0.337415
0.894265
0.378222
0.940680
0.223203
0.693534
0.850178
0.509501
0.999639
0.001444
0.005767
0.022935
0.089635
0.326402
0.879455
0.424057
0.976931
0.090149
0.328089
0.881786
0.416959
0.972416
0.107291
0.383118
0.945354
0.206638
0.655756
0.902960
0.350492
0.910590
0.325664
0.878428
0.427170
0.978783
0.083067
0.304666
0.847379
0.517312
0.998801
0.004789
0.019066
0.074808
0.276848
0.800813
0.638047
0.923772
0.281670
0.809328
0.617265
0.944995
0.207916
0.658749
0.899196
0.362572
0.924454
0.279356
0.805265
0.627254
0.935226
0.242313
0.734390
0.780245
0.685851
0.861838
0.476292
0.997752
0.008973
0.035570
0.137218
0.473556
0.997203
0.011157
0.044129
0.168727
0.561032
0.985100
0.058711
0.221055
0.688759
0.857481
0.488830
0.999501
0.001995
0.007964
0.031603
0.122418
0.429728
0.980247
0.077451
0.285808
0.816487
0.599345
0.960522
0.151677
0.514683
0.999138
0.003447
0.013739
0.054202
0.205057
0.652034
0.907542
0.335638
0.891940
0.385533
0.947589
0.198657
0.636769
0.925177
0.276899
0.800903
0.637829
0.924013
0.280852
0.807896
0.620800
0.941629
0.219854
0.686074
0.861506
0.477254
0.997930
0.008261
0.032771
0.126788
0.442852
0.986936
0.051572
0.195648
0.629479
0.932941
0.250249
0.750498
0.749004
0.751988
0.746008
0.757921
0.733907
0.781151
0.683817
0.864846
0.467551
0.995788
0.016776
0.065979
0.246503
0.742957
0.763888
0.721453
0.803834
0.630740
0.931629
0.254787
0.759482
0.730676
0.787154
0.670171
0.884168
0.409661
0.967356
0.126315
0.441438
0.986282
0.054120
0.204762
0.651339
0.908386
0.332884
0.888288
0.396929
0.957505
0.162756
0.545067
0.991876
0.032232
0.124773
0.436819
0.984033
0.062849
0.235595
0.720360
0.805766
0.626029
0.936466
0.237988
0.725400
0.796780
0.647686
0.912755
0.318532
0.868278
0.457485
0.992770
0.028711
0.111548
0.396420
0.957085
0.164294
0.549207
0.990315
0.038366
0.147578
0.503194
0.999959
0.000163
0.000652
0.002607
0.010401
0.041171
0.157903
0.531879
0.995935
0.016195
0.063729
0.238671
0.726828
0.794197
0.653793
0.905390
0.342635
0.900945
0.356973
0.918173
0.300524
0.840837
0.535321
0.995010
0.019862
0.077868
0.287219
0.818896
0.593220
0.965240
0.134208
0.464784
0.995039
0.019744
0.077416
0.285690
0.816284
0.599856
0.960115
0.153178
0.518857
0.998578
0.005682
0.022597
0.088345
0.322162
0.873495
0.442006
0.986547
0.053088
0.201080
0.642587
0.918676
0.298842
0.838142
0.542640
0.992727
0.028879
0.112179
0.398381
0.958694
0.158399
0.533234
0.995582
0.017594
0.069138
0.257431
0.764641
0.719861
0.806645
0.623875
0.938620
0.230451
0.709374
0.824651
0.578408
0.975409
0.095945
0.346958
0.906313
0.339639
0.897138
0.369127
0.931489
0.255269
0.760427
0.728711
0.790765
0.661824
0.895253
0.375102
0.937602
0.234019
0.717017
0.811615
0.611584
0.950196
0.189293
0.613845
0.948157
0.196621
0.631846
0.930467
0.258793
0.767277
0.714252
0.816384
0.599606
0.960315
0.152441
0.516811
0.998870
0.004517
0.017985
0.070647
0.262626
0.774614
0.698349
0.842630
0.530419
0.996299
0.014750
0.058129
0.219000
0.684156
0.864346
0.469008
0.996158
0.015309
0.060298
0.226650
0.701118
0.838206
0.542468
0.992786
0.028649
0.111311
0.395685
0.956473
0.166529
0.555188
0.987817
0.048138
0.183284
0.598764
0.960982
0.149981
0.509946
0.999604
0.001582
0.006319
0.025116
0.097941
0.353393
0.914026
0.314330
0.862107
0.475513
0.997602
0.009570
0.037916
0.145912
0.498486
0.999991
0.000037
0.000147
0.000587
0.002348
0.009370
0.037129
0.143001
0.490208
0.999617
0.001533
0.006124
0.024347
0.095016
0.343951
0.902595
0.351669
0.911992
0.321052
0.871910
0.446731
0.988650
0.044886
0.171484
0.568309
0.981335
0.073265
0.271590
0.791316
0.660540
0.896908
0.369858
0.932252
0.252634
0.755240
0.739410
0.770731
0.706818
0.828905
0.567287
0.981890
0.071129
0.264279
0.777743
0.691435
0.853410
0.500406
0.999999
0.000003
0.000010
0.000042
0.000168
0.000671
0.002683
0.010704
0.042357
0.162251
0.543702
0.992360
0.030325
0.117620
0.415143
0.971197
0.111893
0.397491
0.957968
0.161062
0.540483
0.993444
0.026051
0.101488
0.364752
0.926832
0.271259
0.790709
0.661952
0.895086
0.375629
0.938127
0.232179
0.713087
0.818376
0.594546
0.964244
0.137910
0.475565
0.997612
0.009531
0.037759
0.145334
0.496847
0.999960
0.000159
0.000636
0.002542
0.010143
0.040162
0.154194
0.521674
0.998121
0.007502
0.029782
0.115580
0.408886
0.966793
0.128418
0.447707
0.989062
0.043275
0.165607
0.552727
0.988880
0.043987
0.168208
0.559657
0.985764
0.056132
0.211924
0.668050
0.887037
0.400808
0.960644
0.151229
0.513435
0.999278
0.002886
0.011511
0.045515
0.173772
0.574301
0.977917
0.086380
0.315674
0.864095
0.469738
0.996337
0.014599
0.057543
0.216926
0.679477
0.871152
0.448986
0.989590
0.041206
0.158031
0.532229
0.995845
0.016550
0.065104
0.243462
0.736753
0.775791
0.695756
0.846718
0.519147
0.998534
0.005857
0.023292
0.090996
0.330864
0.885573
0.405335
0.964154
0.138243
0.476527
0.997796
0.008796
0.034874
0.134631
0.466022
0.995382
0.018387
0.072194
0.267929
0.784573
0.676074
0.875992
0.434519
0.982849
0.067428
0.251524
0.753040
0.743884
0.762083
0.725250
0.797050
0.647045
0.913511
0.316034
0.864625
0.468193
0.995953
0.016121
0.063444
0.237677
0.724746
0.797957
0.644886
0.916032
0.307670
0.852037
0.504280
0.999927
0.000293
0.001172
0.004681
0.018637
0.073157
0.271220
0.790639
0.662116
0.894874
0.376297
0.938791
0.229851
0.708078
0.826814
0.572770
0.978818
0.082933
0.304221
0.846682
0.519247
0.998518
0.005918
0.023532
0.091914
0.333862
0.889593
0.392870
0.954093
0.175199
0.578017
0.975654
0.095014
0.343946
0.902589
0.351689
0.912016
0.320972
0.871795
0.447073
0.988795
0.044318
0.169414
0.562852
0.984198
0.062208
0.233353
0.715598
0.814070
0.605439
0.955531
0.169968
0.564315
0.983454
0.065088
0.243405
0.736636
0.776015
0.695264
0.847488
0.517008
0.998843
0.004623
0.018407
0.072272
0.268194
0.785065
0.674952
0.877567
0.429773
0.980273
0.077352
0.285476
0.815918
0.600782
0.959372
0.155910
0.526409
0.997210
0.011128
0.044017
0.168318
0.559947
0.985625
0.056672
0.213840
0.672450
0.881044
0.419222
0.973900
0.101677
0.365354
0.927482
0.269037
0.786624
0.671387
0.882506
0.414757
0.970935
0.112882
0.400559
0.960446
0.151958
0.515468
0.999043
0.003825
0.015240
0.060031
0.225709
0.699057
0.841505
0.533498
0.995512
0.017873
0.070214
0.261137
0.771779
0.704545
0.832645
0.557390
0.986826
0.052003
0.197195
0.633235
0.928993
0.263859
0.776949
0.693197
0.850700
0.508039
0.999741
0.001034
0.004131
0.016455
0.064736
0.242180
0.734116
0.780758
0.684699
0.863545
0.471340
0.996714
0.013099
0.051709
0.196142
0.630682
0.931689
0.254577
0.759071
0.731529
0.785577
0.673783
0.879197
0.424837
0.977402
0.088348
0.322171
0.873507
0.441970
0.986530
0.053154
0.201314
0.643146
0.918037
0.300981
0.841566
0.533332
0.995556
0.017697
0.069536
0.258804
0.767298
0.714208
0.816460
0.599413
0.960468
0.151877
0.515241
0.999071
0.003713
0.014798
0.058316
0.219659
0.685636
0.862156
0.475371
0.997574
0.009682
0.038352
0.147525
0.503045
0.999963
0.000148
0.000593
0.002371
0.009461
0.037486
0.144324
0.493980
0.999855
0.000580
0.002319
0.009253
0.036669
0.141298
0.485333
0.999139
0.003439
0.013709
0.054084
0.204637
0.651043
0.908744
0.331714
0.886719
0.401794
0.961423
0.148356
0.505387
0.999884
0.000464
0.001857
0.007413
0.029432
0.114263
0.404827
0.963768
0.139676
0.480667
0.998505
0.005972
0.023744
0.092719
0.336489
0.893057
0.382024
0.944327
0.210296
0.664286
0.892041
0.385216
0.947299
0.199695
0.639267
0.922419
0.286250
0.817244
0.597425
0.962033
0.146101
0.499021
0.999996
0.000015
0.000060
0.000240
0.000961
0.003840
0.015302
0.060272
0.226558
0.700917
0.838530
0.541591
0.993081
0.027485
0.106918
0.381945
0.944252
0.210559
0.664896
0.891237
0.387735
0.949587
0.191488
0.619281
0.943089
0.214690
0.674393
0.878349
0.427409
0.978922
0.082533
0.302887
0.844586
0.525043
0.997491
0.010009
0.039637
0.152263
0.516316
0.998935
0.004255
0.016946
0.066635
0.248779
0.747552
0.754873
0.740159
0.769294
0.709922
0.823731
0.580794
0.973889
0.101716
0.365479
0.927616
0.268578
0.785775
0.673330
0.879827
0.422925
0.976238
0.092791
0.336723
0.893362
0.381065
0.943418
0.213521
0.671719
0.882050
0.416151
0.971877
0.109328
0.389502
0.951161
0.185815
0.605151
0.955773
0.169083
0.561977
0.984635
0.060514
0.227408
0.702775
0.835529
0.549682
0.990127
0.039103
0.150296
0.510830
0.999531
0.001875
0.007488
0.029727
0.115373
0.408249
0.966327
0.130155
0.452860
0.991111
0.035239
0.135989
0.469984
0.996396
0.014363
0.056627
0.213682
0.672088
0.881543
0.417700
0.972907
0.105437
0.377279
0.939758
0.226452
0.700686
0.838900
0.540588
0.993411
0.026184
0.101994
0.366366
0.928568
0.265318
0.779698
0.687076
0.860010
0.481571
0.998641
0.005427
0.021589
0.084491
0.309409
0.854700
0.496751
0.999958
0.000169
0.000676
0.002702
0.010780
0.042654
0.163338
0.546635
0.991301
0.034495
0.133219
0.461888
0.994190
0.023106
0.090288
0.328543
0.882410
0.415051
0.971134
0.112130
0.398226
0.958568
0.158860
0.534494
0.995241
0.018946
0.074350
0.275287
0.798017
0.644743
0.916198
0.307118
0.851187
0.506671
0.999822
0.000712
0.002846
0.011352
0.044892
0.171508
0.568372
0.981301
0.073398
0.272043
0.792143
0.658611
0.899370
0.362014
0.923839
0.281441
0.808929
0.618252
0.944066
0.211223
0.666431
0.889203
0.394083
0.955126
0.171441
0.568196
0.981397
0.073026
0.270774
0.789821
0.664015
0.892396
0.384102
0.946271
0.203370
0.648043
0.912333
0.319926
0.870294
0.451530
0.990603
0.037237
0.143400
0.491346
0.999700
0.001198
0.004786
0.019052
0.074757
0.276675
0.800504
0.638790
0.922949
0.284457
0.814164
0.605204
0.955729
0.169246
0.562406
0.984422
0.061342
0.230315
0.709081
0.825141
0.577135
0.976201
0.092930
0.337177
0.893954
0.379200
0.941629
0.219854
0.686073
0.861507
0.477250
0.997930
0.008264
0.032783
0.126834
0.442988
0.986998
0.051330
0.194781
0.627366
0.935112
0.242712
0.735211
0.778704
0.689297
0.856666
0.491157
0.999687
0.001251
0.004997
0.019888
0.077971
0.287567
0.819489
0.591708
0.966359
0.130038
0.452514
0.990980
0.035754
0.137903
0.475542
0.997607
0.009548
0.037829
0.145592
0.497579
0.999977
0.000094
0.000375
0.001498
0.005985
0.023796
0.092918
0.337138
0.893904
0.379359
0.941783
0.219311
0.684854
0.863315
0.472008
0.996866
0.012498
0.049367
0.187720
0.609924
0.951667
0.183987
0.600544
0.959564
0.155204
0.524464
0.997606
0.009552
0.037845
0.145650
0.497745
0.999980
0.000081
0.000324
0.001296
0.005179
0.020609
0.080737
0.296874
0.834959
0.551211
0.989510
0.041520
0.159185
0.535382
0.994992
0.019930
0.078130
0.288103
0.820399
0.589378
0.968046
0.123731
0.433687
0.982410
0.069122
0.257375
0.764533
0.720089
0.806243
0.624860
0.937639
0.233887
0.716735
0.812104
0.610365
0.951279
0.185391
0.604084
0.956666
0.165824
0.553305
0.988635
0.044945
0.171701
0.568878
0.981023
0.074466
0.275683
0.798728
0.643045
0.918152
0.300595
0.840951
0.535009
0.995097
0.019514
0.076534
0.282706
0.811133
0.612786
0.949117
0.193175
0.623433
0.939058
0.228914
0.706049
0.830175
0.563939
0.983647
0.064341
0.240806
0.731273
0.786051
0.672700
0.880699
0.420273
0.974575
0.099115
0.357166
0.918394
0.299785
0.839656
0.538535
0.994060
0.023618
0.092241
0.334930
0.891007
0.388454
0.950230
0.189173
0.613546
0.948429
0.195644
0.629471
0.932949
0.250220
0.750440
0.749120
0.751758
0.746472
0.757006
0.735792
0.777609
0.691734
0.852953
0.501697
0.999988
0.000046
0.000184
0.000736
0.002942
0.011734
0.046384
0.176930
0.582502
0.972774
0.105941
0.378869
0.941309
0.220985
0.688603
0.857716
0.488157
0.999439
0.002243
0.008951
0.035483
0.136895
0.472620
0.997001
0.011959
0.047264
0.180122
0.590711
0.967086
0.127324
0.444450
0.987657
0.048764
0.185545
0.604472
0.956342
0.167007
0.556462
0.987248
0.050356
0.191282
0.618774
0.943571
0.212979
0.670475
0.883753
0.410935
0.968270
0.122893
0.431163
0.981046
0.074380
0.275391
0.798203
0.644301
0.916709
0.305415
0.848547
0.514061
0.999209
0.003161
0.012603
0.049778
0.189201
0.613616
0.948365
0.195874
0.630029
0.932370
0.252225
0.754429
0.741063
0.767554
0.713659
0.817400
0.597029
0.962342
0.144961
0.495789
0.999929
0.000284
0.001134
0.004533
0.018049
0.070892
0.263465
0.776205
0.694843
0.848145
0.515182
0.999078
0.003684
0.014683
0.057868
0.218077
0.682078
0.867390
0.460099
0.993632
0.025311
0.098683
0.355778
0.916800
0.305110
0.848072
0.515383
0.999053
0.003783
0.015074
0.059386
0.223437
0.694053
0.849374
0.511750
0.999448
0.002208
0.008811
0.034935
0.134859
0.466687
0.995561
0.017677
0.069460
0.258540
0.766788
0.715296
0.814590
0.604132
0.956626
0.165970
0.553696
0.988467
0.045600
0.174081
0.575107
0.977436
0.088221
0.321752
0.872911
0.443749
0.987343
0.049986
0.189948
0.615471
0.946666
0.201958
0.644684
0.916267
0.306889
0.850832
0.507668
0.999765
0.000941
0.003759
0.014979
0.059017
0.222136
0.691166
0.853823
0.499238
0.999998
0.000010
0.000038
0.000153
0.000610
0.002439
0.009734
0.038557
0.148280
0.505171
0.999893
0.000428
0.001711
0.006832
0.027141
0.105619
0.377854
0.940321
0.224469
0.696332
0.845816
0.521646
0.998126
0.007483
0.029706
0.115295
0.408008
0.966150
0.130816
0.454812
0.991832
0.032405
0.125419
0.438756
0.984997
0.059112
0.222472
0.691912
0.852679
0.502471
0.999976
0.000098
0.000391
0.001563
0.006243
0.024817
0.096803
0.349728
0.909674
0.328670
0.882585
0.414516
0.970770
0.113503
0.402481
0.961960
0.146370
0.499785
1.000000
0.000001
0.000004
0.000015
0.000061
0.000244
0.000976
0.003901
0.015544
0.061209
0.229849
0.708073
0.826822
0.572750
0.978830
0.082888
0.304070
0.846445
0.519902
0.998416
0.006328
0.025150
0.098071
0.353812
0.914516
0.312706
0.859683
0.482512
0.998777
0.004887
0.019454
0.076301
0.281917
0.809759
0.616197
0.945993
0.204361
0.650390
0.909532
0.329135
0.883221
0.412567
0.969422
0.118571
0.418049
0.973136
0.104569
0.374539
0.937038
0.235991
0.721198
0.804286
0.629640
0.932774
0.250825
0.751648
0.746693
0.756570
0.736687
0.775917
0.695479
0.847152
0.517941
0.998712
0.005143
0.020468
0.080196
0.295059
0.831997
0.559113
0.986023
0.055128
0.208357
0.659777
0.897885
0.366751
0.928979
0.263908
0.777043
0.692989
0.851021
0.507137
0.999796
0.000815
0.003256
0.012983
0.051258
0.194521
0.626730
0.935758
0.240460
0.730555
0.787377
0.669658
0.884865
0.407515
0.965786
0.132173
0.458813
0.993215
0.026957
0.104923
0.375656
0.938154
0.232083
0.712882
0.818725
0.593658
0.964913
0.135425
0.468341
0.995991
0.015973
0.062870
0.235670
0.720519
0.805485
0.626716
0.935772
0.240411
0.730453
0.787565
0.669226
0.885450
0.405713
0.964440
0.137183
0.473456
0.997182
0.011242
0.044461
0.169937
0.564233
0.983497
0.064924
0.242837
0.735468
0.778219
0.690377
0.855026
0.495826
0.999930
0.000278
0.001114
0.004449
0.017717
0.069613
0.259067
0.767805
0.713122
0.818315
0.594702
0.964126
0.138347
0.476828
0.997852
0.008572
0.033996
0.131361
0.456421
0.992404
0.030155
0.116982
0.413190
0.969856
0.116941
0.413063
0.969768
0.117272
0.414077
0.970469
0.114636
0.405979
0.964640
0.136439
0.471293
0.996704
0.013142
0.051878
0.196747
0.632152
0.930144
0.259905
0.769418
0.709656
0.824177
0.579636
0.974632
0.098897
0.356466
0.917592
0.302469
0.843926
0.526861
0.997114
0.011511
0.045513
0.173765
0.574283
0.977928
0.086340
0.315541
0.863900
0.470308
0.996474
0.014056
0.055433
0.209441
0.662301
0.894633
0.377059
0.939542
0.227212
0.702348
0.836222
0.547820
0.990853
0.036254
0.139757
0.480899
0.998541
0.005829
0.023180
0.090570
0.329468
0.883675
0.411173
0.968439
0.122260
0.429249
0.979977
0.078488
0.289309
0.822437
0.584136
0.971684
0.110056
0.391773
0.953148
0.178628
0.586880
0.969807
0.117124
0.413624
0.970157
0.115810
0.409593
0.967306
0.126500
0.441992
0.986540
0.053114
0.201173
0.642809
0.918422
0.299691
0.839505
0.538945
0.993933
0.024120
0.094152
0.341149
0.899066
0.362986
0.924909
0.277811
0.802528
0.633908
0.928274
0.266325
0.781584
0.682843
0.866274
0.463373
0.994634
0.021349
0.083574
0.306359
0.850013
0.509965
0.999603
0.001588
0.006342
0.025206
0.098283
0.354493
0.915311
0.310068
0.855704
0.493900
0.999851
0.000595
0.002380
0.009496
0.037622
0.144825
0.495402
0.999915
0.000338
0.001352
0.005400
0.021482
0.084082
0.308049
0.852619
0.502640
0.999972
0.000112
0.000446
0.001784
0.007124
0.028294
0.109973
0.391515
0.952924
0.179438
0.588960
0.968345
0.122613
0.430316
0.980576
0.076186
0.281526
0.809076
0.617887
0.944411
0.209996
0.663592
0.892951
0.382358
0.944641
0.209177
0.661688
0.895428
0.374548
0.937047
0.235960
0.721132
0.804403
0.629355
0.933069
0.249804
0.749609
0.750782
0.748433
0.753124
0.743713
0.762416
0.724551
0.798307
0.644051
0.916998
0.304452
0.847044
0.518243
0.998669
0.005318
0.021158
0.082841
0.303913
0.846200
0.520582
0.998305
0.006767
0.026883
0.104641
0.374765
0.937265
0.235199
0.719521
0.807241
0.622411
0.940063
0.225380
0.698335
0.842653
0.530357
0.996314
0.014690
0.057898
0.218185
