0.100000
0.344236
0.863410
0.451077
0.947055
0.191784
0.592860
0.923228
0.271096
0.755800
0.705937
0.793998
0.625611
0.895861
0.356835
0.877815
0.410237
0.925392
0.264074
0.743316
0.729769
0.754281
0.708900
0.789298
0.636097
0.885364
0.388200
0.908402
0.318256
0.829873
0.540006
0.950088
0.181375
0.567906
0.938573
0.220517
0.657449
0.861391
0.456672
0.949030
0.185017
0.576731
0.933690
0.236806
0.691259
0.816297
0.573557
0.935515
0.230740
0.678905
0.833788
0.530068
0.952752
0.172177
0.545163
0.948408
0.187149
0.581851
0.930585
0.247071
0.711523
0.785079
0.645364
0.875388
0.417228
0.930005
0.248979
0.715202
0.779075
0.658321
0.860338
0.459578
0.949961
0.181816
0.568978
0.938012
0.222399
0.661458
0.856501
0.470099
0.952790
0.172045
0.544831
0.948523
0.186757
0.580913
0.931169
0.245147
0.707786
0.791073
0.632157
0.889408
0.376218
0.897605
0.351541
0.871910
0.427169
0.935922
0.229384
0.676105
0.837591
0.520303
0.954633
0.165648
0.528626
0.953076
0.171056
0.542347
0.949351
0.183912
0.574063
0.935229
0.231691
0.680861
0.831096
0.536913
0.950998
0.178239
0.560224
0.942338
0.207832
0.629712
0.891856
0.368902
0.890474
0.373038
0.894556
0.360779
0.882075
0.397853
0.916302
0.293337
0.792853
0.628181
0.893367
0.364364
0.885844
0.386786
0.907185
0.322052
0.835095
0.526725
0.953478
0.169660
0.538827
0.950444
0.180151
0.564915
0.940092
0.215410
0.646431
0.874198
0.420640
0.932121
0.242003
0.701619
0.800729
0.610299
0.909677
0.314266
0.824265
0.554038
0.945041
0.198656
0.608882
0.910865
0.310538
0.818915
0.567199
0.938938
0.219290
0.654820
0.864531
0.447953
0.945849
0.195903
0.602508
0.916019
0.294237
0.794272
0.624994
0.896453
0.355041
0.875838
0.415935
0.929180
0.251691
0.720380
0.770448
0.676454
0.837120
0.521516
0.954439
0.166323
0.530351
0.952687
0.172404
0.545731
0.948211
0.187826
0.583469
0.929562
0.250436
0.717991
0.774453
0.668107
0.848121
0.492686
0.956005
0.160869
0.516316
0.955192
0.163705
0.523642
0.954072
0.167599
0.533601
0.951892
0.175155
0.552596
0.945629
0.196652
0.604249
0.914642
0.298612
0.801086
0.609477
0.910368
0.312099
0.821167
0.561685
0.941656
0.210136
0.634842
0.886665
0.384359
0.905061
0.328653
0.843913
0.503822
0.956154
0.160350
0.514969
0.955353
0.163144
0.522197
0.954326
0.166718
0.531359
0.952449
0.173228
0.547793
0.947473
0.190353
0.589479
0.925586
0.263441
0.742171
0.731895
0.750528
0.716146
0.777517
0.661638
0.856279
0.470706
0.952928
0.171569
0.543637
0.948927
0.185369
0.577580
0.933190
0.238466
0.694591
0.811380
0.585364
0.928339
0.254451
0.725594
0.761554
0.694552
0.811439
0.585224
0.928430
0.254152
0.725033
0.762522
0.692611
0.814312
0.578347
0.932732
0.239982
0.697615
0.806843
0.596090
0.920894
0.278633
0.768781
0.679892
0.832434
0.533518
0.951913
0.175081
0.552412
0.945703
0.196401
0.603664
0.915107
0.297137
0.798805
0.614711
0.905880
0.326110
0.840555
0.512613
0.955602
0.162277
0.519962
0.954686
0.165465
0.528159
0.953177
0.170704
0.541461
0.949635
0.182936
0.571700
0.936547
0.227298
0.671770
0.843359
0.505279
0.956103
0.160527
0.515429
0.955300
0.163330
0.522676
0.954243
0.167004
0.532088
0.952272
0.173840
0.549321
0.946906
0.192294
0.594064
0.922368
0.273879
0.760643
0.696370
0.808720
0.591671
0.924068
0.268376
0.751009
0.715224
0.779039
0.658398
0.860245
0.459837
0.950040
0.181541
0.568310
0.938362
0.221223
0.658957
0.859567
0.461703
0.950600
0.179612
0.563596
0.940740
0.213227
0.641660
0.879455
0.405486
0.922043
0.274927
0.762452
0.692752
0.814105
0.578844
0.932434
0.240969
0.699575
0.803866
0.603045
0.915597
0.295582
0.796382
0.620228
0.900923
0.341408
0.860009
0.460485
0.950238
0.180862
0.566653
0.939218
0.218351
0.652801
0.866907
0.441307
0.943034
0.205474
0.624422
0.896998
0.353387
0.873994
0.421224
0.932474
0.240836
0.699310
0.804270
0.602105
0.916334
0.293234
0.792689
0.628547
0.893007
0.365446
0.886962
0.383480
0.904280
0.331068
0.847056
0.495515
0.956133
0.160424
0.515160
0.955331
0.163220
0.522393
0.954292
0.166835
0.531657
0.952377
0.173476
0.548413
0.947245
0.191134
0.591326
0.924309
0.267593
0.749618
0.717887
0.774626
0.667743
0.848588
0.491439
0.955930
0.161133
0.517001
0.955105
0.164009
0.524423
0.953929
0.168097
0.534868
0.951560
0.176301
0.555440
0.944454
0.200654
0.613474
0.906960
0.322755
0.836049
0.524275
0.953956
0.168002
0.534625
0.951624
0.176078
0.554887
0.944688
0.199859
0.611651
0.908529
0.317858
0.829319
0.541403
0.949654
0.182872
0.571545
0.936632
0.227014
0.671177
0.844136
0.503235
0.956170
0.160295
0.514826
0.955369
0.163087
0.522050
0.954350
0.166632
0.531140
0.952501
0.173046
0.547338
0.947639
0.189786
0.588136
0.926499
0.260467
0.736756
0.741814
0.732555
0.749355
0.718390
0.773788
0.669500
0.846321
0.497465
0.956185
0.160241
0.514686
0.955385
0.163032
0.521908
0.954374
0.166549
0.530928
0.952551
0.172872
0.546904
0.947795
0.189250
0.586863
0.927351
0.257684
0.731627
0.751003
0.715236
0.779018
0.658442
0.860192
0.459983
0.950085
0.181387
0.567934
0.938559
0.220565
0.657551
0.861268
0.457012
0.949142
0.184632
0.575803
0.934232
0.235007
0.687625
0.821564
0.560709
0.942113
0.208591
0.631407
0.890163
0.373964
0.895452
0.358072
0.879164
0.406330
0.922650
0.272967
0.759062
0.699514
0.803960
0.602827
0.915768
0.295035
0.795526
0.622165
0.899127
0.346903
0.866561
0.442279
0.943467
0.204007
0.621108
0.900111
0.343896
0.863005
0.452201
0.947471
0.190360
0.589496
0.925575
0.263479
0.742240
0.731768
0.750754
0.715713
0.778232
0.660118
0.858150
0.465594
0.951682
0.175878
0.554392
0.944894
0.199156
0.610034
0.909901
0.313566
0.823268
0.556506
0.943997
0.202205
0.617016
0.903837
0.332438
0.848819
0.490823
0.955888
0.161279
0.517379
0.955055
0.164182
0.524868
0.953845
0.168389
0.535608
0.951360
0.176990
0.557143
0.943721
0.203144
0.619152
0.901908
0.338383
0.856305
0.470633
0.952911
0.171626
0.543779
0.948879
0.185533
0.577972
0.932956
0.239240
0.696136
0.809071
0.590843
0.924645
0.266501
0.747672
0.721589
0.768404
0.680665
0.831368
0.536224
0.951191
0.177574
0.558586
0.943082
0.205312
0.624056
0.897346
0.352330
0.872804
0.424622
0.934478
0.234191
0.685968
0.823932
0.554863
0.944697
0.199826
0.611575
0.908595
0.317655
0.829035
0.542118
0.949425
0.183658
0.573449
0.935576
0.230537
0.678488
0.834359
0.528609
0.953080
0.171043
0.542313
0.949362
0.183874
0.573973
0.935280
0.231521
0.680513
0.831578
0.535691
0.951338
0.177068
0.557336
0.943636
0.203431
0.619804
0.901312
0.340214
0.858556
0.464480
0.951384
0.176907
0.556939
0.943810
0.202843
0.618468
0.902530
0.336470
0.853926
0.477096
0.954203
0.167142
0.532440
0.952185
0.174140
0.550071
0.946621
0.193269
0.596355
0.920699
0.279259
0.769839
0.677712
0.835415
0.525903
0.953644
0.169086
0.537375
0.950867
0.178692
0.561337
0.941820
0.209583
0.633614
0.887926
0.380623
0.901703
0.339015
0.857085
0.468507
0.952416
0.173339
0.548072
0.947371
0.190703
0.590307
0.925017
0.265293
0.745509
0.725668
0.761425
0.694808
0.811056
0.586134
0.927833
0.256106
0.728692
0.756170
0.705212
0.795138
0.623041
0.898306
0.349409
0.869472
0.434082
0.939591
0.217099
0.650096
0.870041
0.432473
0.938769
0.219859
0.656040
0.863081
0.451988
0.947393
0.190627
0.590129
0.925140
0.264892
0.744789
0.727019
0.759088
0.699462
0.804038
0.602645
0.915911
0.294581
0.794813
0.623774
0.897613
0.351517
0.871883
0.427247
0.935965
0.229240
0.675808
0.837991
0.519269
0.954790
0.165104
0.527233
0.953373
0.170024
0.539745
0.950168
0.181101
0.567238
0.938918
0.219358
0.654965
0.864359
0.448433
0.946039
0.195255
0.600998
0.917194
0.290492
0.788325
0.638247
0.883109
0.394828
0.913903
0.300955
0.804675
0.601163
0.917067
0.290899
0.788975
0.636810
0.884621
0.390390
0.910257
0.312449
0.821669
0.560450
0.942233
0.208185
0.630501
0.891071
0.371253
0.892810
0.366038
0.887570
0.381678
0.902662
0.336064
0.853418
0.478472
0.954437
0.166330
0.530368
0.952683
0.172418
0.545766
0.948199
0.187868
0.583570
0.929498
0.250649
0.718396
0.773777
0.669525
0.846290
0.497549
0.956187
0.160235
0.514670
0.955387
0.163026
0.521893
0.954377
0.166540
0.530905
0.952557
0.172853
0.546857
0.947812
0.189192
0.586724
0.927443
0.257383
0.731068
0.751992
0.713333
0.782139
0.651745
0.868138
0.437847
0.941435
0.210884
0.636498
0.884947
0.389430
0.909449
0.314982
0.825280
0.551515
0.946060
0.195185
0.600836
0.917320
0.290093
0.787683
0.639660
0.881607
0.399223
0.917365
0.289949
0.787453
0.640167
0.881064
0.400805
0.918575
0.286078
0.781176
0.653819
0.865713
0.444652
0.944493
0.200521
0.613169
0.907225
0.321929
0.834927
0.527155
0.953390
0.169968
0.539603
0.950211
0.180953
0.566875
0.939104
0.218733
0.653624
0.865943
0.444009
0.944219
0.201451
0.615297
0.905365
0.327708
0.842672
0.507082
0.956018
0.160825
0.516201
0.955206
0.163655
0.523514
0.954095
0.167518
0.533396
0.951944
0.174973
0.552145
0.945810
0.196037
0.602819
0.915775
0.295015
0.795495
0.622234
0.899062
0.347102
0.866794
0.441625
0.943176
0.204992
0.623335
0.898029
0.350253
0.870441
0.431341
0.938179
0.221836
0.660263
0.857972
0.466080
0.951809
0.175439
0.553303
0.945343
0.197628
0.606510
0.912819
0.304381
0.809846
0.589008
0.925908
0.262393
0.740271
0.735401
0.744262
0.728004
0.757372
0.702851
0.798823
0.614671
0.905916
0.326000
0.840409
0.512993
0.955564
0.162407
0.520298
0.954634
0.165645
0.528619
0.953077
0.171050
0.542332
0.949356
0.183895
0.574024
0.935252
0.231617
0.680708
0.831308
0.536376
0.951149
0.177720
0.558945
0.942920
0.205859
0.625289
0.896170
0.355897
0.876785
0.413209
0.927399
0.257528
0.731338
0.751516
0.714250
0.780638
0.654974
0.864350
0.448460
0.946050
0.195218
0.600913
0.917260
0.290283
0.787989
0.638987
0.882324
0.397126
0.915732
0.295152
0.795709
0.621751
0.899513
0.345726
0.865177
0.446153
0.945120
0.198388
0.608266
0.911377
0.308927
0.816569
0.572899
0.935884
0.229511
0.676368
0.837235
0.521220
0.954488
0.166155
0.529921
0.952786
0.172061
0.544871
0.948509
0.186803
0.581023
0.931101
0.245372
0.708225
0.790374
0.633710
0.887828
0.380914
0.901968
0.338198
0.856077
0.471256
0.953050
0.171145
0.542572
0.949278
0.184163
0.574670
0.934884
0.232841
0.683215
0.827818
0.545174
0.948405
0.187161
0.581881
0.930566
0.247132
0.711642
0.784886
0.645785
0.874919
0.418573
0.930850
0.246198
0.709831
0.787807
0.639388
0.881897
0.398376
0.916709
0.292040
0.790796
0.632772
0.888784
0.378074
0.899350
0.346223
0.865762
0.444515
0.944435
0.200718
0.613620
0.906834
0.323147
0.836581
0.522907
0.954203
0.167144
0.532444
0.952184
0.174144
0.550080
0.946617
0.193280
0.596380
0.920681
0.279319
0.769940
0.677502
0.835700
0.525171
0.953787
0.168590
0.536117
0.951221
0.177473
0.558335
0.943194
0.204931
0.623197
0.898159
0.349857
0.869987
0.432626
0.938848
0.219594
0.655472
0.863758
0.450109
0.946689
0.193034
0.595802
0.921105
0.277953
0.767626
0.682260
0.829153
0.541820
0.949521
0.183329
0.572653
0.936021
0.229054
0.675421
0.838510
0.517926
0.954981
0.164439
0.525528
0.953717
0.168830
0.536727
0.951051
0.178058
0.559779
0.942542
0.207140
0.628165
0.893382
0.364319
0.885798
0.386921
0.907303
0.321687
0.834597
0.528000
0.953211
0.170586
0.541163
0.949729
0.182612
0.570915
0.936975
0.225867
0.668777
0.847257
0.494982
0.956114
0.160491
0.515335
0.955311
0.163291
0.522577
0.954260
0.166945
0.531937
0.952309
0.173712
0.549002
0.947026
0.191884
0.593097
0.923060
0.271641
0.756754
0.704067
0.796930
0.618983
0.902062
0.337910
0.855719
0.472231
0.953261
0.170415
0.540733
0.949864
0.182148
0.569786
0.937583
0.223835
0.664501
0.852708
0.480388
0.954739
0.165281
0.527687
0.953278
0.170355
0.540579
0.949912
0.181984
0.569388
0.937795
0.223125
0.662999
0.854589
0.475300
0.953876
0.168278
0.535327
0.951437
0.176727
0.556493
0.944003
0.202186
0.616973
0.903876
0.332318
0.848666
0.491233
0.955916
0.161181
0.517125
0.955088
0.164065
0.524568
0.953901
0.168192
0.535108
0.951496
0.176523
0.555988
0.944220
0.201448
0.615289
0.905372
0.327687
0.842644
0.507155
0.956014
0.160838
0.516237
0.955202
0.163670
0.523553
0.954088
0.167543
0.533460
0.951928
0.175029
0.552284
0.945754
0.196226
0.603258
0.915428
0.296116
0.797217
0.618332
0.902653
0.336091
0.853452
0.478380
0.954422
0.166382
0.530502
0.952652
0.172525
0.546036
0.948104
0.188192
0.584344
0.929001
0.252281
0.721499
0.768556
0.680354
0.831797
0.535136
0.951488
0.176549
0.556054
0.944192
0.201543
0.615507
0.905180
0.328284
0.843430
0.505093
0.956111
0.160501
0.515362
0.955307
0.163302
0.522605
0.954256
0.166962
0.531980
0.952298
0.173748
0.549093
0.946992
0.192000
0.593371
0.922864
0.272274
0.757857
0.701895
0.800303
0.611279
0.908847
0.316865
0.827931
0.544890
0.948502
0.186827
0.581079
0.931066
0.245485
0.708445
0.790023
0.634490
0.887028
0.383286
0.904108
0.331603
0.847746
0.493681
0.956057
0.160688
0.515846
0.955250
0.163504
0.523124
0.954165
0.167277
0.532783
0.952099
0.174436
0.550808
0.946336
0.194241
0.598631
0.919002
0.284711
0.778932
0.658627
0.859968
0.460600
0.950272
0.180742
0.566362
0.939366
0.217853
0.651727
0.868158
0.437791
0.941408
0.210975
0.636700
0.884736
0.390051
0.909972
0.313342
0.822949
0.557296
0.943654
0.203371
0.619668
0.901437
0.339832
0.858088
0.465761
0.951726
0.175727
0.554016
0.945050
0.198625
0.608811
0.910925
0.310351
0.818643
0.567862
0.938596
0.220439
0.657283
0.861591
0.456119
0.948845
0.185650
0.578255
0.932787
0.239800
0.697252
0.807391
0.594803
0.921834
0.275604
0.763615
0.690410
0.817536
0.570555
0.937170
0.225215
0.667409
0.849015
0.490300
0.955850
0.161411
0.517721
0.955009
0.164341
0.525278
0.953766
0.168662
0.536299
0.951170
0.177646
0.558763
0.943002
0.205581
0.624663
0.896768
0.354084
0.874773
0.418992
0.931110
0.245341
0.708164
0.790471
0.633496
0.888047
0.380265
0.901375
0.340020
0.858319
0.465130
0.951559
0.176303
0.555443
0.944453
0.200658
0.613483
0.906952
0.322777
0.836080
0.524196
0.953971
0.167951
0.534496
0.951659
0.175960
0.554594
0.944810
0.199442
0.610693
0.909344
0.315309
0.825742
0.550365
0.946508
0.193655
0.597259
0.920029
0.281414
0.773459
0.670189
0.845426
0.499833
0.956210
0.160156
0.514463
0.955410
0.162945
0.521686
0.954411
0.166420
0.530599
0.952629
0.172604
0.546233
0.948035
0.188431
0.584912
0.928633
0.253488
0.723781
0.764669
0.688281
0.820621
0.563025
0.941017
0.212293
0.639609
0.881662
0.399062
0.917241
0.290344
0.788086
0.638772
0.882553
0.396458
0.915204
0.296828
0.798325
0.615807
0.904914
0.329106
0.844507
0.502259
0.956190
0.160224
0.514640
0.955390
0.163014
0.521862
0.954382
0.166522
0.530859
0.952568
0.172816
0.546762
0.947846
0.189076
0.586449
0.927625
0.256787
0.729960
0.753946
0.709551
0.788254
0.638402
0.882945
0.395309
0.914289
0.299733
0.802807
0.605502
0.913637
0.301797
0.805953
0.598177
0.919343
0.283616
0.777123
0.662473
0.855244
0.473522
0.953528
0.169486
0.538387
0.950574
0.179703
0.563819
0.940632
0.213592
0.642459
0.878586
0.408006
0.923841
0.269113
0.752312
0.712716
0.783143
0.649574
0.870640
0.430778
0.937882
0.222831
0.662377
0.855364
0.473197
0.953462
0.169716
0.538968
0.950402
0.180295
0.565268
0.939916
0.216002
0.647718
0.872750
0.424778
0.934568
0.233892
0.685359
0.824796
0.552718
0.945580
0.196821
0.604639
0.914330
0.299601
0.802605
0.605969
0.913259
0.302992
0.807760
0.593935
0.922461
0.273579
0.760124
0.697404
0.807162
0.595341
0.921442
0.276866
0.765776
0.686035
0.823837
0.555098
0.944598
0.200162
0.612347
0.907934
0.319718
0.831897
0.534882
0.951556
0.176314
0.555472
0.944441
0.200699
0.613577
0.906870
0.323033
0.836426
0.523304
0.954133
0.167388
0.533065
0.952028
0.174682
0.551420
0.946097
0.195057
0.600537
0.917549
0.289359
0.786503
0.642253
0.878811
0.407354
0.923380
0.270604
0.754938
0.707622
0.791334
0.631575
0.889994
0.374469
0.895938
0.356600
0.877558
0.410978
0.925899
0.262424
0.740326
0.735300
0.744444
0.727666
0.757962
0.701688
0.800623
0.610544
0.909471
0.314913
0.825182
0.551758
0.945964
0.195512
0.601597
0.916730
0.291973
0.790689
0.633011
0.888541
0.378797
0.900022
0.344167
0.863328
0.451304
0.947140
0.191493
0.592175
0.923713
0.269526
0.753042
0.711305
0.785431
0.644597
0.876239
0.414782
0.928434
0.254139
0.725008
0.762564
0.692526
0.814438
0.578044
0.932913
0.239382
0.696420
0.808644
0.591852
0.923941
0.268787
0.751736
0.713825
0.781333
0.653480
0.866112
0.443537
0.944016
0.202141
0.616870
0.903968
0.332035
0.848302
0.492201
0.955977
0.160967
0.516570
0.955160
0.163816
0.523928
0.954020
0.167780
0.534062
0.951772
0.175566
0.553618
0.945214
0.198068
0.607526
0.911988
0.307005
0.813746
0.579705
0.931911
0.242697
0.702987
0.798612
0.615152
0.905493
0.327312
0.842149
0.508451
0.955937
0.161108
0.516936
0.955113
0.163980
0.524348
0.953942
0.168049
0.534745
0.951592
0.176188
0.555161
0.944572
0.200251
0.612551
0.907758
0.320267
0.832653
0.532961
0.952055
0.174591
0.551195
0.946185
0.194756
0.599834
0.918089
0.287635
0.783714
0.648334
0.872052
0.426764
0.935696
0.230138
0.677664
0.835481
0.525733
0.953677
0.168970
0.537080
0.950951
0.178402
0.560625
0.942152
0.208460
0.631115
0.890456
0.373089
0.894606
0.360629
0.881915
0.398322
0.916667
0.292174
0.791009
0.632299
0.889264
0.376647
0.898011
0.350306
0.870501
0.431169
0.938089
0.222138
0.660905
0.857184
0.468237
0.952351
0.173566
0.548637
0.947162
0.191419
0.592000
0.923837
0.269125
0.752333
0.712674
0.783211
0.649425
0.870810
0.430295
0.937626
0.223691
0.664196
0.853091
0.479355
0.954580
0.165834
0.529103
0.952970
0.171421
0.543264
0.949051
0.184944
0.576555
0.933794
0.236463
0.690568
0.817306
0.571113
0.936867
0.226227
0.669533
0.846279
0.497577
0.956188
0.160234
0.514666
0.955387
0.163024
0.521888
0.954378
0.166538
0.530899
0.952558
0.172848
0.546843
0.947817
0.189176
0.586686
0.927468
0.257300
0.730914
0.752265
0.712806
0.782997
0.649890
0.870278
0.431803
0.938421
0.221025
0.658535
0.860079
0.460292
0.950179
0.181063
0.567144
0.938967
0.219195
0.654617
0.864772
0.447282
0.945580
0.196820
0.604637
0.914332
0.299595
0.802596
0.605990
0.913242
0.303046
0.807842
0.593744
0.922598
0.273136
0.759355
0.698931
0.804847
0.600760
0.917378
0.289907
0.787385
0.640316
0.880904
0.401272
0.918929
0.284946
0.779318
0.657802
0.860966
0.457848
0.949414
0.183696
0.573541
0.935525
0.230708
0.678840
0.833877
0.529840
0.952804
0.171996
0.544708
0.948565
0.186612
0.580566
0.931384
0.244438
0.706403
0.793264
0.627260
0.894267
0.361653
0.883003
0.395140
0.914154
0.300161
0.803463
0.603981
0.914856
0.297935
0.800041
0.611880
0.908334
0.318469
0.830168
0.539261
0.950314
0.180598
0.566008
0.939545
0.217252
0.650427
0.869661
0.433549
0.939321
0.218006
0.652056
0.867775
0.438867
0.941916
0.209260
0.632896
0.888658
0.378449
0.899700
0.345154
0.864501
0.448038
0.945883
0.195787
0.602239
0.916230
0.293567
0.793216
0.627367
0.894162
0.361968
0.883335
0.394165
0.913368
0.302649
0.807242
0.595154
0.921579
0.276425
0.765023
0.687564
0.821652
0.560493
0.942213
0.208252
0.630652
0.890920
0.371704
0.893254
0.364703
0.886195
0.385748
0.906283
0.324861
0.838888
0.516947
0.955112
0.163984
0.524360
0.953940
0.168056
0.534763
0.951588
0.176205
0.555201
0.944555
0.200310
0.612684
0.907643
0.320626
0.833145
0.531708
0.952365
0.173519
0.548521
0.947205
0.191270
0.591649
0.924083
0.268325
0.750919
0.715397
0.778753
0.659007
0.859506
0.461870
0.950649
0.179444
0.563184
0.940940
0.212553
0.640180
0.881051
0.400845
0.918605
0.285982
0.781019
0.654156
0.865316
0.445763
0.944959
0.198936
0.609529
0.910325
0.312235
0.821362
0.561205
0.941882
0.209373
0.633148
0.888402
0.379211
0.900406
0.342994
0.861924
0.455199
0.948533
0.186722
0.580828
0.931221
0.244974
0.707449
0.791608
0.630964
0.890608
0.372636
0.894165
0.361960
0.883327
0.394189
0.913387
0.302587
0.807149
0.595372
0.921420
0.276937
0.765898
0.685788
0.824187
0.554229
0.944962
0.198926
0.609504
0.910346
0.312170
0.821269
0.561435
0.941774
0.209737
0.633957
0.887575
0.381663
0.902649
0.336105
0.853468
0.478335
0.954415
0.166408
0.530568
0.952636
0.172579
0.546171
0.948057
0.188355
0.584733
0.928749
0.253106
0.723060
0.765902
0.685778
0.824201
0.554194
0.944976
0.198876
0.609391
0.910441
0.311871
0.820839
0.562489
0.941274
0.211425
0.637695
0.883691
0.393121
0.912518
0.305332
0.811265
0.585637
0.928160
0.255037
0.726694
0.759651
0.698345
0.805739
0.598679
0.918965
0.284828
0.779124
0.658216
0.860465
0.459229
0.949852
0.182189
0.569887
0.937529
0.224015
0.664881
0.852229
0.481681
0.954926
0.164628
0.526014
0.953622
0.169163
0.537569
0.950811
0.178884
0.561810
0.941597
0.210335
0.635283
0.886209
0.385705
0.906245
0.324977
0.839043
0.516543
0.955163
0.163804
0.523897
0.954026
0.167759
0.534010
0.951786
0.175520
0.553502
0.945261
0.197906
0.607152
0.912295
0.306037
0.812314
0.583135
0.929775
0.249738
0.716655
0.776674
0.663425
0.854057
0.476741
0.954141
0.167360
0.532995
0.952046
0.174620
0.551267
0.946157
0.194851
0.600057
0.917918
0.288181
0.784600
0.646409
0.874222
0.420572
0.932080
0.242140
0.701889
0.800313
0.611255
0.908867
0.316802
0.827843
0.545112
0.948426
0.187089
0.581707
0.930675
0.246774
0.710949
0.786007
0.643339
0.877625
0.410785
0.925767
0.262853
0.741106
0.733864
0.747020
0.722822
0.766308
0.684954
0.825371
0.551289
0.946148
0.194882
0.600128
0.917863
0.288356
0.784883
0.645793
0.874911
0.418598
0.930866
0.246147
0.709732
0.787965
0.639041
0.882267
0.397294
0.915863
0.294734
0.795053
0.623233
0.898124
0.349961
0.870106
0.432288
0.938673
0.220179
0.656726
0.862260
0.454268
0.948211
0.187827
0.583472
0.929560
0.250444
0.718005
0.774430
0.668155
0.848058
0.492851
0.956014
0.160838
0.516234
0.955202
0.163669
0.523551
0.954089
0.167541
0.533455
0.951929
0.175025
0.552275
0.945758
0.196213
0.603229
0.915451
0.296043
0.797102
0.618592
0.902417
0.336816
0.854359
0.475924
0.953993
0.167873
0.534299
0.951710
0.175781
0.554151
0.944994
0.198815
0.609250
0.910558
0.311502
0.820307
0.563794
0.940644
0.213551
0.642370
0.878683
0.407725
0.923643
0.269754
0.753443
0.710528
0.786686
0.641852
0.879247
0.406090
0.922478
0.273522
0.760025
0.697601
0.806865
0.596041
0.920930
0.278516
0.768581
0.680301
0.831870
0.534952
0.951538
0.176378
0.555630
0.944373
0.200928
0.614101
0.906414
0.324451
0.838339
0.518369
0.954919
0.164653
0.526077
0.953609
0.169206
0.537679
0.950780
0.178993
0.562077
0.941471
0.210762
0.636230
0.885227
0.388605
0.908748
0.317174
0.828364
0.543806
0.948870
0.185563
0.578047
0.932912
0.239387
0.696429
0.808630
0.591884
0.923918
0.268861
0.751866
0.713575
0.781742
0.652599
0.867143
0.440645
0.942735
0.206486
0.626698
0.894812
0.360008
0.881252
0.400259
0.918160
0.287408
0.783346
0.649134
0.871142
0.429351
0.937119
0.225385
0.667766
0.848558
0.491519
0.955935
0.161115
0.516954
0.955111
0.163987
0.524368
0.953939
0.168062
0.534778
0.951584
0.176218
0.555233
0.944541
0.200356
0.612792
0.907550
0.320914
0.833541
0.530699
0.952605
0.172685
0.546436
0.947962
0.188678
0.585501
0.928249
0.254746
0.726147
0.760598
0.696460
0.808585
0.591991
0.923843
0.269105
0.752298
0.712742
0.783101
0.649664
0.870536
0.431071
0.938037
0.222313
0.661276
0.856726
0.469486
0.952649
0.172536
0.546062
0.948095
0.188224
0.584418
0.928952
0.252439
0.721798
0.768049
0.681395
0.830357
0.538783
0.950457
0.180106
0.564806
0.940146
0.215229
0.646036
0.874639
0.419377
0.931348
0.244556
0.706633
0.792901
0.628074
0.893472
0.364048
0.885516
0.387752
0.908018
0.319455
0.831533
0.535806
0.951306
0.177177
0.557605
0.943518
0.203833
0.620714
0.900475
0.342781
0.861668
0.455907
0.948774
0.185896
0.578845
0.932433
0.240973
0.699582
0.803855
0.603070
0.915577
0.295644
0.796479
0.620007
0.901126
0.340785
0.859252
0.462568
0.950851
0.178749
0.561477
0.941754
0.209805
0.634108
0.887421
0.382121
0.903062
0.334830
0.851864
0.482663
0.955060
0.164162
0.524818
0.953854
0.168356
0.535523
0.951383
0.176910
0.556947
0.943806
0.202854
0.618493
0.902507
0.336540
0.854013
0.476860
0.954162
0.167287
0.532808
0.952093
0.174458
0.550862
0.946315
0.194311
0.598796
0.918877
0.285111
0.779590
0.657221
0.861666
0.455912
0.948775
0.185890
0.578831
0.932441
0.240944
0.699525
0.803942
0.602869
0.915736
0.295140
0.795690
0.621794
0.899473
0.345846
0.865319
0.445755
0.944955
0.198948
0.609556
0.910303
0.312305
0.821463
0.560957
0.941998
0.208982
0.632278
0.889285
0.376583
0.897951
0.350489
0.870712
0.430574
0.937774
0.223194
0.663144
0.854408
0.475792
0.953968
0.167959
0.534516
0.951653
0.175978
0.554640
0.944791
0.199508
0.610845
0.909216
0.315711
0.826309
0.548950
0.947045
0.191817
0.592940
0.923172
0.271280
0.756121
0.705308
0.794988
0.623380
0.897986
0.350383
0.870590
0.430919
0.937957
0.222581
0.661844
0.856024
0.471400
0.953082
0.171036
0.542296
0.949368
0.183855
0.573927
0.935307
0.231434
0.680332
0.831827
0.535060
0.951509
0.176478
0.555877
0.944268
0.201285
0.614918
0.905699
0.326674
0.841305
0.510657
0.955776
0.161671
0.518393
0.954916
0.164665
0.526108
0.953603
0.169228
0.537733
0.950764
0.179047
0.562210
0.941407
0.210976
0.636703
0.884733
0.390060
0.909980
0.313317
0.822913
0.557384
0.943615
0.203503
0.619966
0.901164
0.340670
0.859113
0.462952
0.950960
0.178371
0.560549
0.942187
0.208340
0.630848
0.890724
0.372290
0.893827
0.362978
0.884398
0.391044
0.910804
0.310732
0.819194
0.566516
0.939287
0.218117
0.652297
0.867496
0.439654
0.942281
0.208022
0.630139
0.891432
0.370171
0.891741
0.369248
0.890820
0.372003
0.893547
0.363822
0.885280
0.388448
0.908614
0.317594
0.828950
0.542332
0.949356
0.183896
0.574026
0.935251
0.231620
0.680716
0.831297
0.536403
0.951141
0.177746
0.559009
0.942892
0.205955
0.625506
0.895962
0.356529
0.877479
0.411206
0.926053
0.261919
0.739408
0.736984
0.741402
0.733318
0.747996
0.720975
0.769444
0.678526
0.834306
0.528743
0.953050
0.171145
0.542570
0.949279
0.184161
0.574667
0.934886
0.232833
0.683201
0.827839
0.545123
0.948423
0.187101
0.581735
0.930658
0.246832
0.711060
0.785827
0.643732
0.877193
0.412032
0.926612
0.260097
0.736076
0.743044
0.730276
0.753391
0.710629
0.786523
0.642207
0.878861
0.407210
0.923278
0.270934
0.755516
0.706493
0.793122
0.627578
0.893956
0.362589
0.883990
0.392244
0.911798
0.307602
0.814626
0.577590
0.933184
0.238486
0.694631
0.811320
0.585505
0.928246
0.254754
0.726163
0.760571
0.696514
0.808504
0.592183
0.923708
0.269543
0.753071
0.711249
0.785523
0.644397
0.876461
0.414143
0.928016
0.255509
0.727577
0.758116
0.701384
0.801092
0.609463
0.910380
0.312061
0.821113
0.561817
0.941594
0.210347
0.635310
0.886182
0.385787
0.906317
0.324755
0.838745
0.517315
0.955063
0.164152
0.524792
0.953859
0.168339
0.535480
0.951395
0.176870
0.556847
0.943850
0.202706
0.618156
0.902812
0.335602
0.852837
0.480040
0.954686
0.165464
0.528155
0.953178
0.170702
0.541454
0.949637
0.182928
0.571680
0.936558
0.227262
0.671696
0.843455
0.505025
0.956113
0.160492
0.515338
0.955310
0.163292
0.522580
0.954260
0.166947
0.531941
0.952308
0.173715
0.549011
0.947023
0.191895
0.593124
0.923041
0.271703
0.756862
0.703855
0.797262
0.618229
0.902746
0.335804
0.853092
0.479353
0.954580
0.165835
0.529105
0.952970
0.171422
0.543267
0.949050
0.184947
0.576564
0.933789
0.236479
0.690601
0.817258
0.571229
0.936804
0.226438
0.669973
0.845707
0.499091
0.956207
0.160166
0.514491
0.955407
0.162956
0.521713
0.954407
0.166436
0.530639
0.952619
0.172637
0.546314
0.948006
0.188530
0.585148
0.928479
0.253991
0.724730
0.763043
0.691564
0.815851
0.574638
0.934902
0.232779
0.683090
0.827994
0.544732
0.948557
0.186641
0.580634
0.931342
0.244577
0.706674
0.792835
0.628222
0.893326
0.364486
0.885970
0.386412
0.906861
0.323062
0.836466
0.523202
0.954151
0.167325
0.532905
0.952069
0.174542
0.551072
0.946233
0.194591
0.599450
0.918381
0.286700
0.782192
0.651629
0.868272
0.437468
0.941254
0.211494
0.637847
0.883532
0.393589
0.912900
0.304126
0.809463
0.589914
0.925288
0.264413
0.743926
0.728633
0.756275
0.705007
0.795459
0.622316
0.898986
0.347334
0.867065
0.440864
0.942834
0.206151
0.625945
0.895540
0.357807
0.878877
0.407164
0.923246
0.271040
0.755702
0.706129
0.793696
0.626291
0.895206
0.358815
0.879969
0.403993
0.920955
0.278436
0.768446
0.680580
0.831485
0.535928
0.951273
0.177292
0.557889
0.943392
0.204259
0.621679
0.899581
0.345518
0.864932
0.446836
0.945400
0.197435
0.606063
0.913183
0.303232
0.808122
0.593084
0.923069
0.271611
0.756700
0.704172
0.796767
0.619354
0.901724
0.338949
0.857004
0.468727
0.952469
0.173156
0.547614
0.947539
0.190130
0.588950
0.925947
0.262265
0.740039
0.735828
0.743492
0.729441
0.754858
0.707777
0.791086
0.632127
0.889438
0.376128
0.897521
0.351798
0.872202
0.426338
0.935456
0.230937
0.679311
0.833232
0.531486
0.952418
0.173333
0.548057
0.947377
0.190684
0.590263
0.925048
0.265193
0.745330
0.726004
0.760845
0.695967
0.809324
0.590243
0.925061
0.265150
0.745252
0.726151
0.760592
0.696472
0.808566
0.592035
0.923812
0.269205
0.752475
0.712400
0.783657
0.648459
0.871910
0.427169
0.935922
0.229385
0.676107
0.837588
0.520310
0.954632
0.165652
0.528636
0.953074
0.171063
0.542365
0.949345
0.183932
0.574112
0.935202
0.231783
0.681050
0.830835
0.537574
0.950810
0.178888
0.561820
0.941593
0.210351
0.635319
0.886172
0.385816
0.906342
0.324677
0.838641
0.517586
0.955027
0.164278
0.525116
0.953797
0.168553
0.536024
0.951246
0.177383
0.558115
0.943292
0.204599
0.622447
0.898863
0.347710
0.867504
0.439631
0.942271
0.208059
0.630220
0.891351
0.370414
0.891981
0.368526
0.890096
0.374166
0.895646
0.357485
0.878525
0.408182
0.923965
0.268710
0.751600
0.714088
0.780904
0.654402
0.865025
0.446575
0.945293
0.197799
0.606904
0.912498
0.305396
0.811361
0.585408
0.928309
0.254547
0.725774
0.761243
0.695174
0.810511
0.587429
0.926974
0.258917
0.733907
0.746944
0.722965
0.766064
0.685450
0.824667
0.553040
0.945450
0.197264
0.605666
0.913504
0.302216
0.806588
0.596689
0.920453
0.280053
0.771178
0.674941
0.839153
0.516259
0.955199
0.163680
0.523578
0.954084
0.167559
0.533499
0.951918
0.175064
0.552370
0.945720
0.196344
0.603532
0.915212
0.296805
0.798289
0.615890
0.904840
0.329335
0.844806
0.501470
0.956202
0.160184
0.514538
0.955402
0.162974
0.521759
0.954399
0.166463
0.530708
0.952603
0.172692
0.546454
0.947956
0.188699
0.585552
0.928215
0.254855
0.726353
0.760242
0.697169
0.807517
0.594508
0.922047
0.274914
0.762430
0.692795
0.814040
0.578999
0.932340
0.241280
0.700189
0.802926
0.605226
0.913860
0.301092
0.804883
0.600677
0.917442
0.289701
0.787054
0.641042
0.880123
0.403547
0.920627
0.279494
0.770235
0.676894
0.836525
0.523050
0.954178
0.167231
0.532666
0.952129
0.174335
0.550557
0.946434
0.193908
0.597851
0.919588
0.282832
0.775823
0.665222
0.851798
0.482841
0.955084
0.164080
0.524608
0.953894
0.168218
0.535174
0.951478
0.176584
0.556139
0.944156
0.201667
0.615790
0.904929
0.329061
0.844448
0.502414
0.956188
0.160233
0.514665
0.955388
0.163023
0.521886
0.954378
0.166537
0.530896
0.952559
0.172846
0.546838
0.947819
0.189168
0.586668
0.927480
0.257262
0.730843
0.752390
0.712565
0.783388
0.649041
0.871248
0.429052
0.936957
0.225927
0.668903
0.847095
0.495414
0.956130
0.160436
0.515191
0.955327
0.163233
0.522427
0.954286
0.166855
0.531708
0.952365
0.173519
0.548521
0.947205
0.191270
0.591649
0.924083
0.268325
0.750919
0.715397
0.778753
0.659007
0.859506
0.461870
0.950649
0.179444
0.563184
0.940940
0.212553
0.640180
0.881051
0.400845
0.918605
0.285982
0.781019
0.654156
0.865316
0.445763
0.944959
0.198936
0.609529
0.910325
0.312235
0.821362
0.561205
0.941882
0.209373
0.633148
0.888402
0.379211
0.900406
0.342994
0.861924
0.455199
0.948533
0.186722
0.580828
0.931221
0.244974
0.707449
0.791608
0.630964
0.890608
0.372636
0.894165
0.361960
0.883327
0.394189
0.913387
0.302587
0.807149
0.595372
0.921420
0.276937
0.765898
0.685788
0.824187
0.554229
0.944962
0.198926
0.609504
0.910346
0.312170
0.821269
0.561435
0.941774
0.209737
0.633957
0.887575
0.381663
0.902649
0.336105
0.853468
0.478335
0.954415
0.166408
0.530568
0.952636
0.172579
0.546171
0.948057
0.188355
0.584733
0.928749
0.253106
0.723060
0.765902
0.685778
0.824201
0.554194
0.944976
0.198876
0.609391
0.910441
0.311871
0.820839
0.562489
0.941274
0.211425
0.637695
0.883691
0.393121
0.912518
0.305332
0.811265
0.585637
0.928160
0.255037
0.726694
0.759651
0.698345
0.805739
0.598679
0.918965
0.284828
0.779124
0.658216
0.860465
0.459229
0.949852
0.182189
0.569887
0.937529
0.224015
0.664881
0.852229
0.481681
0.954926
0.164628
0.526014
0.953622
0.169163
0.537569
0.950811
0.178884
0.561810
0.941597
0.210335
0.635283
0.886209
0.385705
0.906245
0.324977
0.839043
0.516543
0.955163
0.163804
0.523897
0.954026
0.167759
0.534010
0.951786
0.175520
0.553502
0.945261
0.197906
0.607152
0.912295
0.306037
0.812314
0.583135
0.929775
0.249738
0.716655
0.776674
0.663425
0.854057
0.476741
0.954141
0.167360
0.532995
0.952046
0.174620
0.551267
0.946157
0.194851
0.600057
0.917918
0.288181
0.784600
0.646409
0.874222
0.420572
0.932080
0.242140
0.701889
0.800313
0.611255
0.908867
0.316802
0.827843
0.545112
0.948426
0.187089
0.581707
0.930675
0.246774
0.710949
0.786007
0.643339
0.877625
0.410785
0.925767
0.262853
0.741106
0.733864
0.747020
0.722822
0.766308
0.684954
0.825371
0.551289
0.946148
0.194882
0.600128
0.917863
0.288356
0.784883
0.645793
0.874911
0.418598
0.930866
0.246147
0.709732
0.787965
0.639041
0.882267
0.397294
0.915863
0.294734
0.795053
0.623233
0.898124
0.349961
0.870106
0.432288
0.938673
0.220179
0.656726
0.862260
0.454268
0.948211
0.187827
0.583472
0.929560
0.250444
0.718005
0.774430
0.668155
0.848058
0.492851
0.956014
0.160838
0.516234
0.955202
0.163669
0.523551
0.954089
0.167541
0.533455
0.951929
0.175025
0.552275
0.945758
0.196213
0.603229
0.915451
0.296043
0.797102
0.618592
0.902417
0.336816
0.854359
0.475924
0.953993
0.167873
0.534299
0.951710
0.175781
0.554151
0.944994
0.198815
0.609250
0.910558
0.311502
0.820307
0.563794
0.940644
0.213551
0.642370
0.878683
0.407725
0.923643
0.269754
0.753443
0.710528
0.786686
0.641852
0.879247
0.406090
0.922478
0.273522
0.760025
0.697601
0.806865
0.596041
0.920930
0.278516
0.768581
0.680301
0.831870
0.534952
0.951538
0.176378
0.555630
0.944373
0.200928
0.614101
0.906414
0.324451
0.838339
0.518369
0.954919
0.164653
0.526077
0.953609
0.169206
0.537679
0.950780
0.178993
0.562077
0.941471
0.210762
0.636230
0.885227
0.388605
0.908748
0.317174
0.828364
0.543806
0.948870
0.185563
0.578047
0.932912
0.239387
0.696429
0.808630
0.591884
0.923918
0.268861
0.751866
0.713575
0.781742
0.652599
0.867143
0.440645
0.942735
0.206486
0.626698
0.894812
0.360008
0.881252
0.400259
0.918160
0.287408
0.783346
0.649134
0.871142
0.429351
0.937119
0.225385
0.667766
0.848558
0.491519
0.955935
0.161115
0.516954
0.955111
0.163987
0.524368
0.953939
0.168062
0.534778
0.951584
0.176218
0.555233
0.944541
0.200356
0.612792
0.907550
0.320914
0.833541
0.530699
0.952605
0.172685
0.546436
0.947962
0.188678
0.585501
0.928249
0.254746
0.726147
0.760598
0.696460
0.808585
0.591991
0.923843
0.269105
0.752298
0.712742
0.783101
0.649664
0.870536
0.431071
0.938037
0.222313
0.661276
0.856726
0.469486
0.952649
0.172536
0.546062
0.948095
0.188224
0.584418
0.928952
0.252439
0.721798
0.768049
0.681395
0.830357
0.538783
0.950457
0.180106
0.564806
0.940146
0.215229
0.646036
0.874639
0.419377
0.931348
0.244556
0.706633
0.792901
0.628074
0.893472
0.364048
0.885516
0.387752
0.908018
0.319455
0.831533
0.535806
0.951306
0.177177
0.557605
0.943518
0.203833
0.620714
0.900475
0.342781
0.861668
0.455907
0.948774
0.185896
0.578845
0.932433
0.240973
0.699582
0.803855
0.603070
0.915577
0.295644
0.796479
0.620007
0.901126
0.340785
0.859252
0.462568
0.950851
0.178749
0.561477
0.941754
0.209805
0.634108
0.887421
0.382121
0.903062
0.334830
0.851864
0.482663
0.955060
0.164162
0.524818
0.953854
0.168356
0.535523
0.951383
0.176910
0.556947
0.943806
0.202854
0.618493
0.902507
0.336540
0.854013
0.476860
0.954162
0.167287
0.532808
0.952093
0.174458
0.550862
0.946315
0.194311
0.598796
0.918877
0.285111
0.779590
0.657221
0.861666
0.455912
0.948775
0.185890
0.578831
0.932441
0.240944
0.699525
0.803942
0.602869
0.915736
0.295140
0.795690
0.621794
0.899473
0.345846
0.865319
0.445755
0.944955
0.198948
0.609556
0.910303
0.312305
0.821463
0.560957
0.941998
0.208982
0.632278
0.889285
0.376583
0.897951
0.350489
0.870712
0.430574
0.937774
0.223194
0.663144
0.854408
0.475792
0.953968
0.167959
0.534516
0.951653
0.175978
0.554640
0.944791
0.199508
0.610845
0.909216
0.315711
0.826309
0.548950
0.947045
0.191817
0.592940
0.923172
0.271280
0.756121
0.705308
0.794988
0.623380
0.897986
0.350383
0.870590
0.430919
0.937957
0.222581
0.661844
0.856024
0.471400
0.953082
0.171036
0.542296
0.949368
0.183855
0.573927
0.935307
0.231434
0.680332
0.831827
0.535060
0.951509
0.176478
0.555877
0.944268
0.201285
0.614918
0.905699
0.326674
0.841305
0.510657
0.955776
0.161671
0.518393
0.954916
0.164665
0.526108
0.953603
0.169228
0.537733
0.950764
0.179047
0.562210
0.941407
0.210976
0.636703
0.884733
0.390060
0.909980
0.313317
0.822913
0.557384
0.943615
0.203503
0.619966
0.901164
0.340670
0.859113
0.462952
0.950960
0.178371
0.560549
0.942187
0.208340
0.630848
0.890724
0.372290
0.893827
0.362978
0.884398
0.391044
0.910804
0.310732
0.819194
0.566516
0.939287
0.218117
0.652297
0.867496
0.439654
0.942281
0.208022
0.630139
0.891432
0.370171
0.891741
0.369248
0.890820
0.372003
0.893547
0.363822
0.885280
0.388448
0.908614
0.317594
0.828950
0.542332
0.949356
0.183896
0.574026
0.935251
0.231620
0.680716
0.831297
0.536403
0.951141
0.177746
0.559009
0.942892
0.205955
0.625506
0.895962
0.356529
0.877479
0.411206
0.926053
0.261919
0.739408
0.736984
0.741402
0.733318
0.747996
0.720975
0.769444
0.678526
0.834306
0.528743
0.953050
0.171145
0.542570
0.949279
0.184161
0.574667
0.934886
0.232833
0.683201
0.827839
0.545123
0.948423
0.187101
0.581735
0.930658
0.246832
0.711060
0.785827
0.643732
0.877193
0.412032
0.926612
0.260097
0.736076
0.743044
0.730276
0.753391
0.710629
0.786523
0.642207
0.878861
0.407210
0.923278
0.270934
0.755516
0.706493
0.793122
0.627578
0.893956
0.362589
0.883990
0.392244
0.911798
0.307602
0.814626
0.577590
0.933184
0.238486
0.694631
0.811320
0.585505
0.928246
0.254754
0.726163
0.760571
0.696514
0.808504
0.592183
0.923708
0.269543
0.753071
0.711249
0.785523
0.644397
0.876461
0.414143
0.928016
0.255509
0.727577
0.758116
0.701384
0.801092
0.609463
0.910380
0.312061
0.821113
0.561817
0.941594
0.210347
0.635310
0.886182
0.385787
0.906317
0.324755
0.838745
0.517315
0.955063
0.164152
0.524792
0.953859
0.168339
0.535480
0.951395
0.176870
0.556847
0.943850
0.202706
0.618156
0.902812
0.335602
0.852837
0.480040
0.954686
0.165464
0.528155
0.953178
0.170702
0.541454
0.949637
0.182928
0.571680
0.936558
0.227262
0.671696
0.843455
0.505025
0.956113
0.160492
0.515338
0.955310
0.163292
0.522580
0.954260
0.166947
0.531941
0.952308
0.173715
0.549011
0.947023
0.191895
0.593124
0.923041
0.271703
0.756862
0.703855
0.797262
0.618229
0.902746
0.335804
0.853092
0.479353
0.954580
0.165835
0.529105
0.952970
0.171422
0.543267
0.949050
0.184947
0.576564
0.933789
0.236479
0.690601
0.817258
0.571229
0.936804
0.226438
0.669973
0.845707
0.499091
0.956207
0.160166
0.514491
0.955407
0.162956
0.521713
0.954407
0.166436
0.530639
0.952619
0.172637
0.546314
0.948006
0.188530
0.585148
0.928479
0.253991
0.724730
0.763043
0.691564
0.815851
0.574638
0.934902
0.232779
0.683090
0.827994
0.544732
0.948557
0.186641
0.580634
0.931342
0.244577
0.706674
0.792835
0.628222
0.893326
0.364486
0.885970
0.386412
0.906861
0.323062
0.836466
0.523202
0.954151
0.167325
0.532905
0.952069
0.174542
0.551072
0.946233
0.194591
0.599450
0.918381
0.286700
0.782192
0.651629
0.868272
0.437468
0.941254
0.211494
0.637847
0.883532
0.393589
0.912900
0.304126
0.809463
0.589914
0.925288
0.264413
0.743926
0.728633
0.756275
0.705007
0.795459
0.622316
0.898986
0.347334
0.867065
0.440864
0.942834
0.206151
0.625945
0.895540
0.357807
0.878877
0.407164
0.923246
0.271040
0.755702
0.706129
0.793696
0.626291
0.895206
0.358815
0.879969
0.403993
0.920955
0.278436
0.768446
0.680580
0.831485
0.535928
0.951273
0.177292
0.557889
0.943392
0.204259
0.621679
0.899581
0.345518
0.864932
0.446836
0.945400
0.197435
0.606063
0.913183
0.303232
0.808122
0.593084
0.923069
0.271611
0.756700
0.704172
0.796767
0.619354
0.901724
0.338949
0.857004
0.468727
0.952469
0.173156
0.547614
0.947539
0.190130
0.588950
0.925947
0.262265
0.740039
0.735828
0.743492
0.729441
0.754858
0.707777
0.791086
0.632127
0.889438
0.376128
0.897521
0.351798
0.872202
0.426338
0.935456
0.230937
0.679311
0.833232
0.531486
0.952418
0.173333
0.548057
0.947377
0.190684
0.590263
0.925048
0.265193
0.745330
0.726004
0.760845
0.695967
0.809324
0.590243
0.925061
0.265150
0.745252
0.726151
0.760592
0.696472
0.808566
0.592035
0.923812
0.269205
0.752475
0.712400
0.783657
0.648459
0.871910
0.427169
0.935922
0.229385
0.676107
0.837588
0.520310
0.954632
0.165652
0.528636
0.953074
0.171063
0.542365
0.949345
0.183932
0.574112
0.935202
0.231783
0.681050
0.830835
0.537574
0.950810
0.178888
0.561820
0.941593
0.210351
0.635319
0.886172
0.385816
0.906342
0.324677
0.838641
0.517586
0.955027
0.164278
0.525116
0.953797
0.168553
0.536024
0.951246
0.177383
0.558115
0.943292
0.204599
0.622447
0.898863
0.347710
0.867504
0.439631
0.942271
0.208059
0.630220
0.891351
0.370414
0.891981
0.368526
0.890096
0.374166
0.895646
0.357485
0.878525
0.408182
0.923965
0.268710
0.751600
0.714088
0.780904
0.654402
0.865025
0.446575
0.945293
0.197799
0.606904
0.912498
0.305396
0.811361
0.585408
0.928309
0.254547
0.725774
0.761243
0.695174
0.810511
0.587429
0.926974
0.258917
0.733907
0.746944
0.722965
0.766064
0.685450
0.824667
0.553040
0.945450
0.197264
0.605666
0.913504
0.302216
0.806588
0.596689
0.920453
0.280053
0.771178
0.674941
0.839153
0.516259
0.955199
0.163680
0.523578
0.954084
0.167559
0.533499
0.951918
0.175064
0.552370
0.945720
0.196344
0.603532
0.915212
0.296805
0.798289
0.615890
0.904840
0.329335
0.844806
0.501470
0.956202
0.160184
0.514538
0.955402
0.162974
0.521759
0.954399
0.166463
0.530708
0.952603
0.172692
0.546454
0.947956
0.188699
0.585552
0.928215
0.254855
0.726353
0.760242
0.697169
0.807517
0.594508
0.922047
0.274914
0.762430
0.692795
0.814040
0.578999
0.932340
0.241280
0.700189
0.802926
0.605226
0.913860
0.301092
0.804883
0.600677
0.917442
0.289701
0.787054
0.641042
0.880123
0.403547
0.920627
0.279494
0.770235
0.676894
0.836525
0.523050
0.954178
0.167231
0.532666
0.952129
0.174335
0.550557
0.946434
0.193908
0.597851
0.919588
0.282832
0.775823
0.665222
0.851798
0.482841
0.955084
0.164080
0.524608
0.953894
0.168218
0.535174
0.951478
0.176584
0.556139
0.944156
0.201667
0.615790
0.904929
0.329061
0.844448
0.502414
0.956188
0.160233
0.514665
0.955388
0.163023
0.521886
0.954378
0.166537
0.530896
0.952559
0.172846
0.546838
0.947819
0.189168
0.586668
0.927480
0.257262
0.730843
0.752390
0.712565
0.783388
0.649041
0.871248
0.429052
0.936957
0.225927
0.668903
0.847095
0.495414
0.956130
0.160436
0.515191
0.955327
0.163233
0.522427
0.954286
0.166855
0.531708
0.952365
0.173519
0.548521
0.947205
0.191270
0.591649
0.924083
0.268325
0.750919
0.715397
0.778753
0.659007
0.859506
0.461870
0.950649
0.179444
0.563184
0.940940
0.212553
0.640180
0.881051
0.400845
0.918605
0.285982
0.781019
0.654156
0.865316
0.445763
0.944959
0.198936
0.609529
0.910325
0.312235
0.821362
0.561205
0.941882
0.209373
0.633148
0.888402
0.379211
0.900406
0.342994
0.861924
0.455199
0.948533
0.186722
0.580828
0.931221
0.244974
0.707449
0.791608
0.630964
0.890608
0.372636
0.894165
0.361960
0.883327
0.394189
0.913387
0.302587
0.807149
0.595372
0.921420
0.276937
0.765898
0.685788
0.824187
0.554229
0.944962
0.198926
0.609504
0.910346
0.312170
0.821269
0.561435
0.941774
0.209737
0.633957
0.887575
0.381663
0.902649
0.336105
0.853468
0.478335
0.954415
0.166408
0.530568
0.952636
0.172579
0.546171
0.948057
0.188355
0.584733
0.928749
0.253106
0.723060
0.765902
0.685778
0.824201
0.554194
0.944976
0.198876
0.609391
0.910441
0.311871
0.820839
0.562489
0.941274
0.211425
0.637695
0.883691
0.393121
0.912518
0.305332
0.811265
0.585637
0.928160
0.255037
0.726694
0.759651
0.698345
0.805739
0.598679
0.918965
0.284828
0.779124
0.658216
0.860465
0.459229
0.949852
0.182189
0.569887
0.937529
0.224015
0.664881
0.852229
0.481681
0.954926
0.164628
0.526014
0.953622
0.169163
0.537569
0.950811
0.178884
0.561810
0.941597
0.210335
0.635283
0.886209
0.385705
0.906245
0.324977
0.839043
0.516543
0.955163
0.163804
0.523897
0.954026
0.167759
0.534010
0.951786
0.175520
0.553502
0.945261
0.197906
0.607152
0.912295
0.306037
0.812314
0.583135
0.929775
0.249738
0.716655
0.776674
0.663425
0.854057
0.476741
0.954141
0.167360
0.532995
0.952046
0.174620
0.551267
0.946157
0.194851
0.600057
0.917918
0.288181
0.784600
0.646409
0.874222
0.420572
0.932080
0.242140
0.701889
0.800313
0.611255
0.908867
0.316802
0.827843
0.545112
0.948426
0.187089
0.581707
0.930675
0.246774
0.710949
0.786007
0.643339
0.877625
0.410785
0.925767
0.262853
0.741106
0.733864
0.747020
0.722822
0.766308
0.684954
0.825371
0.551289
0.946148
0.194882
0.600128
0.917863
0.288356
0.784883
0.645793
0.874911
0.418598
0.930866
0.246147
0.709732
0.787965
0.639041
0.882267
0.397294
0.915863
0.294734
0.795053
0.623233
0.898124
0.349961
0.870106
0.432288
0.938673
0.220179
0.656726
0.862260
0.454268
0.948211
0.187827
0.583472
0.929560
0.250444
0.718005
0.774430
0.668155
0.848058
0.492851
0.956014
0.160838
0.516234
0.955202
0.163669
0.523551
0.954089
0.167541
0.533455
0.951929
0.175025
0.552275
0.945758
0.196213
0.603229
0.915451
0.296043
0.797102
0.618592
0.902417
0.336816
0.854359
0.475924
0.953993
0.167873
0.534299
0.951710
0.175781
0.554151
0.944994
0.198815
0.609250
0.910558
0.311502
0.820307
0.563794
0.940644
0.213551
0.642370
0.878683
0.407725
0.923643
0.269754
0.753443
0.710528
0.786686
0.641852
0.879247
0.406090
0.922478
0.273522
0.760025
0.697601
0.806865
0.596041
0.920930
0.278516
0.768581
0.680301
0.831870
0.534952
0.951538
0.176378
0.555630
0.944373
0.200928
0.614101
0.906414
0.324451
0.838339
0.518369
0.954919
0.164653
0.526077
0.953609
0.169206
0.537679
0.950780
0.178993
0.562077
0.941471
0.210762
0.636230
0.885227
0.388605
0.908748
0.317174
0.828364
0.543806
0.948870
0.185563
0.578047
0.932912
0.239387
0.696429
0.808630
0.591884
0.923918
0.268861
0.751866
0.713575
0.781742
0.652599
0.867143
0.440645
0.942735
0.206486
0.626698
0.894812
0.360008
0.881252
0.400259
0.918160
0.287408
0.783346
0.649134
0.871142
0.429351
0.937119
0.225385
0.667766
0.848558
0.491519
0.955935
0.161115
0.516954
0.955111
0.163987
0.524368
0.953939
0.168062
0.534778
0.951584
0.176218
0.555233
0.944541
0.200356
0.612792
0.907550
0.320914
0.833541
0.530699
0.952605
0.172685
0.546436
0.947962
0.188678
0.585501
0.928249
0.254746
0.726147
0.760598
0.696460
0.808585
0.591991
0.923843
0.269105
0.752298
0.712742
0.783101
0.649664
0.870536
0.431071
0.938037
0.222313
0.661276
0.856726
0.469486
0.952649
0.172536
0.546062
0.948095
0.188224
0.584418
0.928952
0.252439
0.721798
0.768049
0.681395
0.830357
0.538783
0.950457
0.180106
0.564806
0.940146
0.215229
0.646036
0.874639
0.419377
0.931348
0.244556
0.706633
0.792901
0.628074
0.893472
0.364048
0.885516
0.387752
0.908018
0.319455
0.831533
0.535806
0.951306
0.177177
0.557605
0.943518
0.203833
0.620714
0.900475
0.342781
0.861668
0.455907
0.948774
0.185896
0.578845
0.932433
0.240973
0.699582
0.803855
0.603070
0.915577
0.295644
0.796479
0.620007
0.901126
0.340785
0.859252
0.462568
0.950851
0.178749
0.561477
0.941754
0.209805
0.634108
0.887421
0.382121
0.903062
0.334830
0.851864
0.482663
0.955060
0.164162
0.524818
0.953854
0.168356
0.535523
0.951383
0.176910
0.556947
0.943806
0.202854
0.618493
0.902507
0.336540
0.854013
0.476860
0.954162
0.167287
0.532808
0.952093
0.174458
0.550862
0.946315
0.194311
0.598796
0.918877
0.285111
0.779590
0.657221
0.861666
0.455912
0.948775
0.185890
0.578831
0.932441
0.240944
0.699525
0.803942
0.602869
0.915736
0.295140
0.795690
0.621794
0.899473
0.345846
0.865319
0.445755
0.944955
0.198948
0.609556
0.910303
0.312305
0.821463
0.560957
0.941998
0.208982
0.632278
0.889285
0.376583
0.897951
0.350489
0.870712
0.430574
0.937774
0.223194
0.663144
0.854408
0.475792
0.953968
0.167959
0.534516
0.951653
0.175978
0.554640
0.944791
0.199508
0.610845
0.909216
0.315711
0.826309
0.548950
0.947045
0.191817
0.592940
0.923172
0.271280
0.756121
0.705308
0.794988
0.623380
0.897986
0.350383
0.870590
0.430919
0.937957
0.222581
0.661844
0.856024
0.471400
0.953082
0.171036
0.542296
0.949368
0.183855
0.573927
0.935307
0.231434
0.680332
0.831827
0.535060
0.951509
0.176478
0.555877
0.944268
0.201285
0.614918
0.905699
0.326674
0.841305
0.510657
0.955776
0.161671
0.518393
0.954916
0.164665
0.526108
0.953603
0.169228
0.537733
0.950764
0.179047
0.562210
0.941407
0.210976
0.636703
0.884733
0.390060
0.909980
0.313317
0.822913
0.557384
0.943615
0.203503
0.619966
0.901164
0.340670
0.859113
0.462952
0.950960
0.178371
0.560549
0.942187
0.208340
0.630848
0.890724
0.372290
0.893827
0.362978
0.884398
0.391044
0.910804
0.310732
0.819194
0.566516
0.939287
0.218117
0.652297
0.867496
0.439654
0.942281
0.208022
0.630139
0.891432
0.370171
0.891741
0.369248
0.890820
0.372003
0.893547
0.363822
0.885280
0.388448
0.908614
0.317594
0.828950
0.542332
0.949356
0.183896
0.574026
0.935251
0.231620
0.680716
0.831297
0.536403
0.951141
0.177746
0.559009
0.942892
0.205955
0.625506
0.895962
0.356529
0.877479
0.411206
0.926053
0.261919
0.739408
0.736984
0.741402
0.733318
0.747996
0.720975
0.769444
0.678526
0.834306
0.528743
0.953050
0.171145
0.542570
0.949279
0.184161
0.574667
0.934886
0.232833
0.683201
0.827839
0.545123
0.948423
0.187101
0.581735
0.930658
0.246832
0.711060
0.785827
0.643732
0.877193
0.412032
0.926612
0.260097
0.736076
0.743044
0.730276
0.753391
0.710629
0.786523
0.642207
0.878861
0.407210
0.923278
0.270934
0.755516
0.706493
0.793122
0.627578
0.893956
0.362589
0.883990
0.392244
0.911798
0.307602
0.814626
0.577590
0.933184
0.238486
0.694631
0.811320
0.585505
0.928246
0.254754
0.726163
0.760571
0.696514
0.808504
0.592183
0.923708
0.269543
0.753071
0.711249
0.785523
0.644397
0.876461
0.414143
0.928016
0.255509
0.727577
0.758116
0.701384
0.801092
0.609463
0.910380
0.312061
0.821113
0.561817
0.941594
0.210347
0.635310
0.886182
0.385787
0.906317
0.324755
0.838745
0.517315
0.955063
0.164152
0.524792
0.953859
0.168339
0.535480
0.951395
0.176870
0.556847
0.943850
0.202706
0.618156
0.902812
0.335602
0.852837
0.480040
0.954686
0.165464
0.528155
0.953178
0.170702
0.541454
0.949637
0.182928
0.571680
0.936558
0.227262
0.671696
0.843455
0.505025
0.956113
0.160492
0.515338
0.955310
0.163292
0.522580
0.954260
0.166947
0.531941
0.952308
0.173715
0.549011
0.947023
0.191895
0.593124
0.923041
0.271703
0.756862
0.703855
0.797262
0.618229
0.902746
0.335804
0.853092
0.479353
0.954580
0.165835
0.529105
0.952970
0.171422
0.543267
0.949050
0.184947
0.576564
0.933789
0.236479
0.690601
0.817258
0.571229
0.936804
0.226438
0.669973
0.845707
0.499091
0.956207
0.160166
0.514491
0.955407
0.162956
0.521713
0.954407
0.166436
0.530639
0.952619
0.172637
0.546314
0.948006
0.188530
0.585148
0.928479
0.253991
0.724730
0.763043
0.691564
0.815851
0.574638
0.934902
0.232779
0.683090
0.827994
0.544732
0.948557
0.186641
0.580634
0.931342
0.244577
0.706674
0.792835
0.628222
0.893326
0.364486
0.885970
0.386412
0.906861
0.323062
0.836466
0.523202
0.954151
0.167325
0.532905
0.952069
0.174542
0.551072
0.946233
0.194591
0.599450
0.918381
0.286700
0.782192
0.651629
0.868272
0.437468
0.941254
0.211494
0.637847
0.883532
0.393589
0.912900
0.304126
0.809463
0.589914
0.925288
0.264413
0.743926
0.728633
0.756275
0.705007
0.795459
0.622316
0.898986
0.347334
0.867065
0.440864
0.942834
0.206151
0.625945
0.895540
0.357807
0.878877
0.407164
0.923246
0.271040
0.755702
0.706129
0.793696
0.626291
0.895206
0.358815
0.879969
0.403993
0.920955
0.278436
0.768446
0.680580
0.831485
0.535928
0.951273
0.177292
0.557889
0.943392
0.204259
0.621679
0.899581
0.345518
0.864932
0.446836
0.945400
0.197435
0.606063
0.913183
0.303232
0.808122
0.593084
0.923069
0.271611
0.756700
0.704172
0.796767
0.619354
0.901724
0.338949
0.857004
0.468727
0.952469
0.173156
0.547614
0.947539
0.190130
0.588950
0.925947
0.262265
0.740039
0.735828
0.743492
0.729441
0.754858
0.707777
0.791086
0.632127
0.889438
0.376128
0.897521
0.351798
0.872202
0.426338
0.935456
0.230937
0.679311
0.833232
0.531486
0.952418
0.173333
0.548057
0.947377
0.190684
0.590263
0.925048
0.265193
0.745330
0.726004
0.760845
0.695967
0.809324
0.590243
0.925061
0.265150
0.745252
0.726151
0.760592
0.696472
0.808566
0.592035
0.923812
0.269205
0.752475
0.712400
0.783657
0.648459
0.871910
0.427169
0.935922
0.229385
0.676107
0.837588
0.520310
0.954632
0.165652
0.528636
0.953074
0.171063
0.542365
0.949345
0.183932
0.574112
0.935202
0.231783
0.681050
0.830835
0.537574
0.950810
0.178888
0.561820
0.941593
0.210351
0.635319
0.886172
0.385816
0.906342
0.324677
0.838641
0.517586
0.955027
0.164278
0.525116
0.953797
0.168553
0.536024
0.951246
0.177383
0.558115
0.943292
0.204599
0.622447
0.898863
0.347710
0.867504
0.439631
0.942271
0.208059
0.630220
0.891351
0.370414
0.891981
0.368526
0.890096
0.374166
0.895646
0.357485
0.878525
0.408182
0.923965
0.268710
0.751600
0.714088
0.780904
0.654402
0.865025
0.446575
0.945293
0.197799
0.606904
0.912498
0.305396
0.811361
0.585408
0.928309
0.254547
0.725774
0.761243
0.695174
0.810511
0.587429
0.926974
0.258917
0.733907
0.746944
0.722965
0.766064
0.685450
0.824667
0.553040
0.945450
0.197264
0.605666
0.913504
0.302216
0.806588
0.596689
0.920453
0.280053
0.771178
0.674941
0.839153
0.516259
0.955199
0.163680
0.523578
0.954084
0.167559
0.533499
0.951918
0.175064
0.552370
0.945720
0.196344
0.603532
0.915212
0.296805
0.798289
0.615890
0.904840
0.329335
0.844806
0.501470
0.956202
0.160184
0.514538
0.955402
0.162974
0.521759
0.954399
0.166463
0.530708
0.952603
0.172692
0.546454
0.947956
0.188699
0.585552
0.928215
0.254855
0.726353
0.760242
0.697169
0.807517
0.594508
0.922047
0.274914
0.762430
0.692795
0.814040
0.578999
0.932340
0.241280
0.700189
0.802926
0.605226
0.913860
0.301092
0.804883
0.600677
0.917442
0.289701
0.787054
0.641042
0.880123
0.403547
0.920627
0.279494
0.770235
0.676894
0.836525
0.523050
0.954178
0.167231
0.532666
0.952129
0.174335
0.550557
0.946434
0.193908
0.597851
0.919588
0.282832
0.775823
0.665222
0.851798
0.482841
0.955084
0.164080
0.524608
0.953894
0.168218
0.535174
0.951478
0.176584
0.556139
0.944156
0.201667
0.615790
0.904929
0.329061
0.844448
0.502414
0.956188
0.160233
0.514665
0.955388
0.163023
0.521886
0.954378
0.166537
0.530896
0.952559
0.172846
0.546838
0.947819
0.189168
0.586668
0.927480
0.257262
0.730843
0.752390
0.712565
0.783388
0.649041
0.871248
0.429052
0.936957
0.225927
0.668903
0.847095
0.495414
0.956130
0.160436
0.515191
0.955327
0.163233
0.522427
0.954286
0.166855
0.531708
0.952365
0.173519
0.548521
0.947205
0.191270
0.591649
0.924083
0.268325
0.750919
0.715397
0.778753
0.659007
0.859506
0.461870
0.950649
0.179444
0.563184
0.940940
0.212553
0.640180
0.881051
0.400845
0.918605
0.285982
0.781019
0.654156
0.865316
0.445763
0.944959
0.198936
0.609529
0.910325
0.312235
0.821362
0.561205
0.941882
0.209373
0.633148
0.888402
0.379211
0.900406
0.342994
0.861924
0.455199
0.948533
0.186722
0.580828
0.931221
0.244974
0.707449
0.791608
0.630964
0.890608
0.372636
0.894165
0.361960
0.883327
0.394189
0.913387
0.302587
0.807149
0.595372
0.921420
0.276937
0.765898
0.685788
0.824187
0.554229
0.944962
0.198926
0.609504
0.910346
0.312170
0.821269
0.561435
0.941774
0.209737
0.633957
0.887575
0.381663
0.902649
0.336105
0.853468
0.478335
0.954415
0.166408
0.530568
0.952636
0.172579
0.546171
0.948057
0.188355
0.584733
0.928749
0.253106
0.723060
0.765902
0.685778
0.824201
0.554194
0.944976
0.198876
0.609391
0.910441
0.311871
0.820839
0.562489
0.941274
0.211425
0.637695
0.883691
0.393121
0.912518
0.305332
0.811265
0.585637
0.928160
0.255037
0.726694
0.759651
0.698345
0.805739
0.598679
0.918965
0.284828
0.779124
0.658216
0.860465
0.459229
0.949852
0.182189
0.569887
0.937529
0.224015
0.664881
0.852229
0.481681
0.954926
0.164628
0.526014
0.953622
0.169163
0.537569
0.950811
0.178884
0.561810
0.941597
0.210335
0.635283
0.886209
0.385705
0.906245
0.324977
0.839043
0.516543
0.955163
0.163804
0.523897
0.954026
0.167759
0.534010
0.951786
0.175520
0.553502
0.945261
0.197906
0.607152
0.912295
0.306037
0.812314
0.583135
0.929775
0.249738
0.716655
0.776674
0.663425
0.854057
0.476741
0.954141
0.167360
0.532995
0.952046
0.174620
0.551267
0.946157
0.194851
0.600057
0.917918
0.288181
0.784600
0.646409
0.874222
0.420572
0.932080
0.242140
0.701889
0.800313
0.611255
0.908867
0.316802
0.827843
0.545112
0.948426
0.187089
0.581707
0.930675
0.246774
0.710949
0.786007
0.643339
0.877625
0.410785
0.925767
0.262853
0.741106
0.733864
0.747020
0.722822
0.766308
0.684954
0.825371
0.551289
0.946148
0.194882
0.600128
0.917863
0.288356
0.784883
0.645793
0.874911
0.418598
0.930866
0.246147
0.709732
0.787965
0.639041
0.882267
0.397294
0.915863
0.294734
0.795053
0.623233
0.898124
0.349961
0.870106
0.432288
0.938673
0.220179
0.656726
0.862260
0.454268
0.948211
0.187827
0.583472
0.929560
0.250444
0.718005
0.774430
0.668155
0.848058
0.492851
0.956014
0.160838
0.516234
0.955202
0.163669
0.523551
0.954089
0.167541
0.533455
0.951929
0.175025
0.552275
0.945758
0.196213
0.603229
0.915451
0.296043
0.797102
0.618592
0.902417
0.336816
0.854359
0.475924
0.953993
0.167873
0.534299
0.951710
0.175781
0.554151
0.944994
0.198815
0.609250
0.910558
0.311502
0.820307
0.563794
0.940644
0.213551
0.642370
0.878683
0.407725
0.923643
0.269754
0.753443
0.710528
0.786686
0.641852
0.879247
0.406090
0.922478
0.273522
0.760025
0.697601
0.806865
0.596041
0.920930
0.278516
0.768581
0.680301
0.831870
0.534952
0.951538
0.176378
0.555630
0.944373
0.200928
0.614101
0.906414
0.324451
0.838339
0.518369
0.954919
0.164653
0.526077
0.953609
0.169206
0.537679
0.950780
0.178993
0.562077
0.941471
0.210762
0.636230
0.885227
0.388605
0.908748
0.317174
0.828364
0.543806
0.948870
0.185563
0.578047
0.932912
0.239387
0.696429
0.808630
0.591884
0.923918
0.268861
0.751866
0.713575
0.781742
0.652599
0.867143
0.440645
0.942735
0.206486
0.626698
0.894812
0.360008
0.881252
0.400259
0.918160
0.287408
0.783346
0.649134
0.871142
0.429351
0.937119
0.225385
0.667766
0.848558
0.491519
0.955935
0.161115
0.516954
0.955111
0.163987
0.524368
0.953939
0.168062
0.534778
0.951584
0.176218
0.555233
0.944541
0.200356
0.612792
0.907550
0.320914
0.833541
0.530699
0.952605
0.172685
0.546436
0.947962
0.188678
0.585501
0.928249
0.254746
0.726147
0.760598
0.696460
0.808585
0.591991
0.923843
0.269105
0.752298
0.712742
0.783101
0.649664
0.870536
0.431071
0.938037
0.222313
0.661276
0.856726
0.469486
0.952649
0.172536
0.546062
0.948095
0.188224
0.584418
0.928952
0.252439
0.721798
0.768049
0.681395
0.830357
0.538783
0.950457
0.180106
0.564806
0.940146
0.215229
0.646036
0.874639
0.419377
0.931348
0.244556
0.706633
0.792901
0.628074
0.893472
0.364048
0.885516
0.387752
0.908018
0.319455
0.831533
0.535806
0.951306
0.177177
0.557605
0.943518
0.203833
0.620714
0.900475
0.342781
0.861668
0.455907
0.948774
0.185896
0.578845
0.932433
0.240973
0.699582
0.803855
0.603070
0.915577
0.295644
0.796479
0.620007
0.901126
0.340785
0.859252
0.462568
0.950851
0.178749
0.561477
0.941754
0.209805
0.634108
0.887421
0.382121
0.903062
0.334830
0.851864
0.482663
0.955060
0.164162
0.524818
0.953854
0.168356
0.535523
0.951383
0.176910
0.556947
0.943806
0.202854
0.618493
0.902507
0.336540
0.854013
0.476860
0.954162
0.167287
0.532808
0.952093
0.174458
0.550862
0.946315
0.194311
0.598796
0.918877
0.285111
0.779590
0.657221
0.861666
0.455912
0.948775
0.185890
0.578831
0.932441
0.240944
0.699525
0.803942
0.602869
0.915736
0.295140
0.795690
0.621794
0.899473
0.345846
0.865319
0.445755
0.944955
0.198948
0.609556
0.910303
0.312305
0.821463
0.560957
0.941998
0.208982
0.632278
0.889285
0.376583
0.897951
0.350489
0.870712
0.430574
0.937774
0.223194
0.663144
0.854408
0.475792
0.953968
0.167959
0.534516
0.951653
0.175978
0.554640
0.944791
0.199508
0.610845
0.909216
0.315711
0.826309
0.548950
0.947045
0.191817
0.592940
0.923172
0.271280
0.756121
0.705308
0.794988
0.623380
0.897986
0.350383
0.870590
0.430919
0.937957
0.222581
0.661844
0.856024
0.471400
0.953082
0.171036
0.542296
0.949368
0.183855
0.573927
0.935307
0.231434
0.680332
0.831827
0.535060
0.951509
0.176478
0.555877
0.944268
0.201285
0.614918
0.905699
0.326674
0.841305
0.510657
0.955776
0.161671
0.518393
0.954916
0.164665
0.526108
0.953603
0.169228
0.537733
0.950764
0.179047
0.562210
0.941407
0.210976
0.636703
0.884733
0.390060
0.909980
0.313317
0.822913
0.557384
0.943615
0.203503
0.619966
0.901164
0.340670
0.859113
0.462952
0.950960
0.178371
0.560549
0.942187
0.208340
0.630848
0.890724
0.372290
0.893827
0.362978
0.884398
0.391044
0.910804
0.310732
0.819194
0.566516
0.939287
0.218117
0.652297
0.867496
0.439654
0.942281
0.208022
0.630139
0.891432
0.370171
0.891741
0.369248
0.890820
0.372003
0.893547
0.363822
0.885280
0.388448
0.908614
0.317594
0.828950
0.542332
0.949356
0.183896
0.574026
0.935251
0.231620
0.680716
0.831297
0.536403
0.951141
0.177746
0.559009
0.942892
0.205955
0.625506
0.895962
0.356529
0.877479
0.411206
0.926053
0.261919
0.739408
0.736984
0.741402
0.733318
0.747996
0.720975
0.769444
0.678526
0.834306
0.528743
0.953050
0.171145
0.542570
0.949279
0.184161
0.574667
0.934886
0.232833
0.683201
0.827839
0.545123
0.948423
0.187101
0.581735
0.930658
0.246832
0.711060
0.785827
0.643732
0.877193
0.412032
0.926612
0.260097
0.736076
0.743044
0.730276
0.753391
0.710629
0.786523
0.642207
0.878861
0.407210
0.923278
0.270934
0.755516
0.706493
0.793122
0.627578
0.893956
0.362589
0.883990
0.392244
0.911798
0.307602
0.814626
0.577590
0.933184
0.238486
0.694631
0.811320
0.585505
0.928246
0.254754
0.726163
0.760571
0.696514
0.808504
0.592183
0.923708
0.269543
0.753071
0.711249
0.785523
0.644397
0.876461
0.414143
0.928016
0.255509
0.727577
0.758116
0.701384
0.801092
0.609463
0.910380
0.312061
0.821113
0.561817
0.941594
0.210347
0.635310
0.886182
0.385787
0.906317
0.324755
0.838745
0.517315
0.955063
0.164152
0.524792
0.953859
0.168339
0.535480
0.951395
0.176870
0.556847
0.943850
0.202706
0.618156
0.902812
0.335602
0.852837
0.480040
0.954686
0.165464
0.528155
0.953178
0.170702
0.541454
0.949637
0.182928
0.571680
0.936558
0.227262
0.671696
0.843455
0.505025
0.956113
0.160492
0.515338
0.955310
0.163292
0.522580
0.954260
0.166947
0.531941
0.952308
0.173715
0.549011
0.947023
0.191895
0.593124
0.923041
0.271703
0.756862
0.703855
0.797262
0.618229
0.902746
0.335804
0.853092
0.479353
0.954580
0.165835
0.529105
0.952970
0.171422
0.543267
0.949050
0.184947
0.576564
0.933789
0.236479
0.690601
0.817258
0.571229
0.936804
0.226438
0.669973
0.845707
0.499091
0.956207
0.160166
0.514491
0.955407
0.162956
0.521713
0.954407
0.166436
0.530639
0.952619
0.172637
0.546314
0.948006
0.188530
0.585148
0.928479
0.253991
0.724730
0.763043
0.691564
0.815851
0.574638
0.934902
0.232779
0.683090
0.827994
0.544732
0.948557
0.186641
0.580634
0.931342
0.244577
0.706674
0.792835
0.628222
0.893326
0.364486
0.885970
0.386412
0.906861
0.323062
0.836466
0.523202
0.954151
0.167325
0.532905
0.952069
0.174542
0.551072
0.946233
0.194591
0.599450
0.918381
0.286700
0.782192
0.651629
0.868272
0.437468
0.941254
0.211494
0.637847
0.883532
0.393589
0.912900
0.304126
0.809463
0.589914
0.925288
0.264413
0.743926
0.728633
0.756275
0.705007
0.795459
0.622316
0.898986
0.347334
0.867065
0.440864
0.942834
0.206151
0.625945
0.895540
0.357807
0.878877
0.407164
0.923246
0.271040
0.755702
0.706129
0.793696
0.626291
0.895206
0.358815
0.879969
0.403993
0.920955
0.278436
0.768446
0.680580
0.831485
0.535928
0.951273
0.177292
0.557889
0.943392
0.204259
0.621679
0.899581
0.345518
0.864932
0.446836
0.945400
0.197435
0.606063
0.913183
0.303232
0.808122
0.593084
0.923069
0.271611
0.756700
0.704172
0.796767
0.619354
0.901724
0.338949
0.857004
0.468727
0.952469
0.173156
0.547614
0.947539
0.190130
0.588950
0.925947
0.262265
0.740039
0.735828
0.743492
0.729441
0.754858
0.707777
0.791086
0.632127
0.889438
0.376128
0.897521
0.351798
0.872202
0.426338
0.935456
0.230937
0.679311
0.833232
0.531486
0.952418
0.173333
0.548057
0.947377
0.190684
0.590263
0.925048
0.265193
0.745330
0.726004
0.760845
0.695967
0.809324
0.590243
0.925061
0.265150
0.745252
0.726151
0.760592
0.696472
0.808566
0.592035
0.923812
0.269205
0.752475
0.712400
0.783657
0.648459
0.871910
0.427169
0.935922
0.229385
0.676107
0.837588
0.520310
0.954632
0.165652
0.528636
0.953074
0.171063
0.542365
0.949345
0.183932
0.574112
0.935202
0.231783
0.681050
0.830835
0.537574
0.950810
0.178888
0.561820
0.941593
0.210351
0.635319
0.886172
0.385816
0.906342
0.324677
0.838641
0.517586
0.955027
0.164278
0.525116
0.953797
0.168553
0.536024
0.951246
0.177383
0.558115
0.943292
0.204599
0.622447
0.898863
0.347710
0.867504
0.439631
0.942271
0.208059
0.630220
0.891351
0.370414
0.891981
0.368526
0.890096
0.374166
0.895646
0.357485
0.878525
0.408182
0.923965
0.268710
0.751600
0.714088
0.780904
0.654402
0.865025
0.446575
0.945293
0.197799
0.606904
0.912498
0.305396
0.811361
0.585408
0.928309
0.254547
0.725774
0.761243
0.695174
0.810511
0.587429
0.926974
0.258917
0.733907
0.746944
0.722965
0.766064
0.685450
0.824667
0.553040
0.945450
0.197264
0.605666
0.913504
0.302216
0.806588
0.596689
0.920453
0.280053
0.771178
0.674941
0.839153
0.516259
0.955199
0.163680
0.523578
0.954084
0.167559
0.533499
0.951918
0.175064
0.552370
0.945720
0.196344
0.603532
0.915212
0.296805
0.798289
0.615890
0.904840
0.329335
0.844806
0.501470
0.956202
0.160184
0.514538
0.955402
0.162974
0.521759
0.954399
0.166463
0.530708
0.952603
0.172692
0.546454
0.947956
0.188699
0.585552
0.928215
0.254855
0.726353
0.760242
0.697169
0.807517
0.594508
0.922047
0.274914
0.762430
0.692795
0.814040
0.578999
0.932340
0.241280
0.700189
0.802926
0.605226
0.913860
0.301092
0.804883
0.600677
0.917442
0.289701
0.787054
0.641042
0.880123
0.403547
0.920627
0.279494
0.770235
0.676894
0.836525
0.523050
0.954178
0.167231
0.532666
0.952129
0.174335
0.550557
0.946434
0.193908
0.597851
0.919588
0.282832
0.775823
0.665222
0.851798
0.482841
0.955084
0.164080
0.524608
0.953894
0.168218
0.535174
0.951478
0.176584
0.556139
0.944156
0.201667
0.615790
0.904929
0.329061
0.844448
0.502414
0.956188
0.160233
0.514665
0.955388
0.163023
0.521886
0.954378
0.166537
0.530896
0.952559
0.172846
0.546838
0.947819
0.189168
0.586668
0.927480
0.257262
0.730843
0.752390
0.712565
0.783388
0.649041
0.871248
0.429052
0.936957
0.225927
0.668903
0.847095
0.495414
0.956130
0.160436
0.515191
0.955327
0.163233
0.522427
0.954286
0.166855
0.531708
0.952365
0.173519
0.548521
0.947205
0.191270
0.591649
0.924083
0.268325
0.750919
0.715397
0.778753
0.659007
0.859506
0.461870
0.950649
0.179444
0.563184
0.940940
0.212553
0.640180
0.881051
0.400845
0.918605
0.285982
0.781019
0.654156
0.865316
0.445763
0.944959
0.198936
0.609529
0.910325
0.312235
0.821362
0.561205
0.941882
0.209373
0.633148
0.888402
0.379211
0.900406
0.342994
0.861924
0.455199
0.948533
0.186722
0.580828
0.931221
0.244974
0.707449
0.791608
0.630964
0.890608
0.372636
0.894165
0.361960
0.883327
0.394189
0.913387
0.302587
0.807149
0.595372
0.921420
0.276937
0.765898
0.685788
0.824187
0.554229
0.944962
0.198926
0.609504
0.910346
0.312170
0.821269
0.561435
0.941774
0.209737
0.633957
0.887575
0.381663
0.902649
0.336105
0.853468
0.478335
0.954415
0.166408
0.530568
0.952636
0.172579
0.546171
0.948057
0.188355
0.584733
0.928749
0.253106
0.723060
0.765902
0.685778
0.824201
0.554194
0.944976
0.198876
0.609391
0.910441
0.311871
0.820839
0.562489
0.941274
0.211425
0.637695
0.883691
0.393121
0.912518
0.305332
0.811265
0.585637
0.928160
0.255037
0.726694
0.759651
0.698345
0.805739
0.598679
0.918965
0.284828
0.779124
0.658216
0.860465
0.459229
0.949852
0.182189
0.569887
0.937529
0.224015
0.664881
0.852229
0.481681
0.954926
0.164628
0.526014
0.953622
0.169163
0.537569
0.950811
0.178884
0.561810
0.941597
0.210335
0.635283
0.886209
0.385705
0.906245
0.324977
0.839043
0.516543
0.955163
0.163804
0.523897
0.954026
0.167759
0.534010
0.951786
0.175520
0.553502
0.945261
0.197906
0.607152
0.912295
0.306037
0.812314
0.583135
0.929775
0.249738
0.716655
0.776674
0.663425
0.854057
0.476741
0.954141
0.167360
0.532995
0.952046
0.174620
0.551267
0.946157
0.194851
0.600057
