1.0
1.9999999999999996
2.170086486626033
2.5615528128088307
2.6286512817427528
3.1842800901390325
3.2404357915733906
3.3614687661858267
3.669693241053147
3.6989910710335696
3.7598749399945883
4.1979943088882
4.22670309794427
4.27878161192457
4.3930059378628314
4.69309066430935
5.330022811105843
6.185577766436134
7.120014926013518
7.195247576708498
7.196750331729403
7.235109709657749
7.235901118882987
7.270487811855431
7.271196553439018
7.272176427978831
7.310713156591671
7.311523384171024
7.312643061305769
7.314290854639697
7.361491926491941
7.362525568294968
7.3639536982193405
7.366054639302921
7.36944742905494
7.375835739850414
7.392105385828383
7.392580050312093
7.399253257934501
7.3993941414537865
7.399588313746346
7.3998730466883025
7.400330909050523
7.4003407186646655
7.400354249842548
7.400369147444994
7.400369438793888
7.4007217433117995
7.400729143079449
7.400739340034554
7.400754289821031
7.4007545923182025
7.400755008417975
7.407770304092379
7.407934660413203
7.408162325489723
7.408498582191039
7.40904537269091
7.409795461143235
7.40981201785597
7.409834881901302
7.409868505323613
7.4098691853181355
7.409870120336122
7.409870138500339
7.409903194588258
7.409903882091363
7.410604048225878
7.410620739420622
7.4106438834581
7.410678118792152
7.410707733625262
7.410708315555594
7.41134243671241
7.411356022605281
7.411374754735446
7.411402240202819
7.411425804874831
7.411426265877603
7.4114268987624845
7.411426911040771
7.411454404471241
7.411454974570659
7.411455759366257
7.50228740494908
7.504670045533441
7.507969008789022
7.512833625162417
7.520705731774814
7.535511531568295
7.572294306195246
7.728959350188998
7.734005834438973
7.740959166472138
7.751121584777414
7.767273984388993
7.796402036505857
7.842204148878141
7.8431645251004145
7.844465391028644
7.844487843845704
7.8670562706263105
7.867470820590992
7.9001282648458115
7.900728641388206
7.901535974135451
7.926252093163221
7.926696332592542
7.927292731806996
7.928135520037738
7.928150134336998
7.928918734813477
7.9289320208375615
7.9289498343968985
7.928969105698745
7.928989414525846
7.929018220176922
7.92901872070666
7.930056013662152
7.930075964868223
7.930102833929538
7.930103286626407
7.931501907063738
7.931528055219331
7.931563224485493
7.957666773004194
7.958132735047302
7.95875746111261
7.959433819586104
7.959445122418433
7.959460241776463
7.959460493715992
7.960250365889204
7.960264222194503
7.961387249099559
7.961407179672122
7.962731832083193
7.9627554663999796
7.965596819680815
7.9656536299828025
7.96573017992758
7.965731459007914
8.051751775888102
8.053885211303466
8.056774170934592
8.577273451566889
8.587075533509463
8.59984923587589
8.617149291056089
8.641797701064375
8.679411795770784
8.74252887115965
8.743526440723311
8.744826361486744
8.746215863671715
8.746234910806479
8.77222366632304
8.772590949613804
8.773067626206515
8.77307410035996
8.81240973631056
8.812988445299496
8.813739573864652
8.814753553022328
8.814767512924458
8.8566484401113
8.857243704188154
8.858014547198207
8.859051975711633
8.860522886265718
8.862769710102926
8.865719204826636
8.865763230958308
8.865820343217994
8.867385887487043
8.867407800859976
8.867436167205057
8.86747432888809
9.018673729120703
9.020830196350458
9.02360826390575
9.027320520941117
9.032529691830854
9.040358141887975
9.053396623306512
9.07912671391174
9.086345937030293
9.096297435496375
9.096427882291012
9.108425774528918
9.10858609212307
9.131094332104626
9.131416360798891
9.16334430281277
9.163808295565147
9.164404924867643
9.177658194236994
9.177831086782437
9.178052642641443
9.178346763900635
9.178756061123682
9.179364592792135
9.179372799153695
9.179383326466876
9.179726275477412
9.179730614460162
9.179736170136184
9.180224029697406
9.180230492036628
9.180238777448547
9.180249784059647
9.180265115838251
9.180265314667054
9.180265569428217
9.180265572575983
9.192722070555652
9.192889933329194
9.193105173210165
9.193391134942392
9.193789505565645
9.194382715405402
9.195359719755267
9.195373707940037
9.19539167886466
9.195840787696348
9.195846602620712
9.195854050133724
9.195863930049114
9.195877666580692
9.195898065407476
9.195898339360268
9.195898690609651
9.19591090239754
9.195911059539265
9.195911260763975
9.19591152764842
9.195911531000867
9.19591177095879
9.195911773966724
9.195923870939657
9.195924029604992
9.195924232894392
9.196423733686247
9.196430755398776
9.19643977087884
9.196451769793867
9.196468526660318
9.196493571232853
9.196506828454364
9.19650699293474
9.19652002590653
9.196520189811231
9.212682210068134
9.212918812605242
9.213222817723587
9.213627793946284
9.214194017640478
9.215041590814554
9.21644895377651
9.217012404253152
9.217019398702368
9.217542317305199
9.217548881096754
9.218607204485357
9.218621281292034
9.218639314556471
9.218663244974085
9.21869653051874
9.218696958350767
9.21869750588208
9.218698085353706
9.218698092457178
9.255888589872079
9.256420285596537
9.257102037672867
9.258007719537066
9.259269117433298
9.261146330206751
9.264233230552797
9.270237959390334
9.286735739664657
9.290424244989094
9.293011294466796
9.29656988662325
9.296614580592465
9.304841628226916
9.30495368920082
9.319508180971967
9.319720653769071
9.319992919545713
9.32035433589041
9.320666815664143
9.320984413081197
9.321407807281007
9.321413003868658
9.322041850168047
9.32204990992735
9.323214220288103
9.323230328989087
1.0
1.9999999999999996
2.170086486626033
2.5615528128088307
2.6286512817427528
3.1842800901390325
3.2404357915733906
3.3614687661858267
3.669693241053147
3.6989910710335696
3.7598749399945897
4.197994308888202
4.226703097944267
4.278781611924581
4.393005937862834
4.69309066430935
5.330022811105841
6.18557776643615
7.120014926013511
7.195247576708495
7.196750331729419
7.235109709657753
7.235901118882973
7.27048781185545
7.271196553439018
7.2721764279788275
7.31071315659167
7.311523384170995
7.312643061305776
7.314290854639698
7.361491926491957
7.362525568294955
7.363953698219342
7.366054639302915
7.369447429054955
7.375835739850412
7.392105385828376
7.392580050312086
7.399253257934522
7.399394141453815
7.39958831374633
7.39987304668831
7.400330909050518
7.400340718664694
7.400354249842534
7.400369147444999
7.400369438793881
7.400721743311808
7.4007291430794515
7.400739340034556
7.400754289821041
7.4007545923182
7.400755008417983
7.407770304092383
7.40793466041317
7.408162325489728
7.408498582191035
7.409045372690913
7.409795461143216
7.409812017855967
7.409834881901295
7.4098685053236135
7.409869185318125
7.409870120336113
7.409870138500327
7.409903194588249
7.409903882091372
7.410604048225892
7.410620739420627
7.410643883458075
7.410678118792143
7.410707733625259
7.410708315555611
7.411342436712399
7.411356022605257
7.4113747547354585
7.411402240202818
7.411425804874834
7.411426265877597
7.4114268987624925
7.411426911040766
7.4114544044712485
7.411454974570664
7.411455759366198
7.502287404949069
7.504670045533388
7.507969008789023
7.512833625162395
7.520705731774819
7.535511531568323
7.572294306195269
7.728959350188998
7.734005834438967
7.740959166472123
7.751121584777403
7.767273984388991
7.796402036505835
7.842204148878137
7.8431645251004385
7.844465391028642
7.844487843845665
7.8670562706262945
7.8674708205909685
7.900128264845845
7.90072864138824
7.90153597413542
7.926252093163255
7.926696332592561
7.927292731806983
7.928135520037777
7.928150134336957
7.928918734813443
7.928932020837559
7.9289498343969065
7.928969105698736
7.928989414525857
7.929018220176923
7.929018720706653
7.9300560136621465
7.930075964868235
7.930102833929533
7.930103286626411
7.9315019070637645
7.9315280552193155
7.931563224485489
7.957666773004233
7.95813273504732
7.9587574611125795
7.959433819586083
7.9594451224183596
7.959460241776513
7.959460493715995
7.96025036588922
7.960264222194532
7.9613872490994995
7.961407179672102
7.962731832083179
7.96275546639997
7.965596819680839
7.965653629982768
7.965730179927542
7.965731459007904
8.0517517758881
8.05388521130347
8.056774170934558
8.577273451566908
8.587075533509523
8.599849235875906
8.617149291056148
8.641797701064348
8.679411795770786
8.742528871159665
8.7435264407233
8.744826361486693
8.746215863671742
8.746234910806418
8.772223666322997
8.772590949613836
8.773067626206483
8.773074100360006
8.812409736310592
8.81298844529945
8.813739573864606
8.814753553022344
8.814767512924476
8.856648440111314
8.857243704188074
8.858014547198136
8.859051975711559
8.860522886265757
8.862769710102933
8.865719204826673
8.865763230958322
8.86582034321804
8.867385887487053
8.867407800859889
8.867436167205117
8.8674743288881
9.018673729120703
9.020830196350383
9.023608263905752
9.027320520941124
9.032529691830838
9.04035814188798
9.053396623306483
9.07912671391174
9.086345937030256
9.096297435496403
9.096427882290994
9.108425774528907
9.108586092123053
9.131094332104599
9.131416360798887
9.163344302812746
9.16380829556514
9.164404924867664
9.177658194236976
9.177831086782476
9.178052642641454
9.178346763900583
9.178756061123647
9.17936459279214
9.179372799153697
9.17938332646688
9.179726275477371
9.17973061446008
9.179736170136117
9.180224029697433
9.180230492036657
9.180238777448476
9.180249784059633
9.180265115838267
9.180265314667045
9.180265569428169
9.180265572575959
9.192722070555599
9.192889933329166
9.193105173210252
9.193391134942392
9.193789505565654
9.194382715405487
9.195359719755249
9.195373707940039
9.195391678864627
9.195840787696293
9.195846602620666
9.195854050133715
9.195863930049088
9.1958776665808
9.195898065407425
9.195898339360342
9.19589869060962
9.195910902397625
9.195911059539227
9.195911260764044
9.195911527648404
9.19591153100079
9.195911770958846
9.195911773966666
9.195923870939673
9.19592402960502
9.195924232894376
9.196423733686247
9.196430755398696
9.196439770878897
9.196451769793908
9.196468526660277
9.196493571232928
9.196506828454309
9.196506992934703
9.196520025906509
9.19652018981121
9.212682210068124
9.2129188126052
9.213222817723553
9.213627793946353
9.214194017640462
9.215041590814623
9.216448953776453
9.217012404253156
9.217019398702448
9.21754231730523
9.217548881096825
9.218607204485355
9.218621281291963
9.21863931455648
9.218663244974088
9.218696530518807
9.218696958350849
9.218697505882085
9.218698085353719
9.21869809245718
9.255888589872107
9.256420285596604
9.257102037672865
9.258007719537101
9.259269117433357
9.261146330206724
9.264233230552826
9.270237959390329
9.286735739664575
9.29042424498913
9.293011294466751
9.296569886623178
9.296614580592554
9.304841628226917
9.304953689200829
9.319508180971935
9.319720653769162
9.319992919545731
9.32035433589045
9.3206668156641
9.320984413081188
9.321407807280972
9.321413003868702
9.322041850168022
9.322049909927284
9.323214220288227
9.32323032898906
1.0
1.9999999999999996
2.170086486626033
2.6286512817427528
3.1842800901390325
3.2404357915733906
3.3614687661858267
3.669693241053147
3.6989910710335696
3.7598749399945897
4.197994308888202
4.226703097944267
4.278781611924581
4.393005937862834
4.69309066430935
5.330022811105841
7.120014926013511
7.235109709657753
7.235901118882973
7.27048781185545
7.271196553439018
7.2721764279788275
7.31071315659167
7.311523384170995
7.312643061305776
7.314290854639698
7.361491926491957
7.362525568294955
7.363953698219342
7.366054639302915
7.369447429054955
7.375835739850412
7.392105385828376
7.392580050312086
7.399253257934522
7.399394141453815
7.39958831374633
7.39987304668831
7.400330909050518
7.400340718664694
7.400354249842534
7.400369147444999
7.400369438793881
7.400721743311808
7.4007291430794515
7.400739340034556
7.400754289821041
7.4007545923182
7.400755008417983
7.407770304092383
7.40793466041317
7.408162325489728
7.408498582191035
7.409045372690913
7.409795461143216
7.409812017855967
7.409834881901295
7.4098685053236135
7.409869185318125
7.409870120336113
7.409870138500327
7.409903194588249
7.409903882091372
7.410604048225892
7.410620739420627
7.410643883458075
7.410678118792143
7.410707733625259
7.410708315555611
7.411342436712399
7.411356022605257
7.4113747547354585
7.411402240202818
7.411425804874834
7.411426265877597
7.4114268987624925
7.411426911040766
7.4114544044712485
7.411454974570664
7.411455759366198
7.502287404949069
7.504670045533388
7.507969008789023
7.512833625162395
7.520705731774819
7.535511531568323
7.572294306195269
7.728959350188998
7.734005834438967
7.740959166472123
7.751121584777403
7.767273984388991
7.796402036505835
7.842204148878137
7.8431645251004385
7.844465391028642
7.844487843845665
7.8670562706262945
7.8674708205909685
7.900128264845845
7.90072864138824
7.90153597413542
7.926252093163255
7.926696332592561
7.927292731806983
7.928135520037777
7.928150134336957
7.928918734813443
7.928932020837559
7.9289498343969065
7.928969105698736
7.928989414525857
7.929018220176923
7.929018720706653
7.9300560136621465
7.930075964868235
7.930102833929533
7.930103286626411
7.9315019070637645
7.9315280552193155
7.931563224485489
7.957666773004233
7.95813273504732
7.9587574611125795
7.959433819586083
7.9594451224183596
7.959460241776513
7.959460493715995
7.96025036588922
7.960264222194532
7.9613872490994995
7.961407179672102
7.962731832083179
7.96275546639997
7.965596819680839
7.965653629982768
7.965730179927542
7.965731459007904
8.0517517758881
8.05388521130347
8.056774170934558
8.577273451566908
8.587075533509523
8.599849235875906
8.617149291056148
8.641797701064348
8.679411795770786
8.742528871159665
8.7435264407233
8.744826361486693
8.746215863671742
8.746234910806418
8.772223666322997
8.772590949613836
8.773067626206483
8.773074100360006
8.812409736310592
8.81298844529945
8.813739573864606
8.814753553022344
8.814767512924476
8.856648440111314
8.857243704188074
8.858014547198136
8.859051975711559
8.860522886265757
8.862769710102933
8.865719204826673
8.865763230958322
8.86582034321804
8.867385887487053
8.867407800859889
8.867436167205117
8.8674743288881
9.018673729120703
9.020830196350383
9.023608263905752
9.027320520941124
9.032529691830838
9.04035814188798
9.053396623306483
9.07912671391174
9.086345937030256
9.096297435496403
9.096427882290994
9.108425774528907
9.108586092123053
9.131094332104599
9.131416360798887
9.163344302812746
9.16380829556514
9.164404924867664
9.177658194236976
9.177831086782476
9.178052642641454
9.178346763900583
9.178756061123647
9.17936459279214
9.179372799153697
9.17938332646688
9.179726275477371
9.17973061446008
9.179736170136117
9.180224029697433
9.180230492036657
9.180238777448476
9.180249784059633
9.180265115838267
9.180265314667045
9.180265569428169
9.180265572575959
9.192722070555599
9.192889933329166
9.193105173210252
9.193391134942392
9.193789505565654
9.194382715405487
9.195359719755249
9.195373707940039
9.195391678864627
9.195840787696293
9.195846602620666
9.195854050133715
9.195863930049088
9.1958776665808
9.195898065407425
9.195898339360342
9.19589869060962
9.195910902397625
9.195911059539227
9.195911260764044
9.195911527648404
9.19591153100079
9.195911770958846
9.195911773966666
9.195923870939673
9.19592402960502
9.195924232894376
9.196423733686247
9.196430755398696
9.196439770878897
9.196451769793908
9.196468526660277
9.196493571232928
9.196506828454309
9.196506992934703
9.196520025906509
9.19652018981121
9.212682210068124
9.2129188126052
9.213222817723553
9.213627793946353
9.214194017640462
9.215041590814623
9.216448953776453
9.217012404253156
9.217019398702448
9.21754231730523
9.217548881096825
9.218607204485355
9.218621281291963
9.21863931455648
9.218663244974088
9.218696530518807
9.218696958350849
9.218697505882085
9.218698085353719
9.21869809245718
9.255888589872107
9.256420285596604
9.257102037672865
9.258007719537101
9.259269117433357
9.261146330206724
9.264233230552826
9.270237959390329
9.286735739664575
9.29042424498913
9.293011294466751
9.296569886623178
9.296614580592554
9.304841628226917
9.304953689200829
9.319508180971935
9.319720653769162
9.319992919545731
9.32035433589045
9.3206668156641
9.320984413081188
9.321407807280972
9.321413003868702
9.322041850168022
9.322049909927284
9.323214220288227
9.32323032898906
