0, 2
1, 2
2, 4
3, 2
4, 7
5, 2
6, 3
7, 5
8, 2
9, 6
10, 2
11, 4
12, 2
13, 8
14, 3
15, 3
16, 12
17, 3
18, 3
19, 6
20, 3
21, 3
22, 7
23, 3
24, 3
25, 9
26, 3
27, 3
28, 6
29, 3
30, 3
31, 9
32, 3
33, 3
34, 6
35, 3
36, 3
37, 15
38, 3
39, 3
40, 6
41, 3
42, 3
43, 7
44, 3
45, 3
46, 12
47, 3
48, 3
49, 6
50, 3
51, 3
52, 7
53, 3
54, 3
55, 11
56, 3
57, 3
58, 6
59, 3
60, 3
61, 7
62, 3
63, 3
64, 8
65, 3
66, 3
67, 6
68, 3
69, 3
70, 13
71, 3
72, 3
73, 6
74, 3
75, 3
76, 7
77, 3
78, 3
79, 11
80, 3
81, 3
82, 7
83, 3
84, 3
85, 7
86, 3
87, 3
88, 17
89, 3
90, 3
91, 8
92, 3
93, 3
94, 7
95, 3
96, 3
97, 8
98, 3
99, 3
100, 10
101, 3
102, 3
103, 7
104, 3
105, 3
106, 7
107, 3
108, 3
109, 16
110, 3
111, 3
112, 7
113, 3
114, 3
115, 8
116, 3
117, 3
118, 8
119, 2
120, 3
121, 6
122, 2
123, 3
124, 5
125, 2
126, 4
127, 2
128, 14
129, 3
130, 3
131, 7
132, 3
133, 3
134, 7
135, 3
136, 3
137, 11
138, 3
139, 3
140, 6
141, 3
142, 3
143, 9
144, 3
145, 3
146, 6
147, 3
148, 3
149, 9
150, 3
151, 3
152, 6
153, 3
154, 3
155, 18
156, 3
157, 3
158, 7
159, 3
160, 3
161, 8
162, 3
163, 3
164, 8
165, 2
166, 3
167, 6
168, 2
169, 3
170, 6
171, 2
172, 5
173, 2
174, 5
175, 2
176, 18
177, 3
178, 3
179, 7
180, 3
181, 3
182, 7
183, 3
184, 3
185, 11
186, 3
187, 3
188, 6
189, 3
190, 3
191, 8
192, 3
193, 3
194, 6
195, 3
196, 3
197, 10
198, 3
199, 3
200, 6
201, 3
202, 3
203, 12
204, 3
205, 3
206, 7
207, 3
208, 3
209, 7
210, 3
211, 3
212, 14
213, 3
214, 3
215, 7
216, 3
217, 3
218, 7
219, 3
220, 3
221, 8
222, 3
223, 3
224, 8
225, 3
226, 3
227, 6
228, 3
229, 3
230, 17
231, 3
232, 3
233, 10
234, 3
235, 3
236, 10
237, 3
238, 3
239, 10
240, 3
241, 3
242, 10
243, 3
244, 3
245, 10
246, 3
247, 3
248, 15
249, 3
250, 3
251, 7
252, 3
253, 3
254, 7
255, 3
256, 3
257, 9
258, 3
259, 3
260, 6
261, 3
262, 3
263, 15
264, 3
265, 3
266, 7
267, 3
268, 3
269, 7
270, 3
271, 3
272, 9
273, 3
274, 3
275, 6
276, 3
277, 3
278, 11
279, 3
280, 3
281, 6
282, 3
283, 3
284, 9
285, 3
286, 3
287, 6
288, 3
289, 3
290, 12
291, 3
292, 3
293, 6
294, 3
295, 3
296, 7
297, 3
298, 3
299, 8
300, 3
301, 3
302, 6
303, 3
304, 3
305, 20
306, 3
307, 3
308, 8
309, 3
310, 3
311, 9
312, 3
313, 3
314, 9
315, 2
316, 3
317, 6
318, 2
319, 3
320, 5
321, 2
322, 4
323, 2
324, 11
325, 3
326, 3
327, 16
328, 3
329, 3
330, 9
331, 3
332, 3
333, 9
334, 3
335, 3
336, 8
337, 3
338, 3
339, 9
340, 3
341, 3
342, 15
343, 3
344, 3
345, 7
346, 3
347, 3
348, 7
349, 3
350, 3
351, 11
352, 3
353, 3
354, 6
355, 3
356, 3
357, 9
358, 3
359, 3
360, 6
361, 3
362, 3
363, 13
364, 3
365, 3
366, 6
367, 3
368, 3
369, 7
370, 3
371, 3
372, 8
373, 3
374, 3
375, 6
376, 3
377, 3
378, 12
379, 3
380, 3
381, 7
382, 3
383, 3
384, 7
385, 3
386, 3
387, 22
388, 3
389, 3
390, 8
391, 3
392, 3
393, 8
394, 3
395, 3
396, 8
397, 2
398, 3
399, 6
400, 2
401, 3
402, 5
403, 2
404, 4
405, 2
406, 11
407, 3
408, 3
409, 9
410, 3
411, 3
412, 6
413, 3
414, 3
415, 16
416, 3
417, 3
418, 7
419, 3
420, 3
421, 8
422, 3
423, 3
424, 8
425, 3
426, 3
427, 8
428, 3
429, 3
430, 9
431, 2
432, 3
433, 7
434, 2
435, 3
436, 4
437, 2
438, 8
439, 2
440, 3
441, 4
442, 2
443, 19
444, 3
445, 3
446, 9
447, 3
448, 3
449, 9
450, 3
451, 3
452, 9
453, 3
454, 3
455, 9
456, 3
457, 3
458, 12
459, 3
460, 3
461, 7
462, 3
463, 3
464, 7
465, 3
466, 3
467, 14
468, 3
469, 3
470, 8
471, 3
472, 3
473, 8
474, 3
475, 3
476, 8
477, 3
478, 3
479, 10
480, 3
481, 3
482, 6
483, 3
484, 3
485, 11
486, 3
487, 3
488, 7
489, 3
490, 3
491, 7
492, 3
493, 3
494, 11
495, 3
496, 3
497, 6
498, 3
499, 3
500, 7
501, 3
502, 3
503, 8
504, 3
505, 3
506, 6
507, 3
508, 3
509, 24
510, 3
511, 3
512, 11
513, 3
514, 3
515, 11
516, 3
517, 3
518, 11
519, 3
520, 3
521, 11
522, 3
523, 3
524, 11
525, 3
526, 3
527, 11
528, 3
529, 3
530, 13
531, 3
532, 3
533, 6
534, 3
535, 3
536, 12
537, 3
538, 3
539, 6
540, 3
541, 3
542, 7
543, 3
544, 3
545, 8
546, 3
547, 3
548, 6
549, 3
550, 3
551, 14
552, 3
553, 3
554, 6
555, 3
556, 3
557, 7
558, 3
559, 3
560, 8
561, 3
562, 3
563, 6
564, 3
565, 3
566, 10
567, 3
568, 3
569, 6
570, 3
571, 3
572, 11
573, 3
574, 3
575, 6
576, 3
577, 3
578, 8
579, 3
580, 3
581, 6
582, 3
583, 3
584, 19
585, 3
586, 3
587, 9
588, 3
589, 3
590, 8
591, 3
592, 3
593, 8
594, 3
595, 3
596, 9
597, 3
598, 3
599, 12
600, 3
601, 3
602, 6
603, 3
604, 3
605, 7
606, 3
607, 3
608, 8
609, 3
610, 3
611, 6
612, 3
613, 3
614, 12
615, 3
616, 3
617, 6
618, 3
619, 3
620, 7
621, 3
622, 3
623, 8
624, 3
625, 3
626, 6
627, 3
628, 3
629, 16
630, 3
631, 3
632, 7
633, 3
634, 3
635, 7
636, 3
637, 3
638, 10
639, 3
640, 3
641, 7
642, 3
643, 3
644, 9
645, 3
646, 3
647, 6
648, 3
649, 3
650, 12
651, 3
652, 3
653, 6
654, 3
655, 3
656, 7
657, 3
658, 3
659, 9
660, 3
661, 3
662, 6
663, 3
664, 3
665, 8
666, 3
667, 3
668, 6
669, 3
670, 3
671, 20
672, 3
673, 3
674, 8
675, 3
676, 3
677, 9
678, 3
679, 3
680, 9
681, 2
682, 3
683, 6
684, 2
685, 3
686, 6
687, 2
688, 5
689, 2
690, 5
691, 2
692, 12
693, 3
694, 3
695, 13
696, 3
697, 3
698, 6
699, 3
700, 3
701, 9
702, 3
703, 3
704, 6
705, 3
706, 3
707, 9
708, 3
709, 3
710, 6
711, 3
712, 3
713, 15
714, 3
715, 3
716, 8
717, 3
718, 3
719, 9
720, 3
721, 3
722, 9
723, 2
724, 3
725, 7
726, 2
727, 3
728, 6
729, 2
730, 5
731, 2
732, 5
733, 2
734, 12
735, 3
736, 3
737, 26
738, 3
739, 3
740, 7
741, 3
742, 3
743, 8
744, 3
745, 3
746, 8
747, 2
748, 3
749, 6
750, 2
751, 3
752, 5
753, 2
754, 4
755, 2
756, 16
757, 3
758, 3
759, 6
760, 3
761, 3
762, 7
763, 3
764, 3
765, 8
766, 3
767, 3
768, 6
769, 3
770, 3
771, 12
772, 3
773, 3
774, 6
775, 3
776, 3
777, 8
778, 3
779, 3
780, 6
781, 3
782, 3
783, 9
784, 3
785, 3
786, 6
787, 3
788, 3
789, 12
790, 3
791, 3
792, 7
793, 3
794, 3
795, 7
796, 3
797, 3
798, 16
799, 3
800, 3
801, 7
802, 3
803, 3
804, 7
805, 3
806, 3
807, 9
808, 3
809, 3
810, 6
811, 3
812, 3
813, 17
814, 3
815, 3
816, 7
817, 3
818, 3
819, 7
820, 3
821, 3
822, 9
823, 3
824, 3
825, 6
826, 3
827, 3
828, 12
829, 3
830, 3
831, 6
832, 3
833, 3
834, 7
835, 3
836, 3
837, 11
838, 3
839, 3
840, 6
841, 3
842, 3
843, 7
844, 3
845, 3
846, 9
847, 3
848, 3
849, 6
850, 3
851, 3
852, 8
853, 3
854, 3
855, 6
856, 3
857, 3
858, 15
859, 3
860, 3
861, 7
862, 3
863, 3
864, 7
865, 3
866, 3
867, 10
868, 3
869, 3
870, 7
871, 3
872, 3
873, 7
874, 3
875, 3
876, 18
877, 3
878, 3
879, 8
880, 3
881, 3
882, 7
883, 3
884, 3
885, 8
886, 3
887, 3
888, 10
889, 3
890, 3
891, 7
892, 3
893, 3
894, 7
895, 3
896, 3
897, 15
898, 3
899, 3
900, 8
901, 3
902, 3
903, 8
904, 3
905, 3
906, 8
907, 3
908, 3
909, 18
910, 3
911, 3
912, 8
913, 3
914, 3
915, 9
916, 3
917, 3
918, 10
919, 2
920, 3
921, 8
922, 2
923, 3
924, 5
925, 2
926, 4
927, 2
928, 12
929, 2
930, 3
931, 5
932, 2
933, 4
934, 2
935, 9
936, 2
937, 4
938, 5
939, 2
940, 5
941, 2
942, 15
943, 2
944, 3
945, 6
946, 2
947, 3
948, 4
949, 2
950, 13
951, 3
952, 3
953, 5
954, 2
955, 2
