0.100000
0.360000
0.921600
0.289014
0.821940
0.585419
0.970814
0.113336
0.401964
0.961556
0.147865
0.504004
0.999936
0.000257
0.001026
0.004099
0.016329
0.064250
0.240488
0.730614
0.787269
0.669906
0.884528
0.408552
0.966549
0.129328
0.450409
0.990163
0.038961
0.149773
0.509365
0.999649
0.001403
0.005603
0.022285
0.087152
0.318226
0.867833
0.458796
0.993209
0.026980
0.105006
0.375920
0.938417
0.231162
0.710904
0.822078
0.585064
0.971056
0.112423
0.399137
0.959307
0.156150
0.527068
0.997069
0.011688
0.046205
0.176282
0.580827
0.973868
0.101796
0.365734
0.927890
0.267641
0.784036
0.677293
0.874268
0.439693
0.985452
0.057345
0.216225
0.677888
0.873424
0.442218
0.986645
0.052706
0.199711
0.639307
0.922375
0.286399
0.817498
0.596779
0.962535
0.144245
0.493753
0.999844
0.000625
0.002497
0.009962
0.039450
0.151575
0.514401
0.999170
0.003315
0.013217
0.052170
0.197795
0.634688
0.927437
0.269192
0.786911
0.670729
0.883406
0.411998
0.969023
0.120071
0.422617
0.976047
0.093516
0.339081
0.896421
0.371402
0.933850
0.247096
0.744159
0.761546
0.726376
0.795016
0.651862
0.907752
0.334953
0.891039
0.388355
0.950142
0.189489
0.614333
0.947712
0.198216
0.635705
0.926336
0.272949
0.793792
0.654744
0.904217
0.346435
0.905671
0.341723
0.899793
0.360662
0.922340
0.286517
0.817700
0.596267
0.962931
0.142781
0.489577
0.999565
0.001738
0.006938
0.027560
0.107202
0.382838
0.945093
0.207570
0.657939
0.900221
0.359294
0.920807
0.291686
0.826422
0.573795
0.978217
0.085233
0.311874
0.858434
0.486101
0.999227
0.003089
0.012317
0.048660
0.185168
0.603524
0.957131
0.164126
0.548753
0.990492
0.037669
0.144999
0.495898
0.999933
0.000269
0.001076
0.004301
0.017129
0.067342
0.251228
0.752449
0.745077
0.759748
0.730123
0.788174
0.667824
0.887341
0.399868
0.959894
0.153989
0.521105
0.998218
0.007114
0.028255
0.109826
0.391058
0.952527
0.180878
0.592646
0.965667
0.132616
0.460117
0.993637
0.025289
0.098597
0.355503
0.916482
0.306171
0.849721
0.510780
0.999535
0.001858
0.007419
0.029458
0.114360
0.405127
0.963996
0.138829
0.478223
0.998103
0.007574
0.030066
0.116647
0.412160
0.969137
0.119643
0.421313
0.975233
0.096613
0.349117
0.908937
0.331081
0.885866
0.404431
0.963466
0.140795
0.483888
0.998962
0.004149
0.016528
0.065019
0.243165
0.736143
0.776945
0.693205
0.850688
0.508073
0.999739
0.001043
0.004166
0.016594
0.065276
0.244060
0.737978
0.773466
0.700865
0.838613
0.541366
0.993155
0.027191
0.105807
0.378448
0.940901
0.222427
0.691812
0.852833
0.502036
0.999983
0.000066
0.000265
0.001060
0.004236
0.016872
0.066350
0.247790
0.745560
0.758800
0.732089
0.784538
0.676152
0.875882
0.434852
0.983023
0.066756
0.249197
0.748392
0.753206
0.743548
0.762738
0.723874
0.799521
0.641148
0.920309
0.293362
0.829202
0.566504
0.982309
0.069512
0.258720
0.767136
0.714553
0.815868
0.600910
0.959269
0.156289
0.527451
0.996986
0.012021
0.047505
0.180993
0.592937
0.965451
0.133423
0.462486
0.994371
0.022390
0.087555
0.319555
0.869759
0.453113
0.991207
0.034865
0.134596
0.465920
0.995354
0.018496
0.072617
0.269377
0.787252
0.669946
0.884473
0.408721
0.966673
0.128867
0.449040
0.989613
0.041118
0.157710
0.531351
0.996068
0.015665
0.061677
0.231493
0.711616
0.820874
0.588160
0.968912
0.120488
0.423882
0.976824
0.090556
0.329422
0.883612
0.411367
0.968577
0.121743
0.427688
0.979084
0.081915
0.300820
0.841309
0.534034
0.995367
0.018447
0.072427
0.268726
0.786050
0.672701
0.880697
0.420280
0.974579
0.099101
0.357119
0.918340
0.299966
0.839945
0.537750
0.994300
0.022671
0.088629
0.323095
0.874819
0.438044
0.984646
0.060473
0.227264
0.702460
0.836040
0.548309
0.990665
0.036992
0.142494
0.488757
0.999494
0.002021
0.008069
0.032014
0.123957
0.434366
0.982769
0.067737
0.252595
0.755163
0.739568
0.770429
0.707472
0.827821
0.570133
0.980326
0.077149
0.284789
0.814737
0.603762
0.956934
0.164845
0.550684
0.989725
0.040679
0.156097
0.526924
0.997100
0.011565
0.045724
0.174533
0.576285
0.976723
0.090942
0.330687
0.885332
0.406076
0.964713
0.136168
0.470506
0.996520
0.013870
0.054711
0.206872
0.656304
0.902277
0.352694
0.913203
0.317052
0.866120
0.463824
0.994765
0.020830
0.081585
0.299716
0.839546
0.538834
0.993968
0.023984
0.093635
0.339471
0.896922
0.369812
0.932205
0.252797
0.755562
0.738753
0.771988
0.704089
0.833390
0.555404
0.987721
0.048511
0.184631
0.602171
0.958245
0.160047
0.537728
0.994306
0.022645
0.088527
0.322760
0.874344
0.439466
0.985342
0.057771
0.217735
0.681306
0.868512
0.456795
0.992533
0.029643
0.115059
0.407281
0.965613
0.132818
0.460710
0.993825
0.024547
0.095778
0.346417
0.905649
0.341796
0.899886
0.360363
0.922006
0.287642
0.819617
0.591380
0.966599
0.129143
0.449860
0.989944
0.039820
0.152937
0.518188
0.998677
0.005286
0.021033
0.082361
0.302312
0.843678
0.527542
0.996966
0.012100
0.047815
0.182114
0.595794
0.963294
0.141435
0.485726
0.999185
0.003257
0.012987
0.051271
0.194571
0.626852
0.935634
0.240892
0.731452
0.785719
0.673458
0.879650
0.423464
0.976569
0.091528
0.332604
0.887914
0.398091
0.958458
0.159266
0.535600
0.994930
0.020175
0.079073
0.291283
0.825750
0.575549
0.977170
0.089237
0.325095
0.877633
0.429573
0.980160
0.077786
0.286940
0.818421
0.594432
0.964331
0.137589
0.474632
0.997426
0.010271
0.040660
0.156028
0.526733
0.997141
0.011402
0.045087
0.172218
0.570237
0.980267
0.077373
0.285547
0.816039
0.600477
0.959618
0.155006
0.523916
0.997712
0.009131
0.036189
0.139516
0.480205
0.998433
0.006259
0.024881
0.097047
0.350516
0.910618
0.325571
0.878298
0.427563
0.979011
0.082192
0.301746
0.842781
0.530004
0.996399
0.014352
0.056583
0.213525
0.671729
0.882036
0.416193
0.971905
0.109221
0.389167
0.950864
0.186887
0.607840
0.953482
0.177417
0.583761
0.971936
0.109104
0.388802
0.950540
0.188056
0.610764
0.950925
0.186665
0.607285
0.953959
0.175684
0.579276
0.974861
0.098028
0.353673
0.914353
0.313246
0.860491
0.480185
0.998429
0.006272
0.024932
0.097243
0.351148
0.911373
0.323090
0.874811
0.438068
0.984658
0.060428
0.227106
0.702116
0.836597
0.546810
0.991235
0.034752
0.134178
0.464696
0.995015
0.019842
0.077793
0.286965
0.818464
0.594324
0.964412
0.137286
0.473755
0.997245
0.010990
0.043478
0.166351
0.554713
0.988026
0.047322
0.180332
0.591249
0.966694
0.128786
0.448802
0.989515
0.041500
0.159112
0.535181
0.995049
0.019705
0.077268
0.285190
0.815427
0.602024
0.958364
0.159610
0.536537
0.994660
0.021246
0.083177
0.305034
0.847954
0.515713
0.999012
0.003947
0.015724
0.061909
0.232305
0.713357
0.817916
0.595718
0.963352
0.141219
0.485106
0.999113
0.003546
0.014134
0.055739
0.210527
0.664823
0.891334
0.387431
0.949313
0.192472
0.621707
0.940750
0.222958
0.692991
0.851018
0.507145
0.999796
0.000817
0.003264
0.013013
0.051375
0.194944
0.627763
0.934706
0.244122
0.738105
0.773223
0.701396
0.837758
0.543678
0.992369
0.030291
0.117494
0.414757
0.970935
0.112883
0.400560
0.960447
0.151954
0.515457
0.999044
0.003819
0.015218
0.059947
0.225412
0.698406
0.842540
0.530665
0.996239
0.014989
0.059058
0.222279
0.691484
0.853336
0.500616
0.999999
0.000006
0.000024
0.000095
0.000381
0.001525
0.006091
0.024216
0.094518
0.342339
0.900572
0.358168
0.919535
0.295961
0.833473
0.555184
0.987819
0.048131
0.183256
0.598694
0.961038
0.149776
0.509373
0.999649
0.001405
0.005613
0.022326
0.087310
0.318748
0.868590
0.456564
0.992453
0.029959
0.116244
0.410926
0.968264
0.122917
0.431233
0.981084
0.074232
0.274885
0.797293
0.646467
0.914190
0.313787
0.861299
0.477851
0.998038
0.007834
0.031090
0.120493
0.423897
0.976833
0.090519
0.329303
0.883449
0.411866
0.968930
0.120420
0.423677
0.976699
0.091031
0.330977
0.885725
0.404865
0.963797
0.139569
0.480359
0.998457
0.006163
0.024501
0.095601
0.345847
0.904947
0.344072
0.902746
0.351184
0.911415
0.322952
0.874616
0.438651
0.984945
0.059312
0.223177
0.693476
0.850267
0.509251
0.999658
0.001369
0.005468
0.021751
0.085111
0.311467
0.857822
0.487855
0.999410
0.002358
0.009412
0.037292
0.143606
0.491934
0.999740
0.001041
0.004159
0.016568
0.065174
0.243704
0.737250
0.774850
0.697830
0.843453
0.528160
0.996828
0.012648
0.049952
0.189826
0.615169
0.946944
0.200964
0.642309
0.918992
0.297782
0.836432
0.547253
0.991068
0.035407
0.136613
0.471800
0.996819
0.012683
0.050088
0.190318
0.616389
0.945814
0.204999
0.651898
0.907708
0.335098
0.891229
0.387760
0.949609
0.191407
0.619081
0.943279
0.214016
0.672852
0.880489
0.420913
0.974981
0.097573
0.352210
0.912633
0.318937
0.868865
0.455755
0.992170
0.031077
0.120443
0.423746
0.976741
0.090871
0.330454
0.885017
0.407048
0.965440
0.133463
0.462604
0.994406
0.022250
0.087021
0.317795
0.867205
0.460643
0.993804
0.024630
0.096093
0.347436
0.906897
0.337740
0.894687
0.376887
0.939373
0.227805
0.703639
0.834124
0.553445
0.988575
0.045180
0.172554
0.571115
0.979770
0.079281
0.291983
0.826915
0.572506
0.978971
0.082346
0.302260
0.843595
0.527770
0.996915
0.012300
0.048596
0.184938
0.602945
0.957610
0.162374
0.544034
0.992244
0.030783
0.119341
0.420396
0.974653
0.098820
0.356218
0.917307
0.303419
0.845424
0.522730
0.997933
0.008249
0.032725
0.126617
0.442341
0.986702
0.052485
0.198922
0.637409
0.924475
0.279282
0.805135
0.627571
0.934903
0.243438
0.736703
0.775887
0.695546
0.847047
0.518234
0.998670
0.005313
0.021137
0.082762
0.303649
0.845785
0.521732
0.998111
0.007542
0.029941
0.116179
0.410724
0.968120
0.123457
0.432860
0.981969
0.070824
0.263231
0.775762
0.695822
0.846616
0.519431
0.998490
0.006032
0.023981
0.093625
0.339436
0.896877
0.369956
0.932354
0.252280
0.754540
0.740838
0.767989
0.712727
0.818988
0.592986
0.965415
0.133556
0.462876
0.994487
0.021929
0.085792
0.313726
0.861208
0.478114
0.998084
0.007650
0.030364
0.117768
0.415595
0.971503
0.110738
0.393902
0.954973
0.171999
0.569662
0.980589
0.076137
0.281362
0.808790
0.618596
0.943740
0.212378
0.669095
0.885628
0.405165
0.964025
0.138723
0.477917
0.998049
0.007788
0.030908
0.119812
0.421829
0.975557
0.095382
0.345137
0.904069
0.346912
0.906257
0.339822
0.897372
0.368382
0.930707
0.257965
0.765677
0.717663
0.810491
0.614381
0.947668
0.198373
0.636084
0.925925
0.274353
0.796334
0.648745
0.911500
0.322671
0.874218
0.439845
0.985525
0.057060
0.215217
0.675594
0.876667
0.432487
0.981768
0.071599
0.265891
0.780772
0.684668
0.863591
0.471205
0.996684
0.013222
0.052188
0.197858
0.634841
0.927271
0.269756
0.787951
0.668336
0.886652
0.402001
0.961585
0.147759
0.503704
0.999945
0.000220
0.000878
0.003509
0.013988
0.055169
0.208501
0.660114
0.897454
0.368121
0.930431
0.258916
0.767513
0.713747
0.817249
0.597411
0.962044
0.146061
0.498909
0.999995
0.000019
0.000075
0.000301
0.001205
0.004814
0.019163
0.075185
0.278128
0.803092
0.632541
0.929732
0.261323
0.772132
0.703776
0.833901
0.554039
0.988319
0.046178
0.176183
0.580569
0.974034
0.101165
0.363724
0.925715
0.275066
0.797618
0.645694
0.915093
0.310791
0.856800
0.490776
0.999660
0.001360
0.005434
0.021619
0.084607
0.309795
0.855288
0.495082
0.999903
0.000387
0.001548
0.006182
0.024577
0.095892
0.346787
0.906103
0.340320
0.898010
0.366353
0.928554
0.265366
0.779787
0.686877
0.860308
0.480713
0.998512
0.005943
0.023630
0.092286
0.335077
0.891202
0.387844
0.949684
0.191138
0.618417
0.943910
0.211777
0.667709
0.887494
0.399392
0.959512
0.155393
0.524984
0.997503
0.009963
0.039454
0.151588
0.514436
0.999166
0.003332
0.013283
0.052425
0.198705
0.636885
0.925050
0.277331
0.801673
0.635973
0.926045
0.273941
0.795590
0.650506
0.909392
0.329594
0.883847
0.410646
0.968064
0.123665
0.433488
0.982305
0.069529
0.258780
0.767252
0.714305
0.816294
0.599833
0.960133
0.153110
0.518669
0.998606
0.005569
0.022151
0.086642
0.316542
0.865373
0.466010
0.995379
0.018399
0.072243
0.268097
0.784885
0.675362
0.876992
0.431508
0.981235
0.073650
0.272902
0.793706
0.654947
0.903965
0.347248
0.906667
0.338487
0.895654
0.373831
0.936325
0.238482
0.726432
0.794914
0.652104
0.907458
0.335913
0.892302
0.384396
0.946543
0.202398
0.645731
0.915049
0.310936
0.857019
0.490149
0.999612
0.001552
0.006198
0.024639
0.096129
0.347554
0.907041
0.337270
0.894076
0.378816
0.941258
0.221166
0.689007
0.857106
0.489901
0.999592
0.001631
0.006514
0.025885
0.100859
0.362747
0.924646
0.278702
0.804109
0.630071
0.932326
0.252378
0.754733
0.740445
0.768745
0.711104
0.821740
0.585933
0.970462
0.114663
0.406061
0.964702
0.136208
0.470623
0.996548
0.013761
0.054287
0.205359
0.652746
0.906674
0.338464
0.895625
0.373924
0.936420
0.238152
0.725742
0.796162
0.649153
0.911013
0.324272
0.876479
0.433053
0.982073
0.070424
0.261859
0.773155
0.701545
0.837519
0.544325
0.992141
0.031188
0.120861
0.425015
0.977509
0.087941
0.320829
0.871591
0.447682
0.989051
0.043316
0.165758
0.553130
0.988709
0.044655
0.170642
0.566094
0.982526
0.068674
0.255830
0.761525
0.726419
0.794938
0.652046
0.907528
0.335683
0.892000
0.385345
0.947417
0.199272
0.638251
0.923546
0.282434
0.810660
0.613962
0.948051
0.197002
0.632768
0.929490
0.262152
0.773713
0.700324
0.839481
0.539010
0.993913
0.024200
0.094459
0.342144
0.900326
0.358955
0.920425
0.292971
0.828556
0.568204
0.981393
0.073043
0.270830
0.789924
0.663775
0.892711
0.383114
0.945350
0.206652
0.655787
0.902921
0.350618
0.910741
0.325169
0.877736
0.429261
0.979984
0.078461
0.289219
0.822285
0.584529
0.971419
0.111055
0.394888
0.955806
0.168964
0.561662
0.984791
0.059909
0.225281
0.698118
0.842997
0.529413
0.996540
0.013794
0.054415
0.205815
0.653821
0.905356
0.342746
0.901085
0.356524
0.917658
0.302246
0.843574
0.527829
0.996902
0.012353
0.048800
0.185676
0.604801
0.956067
0.168013
0.559139
0.986011
0.055175
0.208523
0.660164
0.897390
0.368325
0.930647
0.258172
0.766076
0.716813
0.811968
0.610705
0.950978
0.186475
0.606809
0.954367
0.174201
0.575420
0.977247
0.088939
0.324117
0.876260
0.433713
0.982424
0.069068
0.257189
0.764171
0.720854
0.804893
0.628160
0.934300
0.245534
0.740988
0.767699
0.713348
0.817930
0.595681
0.963380
0.141114
0.484804
0.999076
0.003691
0.014711
0.057978
0.218467
0.682956
0.866109
0.463857
0.994775
0.020792
0.081439
0.299226
0.838759
0.540969
0.993286
0.026676
0.103856
0.372280
0.934751
0.243967
0.737789
0.773826
0.700077
0.839876
0.537937
0.994243
0.022895
0.089483
0.325902
0.878760
0.426164
0.978193
0.085326
0.312183
0.858899
0.484766
0.999072
0.003710
0.014786
0.058268
0.219491
0.685259
0.862717
0.473745
0.997243
0.010998
0.043510
0.166466
0.555020
0.987891
0.047849
0.182238
0.596108
0.963053
0.142329
0.488286
0.999451
0.002195
0.008759
0.034730
0.134096
0.464456
0.994947
0.020111
0.078828
0.290456
0.824366
0.579147
0.974943
0.097717
0.352673
0.913179
0.317132
0.866237
0.463483
0.994666
0.021223
0.083089
0.304742
0.847497
0.516983
0.998846
0.004609
0.018352
0.072061
0.267473
0.783726
0.677999
0.873265
0.442693
0.986864
0.051855
0.196664
0.631948
0.930359
0.259165
0.767994
0.712716
0.819007
0.592938
0.965450
0.133426
0.462493
0.994373
0.022382
0.087523
0.319451
0.869609
0.453557
0.991372
0.034213
0.132169
0.458803
0.993211
0.026971
0.104974
0.375819
0.938317
0.231514
0.711662
0.820797
0.588358
0.968771
0.121014
0.425478
0.977786
0.086884
0.317339
0.866540
0.462594
0.994403
0.022261
0.087064
0.317934
0.867409
0.460044
0.993614
0.025381
0.098946
0.356621
0.917770
0.301872
0.842981
0.529457
0.996529
0.013836
0.054577
0.206393
0.655179
0.903677
0.348178
0.907801
0.334794
0.890828
0.389015
0.950729
0.187373
0.609057
0.952426
0.181243
0.593576
0.964974
0.135198
0.467677
0.995821
0.016647
0.065478
0.244763
0.739416
0.770721
0.706841
0.828867
0.567387
0.981836
0.071337
0.264991
0.779083
0.688451
0.857945
0.487501
0.999375
0.002498
0.009967
0.039471
0.151652
0.514616
0.999146
0.003415
0.013614
0.053713
0.203311
0.647903
0.912499
0.319378
0.869503
0.453869
0.991488
0.033759
0.130477
0.453812
0.991467
0.033843
0.130789
0.454734
0.991804
0.032516
0.125834
0.439999
0.985600
0.056772
0.214196
0.673265
0.879916
0.422654
0.976070
0.093428
0.338796
0.896054
0.372566
0.935042
0.242953
0.735708
0.777768
0.691380
0.853494
0.500167
1.000000
0.000000
0.000002
0.000008
0.000031
0.000122
0.000488
0.001952
0.007792
0.030926
0.119878
0.422028
0.975682
0.094908
0.343603
0.902160
0.353071
0.913647
0.315585
0.863964
0.470120
0.996429
0.014234
0.056125
0.211900
0.667993
0.887114
0.400572
0.960457
0.151919
0.515358
0.999057
0.003770
0.015025
0.059195
0.222765
0.692564
0.851676
0.505295
0.999888
0.000449
0.001794
0.007162
0.028444
0.110541
0.393286
0.954448
0.173907
0.574652
0.977708
0.087180
0.318318
0.867967
0.458401
0.993078
0.027495
0.106957
0.382068
0.944368
0.210147
0.663941
0.892494
0.383794
0.945985
0.204391
0.650461
0.909446
0.329417
0.883605
0.411388
0.968592
0.121688
0.427520
0.978987
0.082287
0.302064
0.843285
0.528623
0.996723
0.013065
0.051577
0.195669
0.629530
0.932888
0.250433
0.750866
0.748266
0.753457
0.743038
0.763730
0.721787
0.803242
0.632176
0.930118
0.259995
0.769590
0.709285
0.824799
0.578022
0.975650
0.095026
0.343986
0.902638
0.351530
0.911826
0.321596
0.872688
0.444416
0.987641
0.048823
0.185758
0.605008
0.955893
0.168646
0.560818
0.985205
0.058306
0.219624
0.685558
0.862273
0.475032
0.997507
0.009949
0.039400
0.151389
0.513882
0.999229
0.003081
0.012286
0.048542
0.184742
0.602449
0.958017
0.160882
0.539996
0.993601
0.025432
0.099140
0.357243
0.918482
0.299490
0.839183
0.539819
0.993658
0.025207
0.098288
0.354509
0.915329
0.310006
0.855610
0.494167
0.999864
0.000544
0.002176
0.008684
0.034435
0.132996
0.461232
0.993988
0.023903
0.093327
0.338467
0.895629
0.373911
0.936406
0.238199
0.725840
0.795985
0.649571
0.910514
0.325913
0.878775
0.426119
0.978166
0.085427
0.312518
0.859402
0.483321
0.998887
0.004446
0.017705
0.069567
0.258910
0.767503
0.713769
0.817212
0.597507
0.961969
0.146337
0.499690
1.000000
0.000002
0.000007
0.000027
0.000107
0.000427
0.001708
0.006820
0.027095
0.105445
0.377306
0.939784
0.226358
0.700481
0.839229
0.539695
0.993697
0.025052
0.097697
0.352611
0.913106
0.317375
0.866593
0.462439
0.994357
0.022446
0.087767
0.320257
0.870769
0.450121
0.990048
0.039410
0.151429
0.513993
0.999217
0.003131
0.012483
0.049310
0.187512
0.609406
0.952121
0.182346
0.596383
0.962841
0.143112
0.490523
0.999641
0.001437
0.005738
0.022822
0.089205
0.324989
0.877484
0.430023
0.980413
0.076813
0.283651
0.812772
0.608695
0.952741
0.180101
0.590659
0.967123
0.127183
0.444029
0.987469
0.049496
0.188183
0.611081
0.950644
0.187680
0.609824
0.951755
0.183671
0.599743
0.960205
0.152845
0.517935
0.998713
0.005140
0.020454
0.080142
0.294877
0.831698
0.559905
0.985645
0.056594
0.213566
0.671822
0.881909
0.416581
0.972165
0.108240
0.386095
0.948103
0.196816
0.632318
0.929967
0.260513
0.770583
0.707139
0.828373
0.568684
0.981130
0.074056
0.274287
0.796214
0.649030
0.911161
0.323788
0.875797
0.435107
0.983155
0.066244
0.247421
0.744816
0.760260
0.729059
0.790129
0.663301
0.893331
0.381164
0.943512
0.213189
0.670957
0.883095
0.412953
0.969691
0.117562
0.414963
0.971075
0.112353
0.398920
0.959131
0.156794
0.528839
0.996673
0.013263
0.052349
0.198433
0.636229
0.925766
0.274892
0.797306
0.646437
0.914224
0.313673
0.861129
0.478344
0.998124
0.007489
0.029733
0.115397
0.408323
0.966381
0.129955
0.452266
0.990886
0.036124
0.139276
0.479512
0.998321
0.006705
0.026639
0.103718
0.371842
0.934302
0.245526
0.740972
0.767730
0.713282
0.818043
0.595393
0.963600
0.140299
0.482460
0.998769
0.004917
0.019570
0.076746
0.283426
0.812383
0.609668
0.951891
0.183177
0.598493
0.961197
0.149190
0.507730
0.999761
0.000956
0.003820
0.015220
0.059955
0.225440
0.698467
0.842443
0.530932
0.996173
0.015250
0.060070
0.225846
0.699358
0.841025
0.534807
0.995154
0.019290
0.075673
0.279787
0.806026
0.625393
0.937106
0.235753
0.720694
0.805177
0.627468
0.935007
0.243075
0.735958
0.777296
0.692427
0.851887
0.504703
0.999912
0.000354
0.001415
0.005651
0.022474
0.087877
0.320618
0.871288
0.448580
0.989424
0.041857
0.160419
0.538740
0.993997
0.023869
0.093196
0.338041
0.895077
0.375655
0.938153
0.232086
0.712889
0.818713
0.593687
0.964891
0.135506
0.468577
0.996050
0.015736
0.061954
0.232463
0.713697
0.817335
0.597194
0.962213
0.145436
0.497137
0.999967
0.000131
0.000524
0.002097
0.008369
0.033196
0.128375
0.447580
0.989008
0.043483
0.166369
0.554762
0.988005
0.047406
0.180634
0.592020
0.966129
0.130895
0.455047
0.991917
0.032072
0.124172
0.435013
0.983107
0.066432
0.248074
0.746134
0.757672
0.734420
0.780190
0.685974
0.861654
0.476825
0.997852
0.008575
0.034004
0.131392
0.456514
0.992436
0.030028
0.116506
0.411729
0.968833
0.120784
0.424781
0.977369
0.088477
0.322594
0.874109
0.440170
0.985682
0.056453
0.213064
0.670670
0.883486
0.411753
0.968850
0.120720
0.424587
0.977252
0.088923
0.324063
0.876184
0.433941
0.982545
0.068601
0.255580
0.761036
0.727440
0.793083
0.656409
0.902145
0.353117
0.913701
0.315406
0.863700
0.470890
0.996610
0.013512
0.053318
0.201902
0.644551
0.916420
0.306379
0.850043
0.509880
0.999610
0.001561
0.006234
0.024782
0.096672
0.349305
0.909164
0.330340
0.884861
0.407527
0.965795
0.132141
0.458718
0.993183
0.027081
0.105390
0.377132
0.939614
0.226960
0.701796
0.837114
0.545417
0.991749
0.032731
0.126638
0.442403
0.986730
0.052374
0.198524
0.636449
0.925526
0.275709
0.798775
0.642935
0.918278
0.300173
0.840277
0.536846
0.994570
0.021604
0.084548
0.309598
0.854988
0.495935
0.999934
0.000264
0.001057
0.004225
0.016827
0.066176
0.247187
0.744342
0.761189
0.727122
0.793663
0.655049
0.903839
0.347656
0.907165
0.336866
0.893550
0.380475
0.942855
0.215518
0.676281
0.875700
0.435398
0.983306
0.065660
0.245396
0.740708
0.768239
0.712191
0.819899
0.590657
0.967125
0.127177
0.444013
0.987462
0.049525
0.188288
0.611342
0.950412
0.188517
0.611914
0.949901
0.190355
0.616479
0.945730
0.205297
0.652602
0.906851
0.337889
0.894880
0.376278
0.938771
0.229919
0.708224
0.826570
0.573407
0.978445
0.084360
0.308973
0.854035
0.498636
0.999993
0.000030
0.000118
0.000473
0.001891
0.007549
0.029969
0.116284
0.411049
0.968351
0.122589
0.430243
0.980536
0.076340
0.282050
0.809990
0.615624
0.946525
0.202463
0.645888
0.914867
0.311541
0.857932
0.487538
0.999379
0.002483
0.009909
0.039244
0.150817
0.512286
0.999396
0.002413
0.009631
0.038152
0.146784
0.500954
0.999996
0.000015
0.000058
0.000233
0.000930
0.003719
0.014819
0.058397
0.219947
0.686280
0.861198
0.478143
0.998089
0.007629
0.030282
0.117459
0.414649
0.970861
0.113160
0.401419
0.961128
0.149446
0.508447
0.999715
0.001141
0.004560
0.018156
0.071304
0.264878
0.778871
0.688925
0.857230
0.489548
0.999563
0.001747
0.006977
0.027714
0.107782
0.384660
0.946787
0.201525
0.643650
0.917458
0.302914
0.844629
0.524923
0.997515
0.009914
0.039262
0.150882
0.512466
0.999378
0.002485
0.009916
0.039270
0.150913
0.512553
0.999370
0.002520
0.010053
0.039809
0.152897
0.518079
0.998693
0.005223
0.020782
0.081402
0.299103
0.838561
0.541506
0.993109
0.027375
0.106501
0.380634
0.943007
0.214980
0.675055
0.877423
0.430208
0.980516
0.076417
0.282310
0.810444
0.614499
0.947560
0.198759
0.637017
0.924906
0.277821
0.802545
0.633866
0.928320
0.266169
0.781291
0.683501
0.865310
0.466194
0.995429
0.018202
0.071484
0.265497
0.780034
0.686325
0.861132
0.478334
0.998122
0.007496
0.029761
0.115499
0.408637
0.966611
0.129096
0.449722
0.989888
0.040037
0.153736
0.520406
0.998334
0.006652
0.026429
0.102922
0.369317
0.931688
0.254582
0.759080
0.731509
0.785614
0.673699
0.879315
0.424482
0.977188
0.089167
0.324865
0.877311
0.430547
0.980705
0.075691
0.279848
0.806133
0.625131
0.937369
0.234834
0.718748
0.808597
0.619072
0.943288
0.213984
0.672779
0.880589
0.420607
0.974787
0.098309
0.354577
0.915408
0.309744
0.855211
0.495301
0.999912
0.000354
0.001414
0.005647
0.022459
0.087819
0.320429
0.871016
0.449387
0.989753
0.040567
0.155684
0.525785
0.997341
0.010610
0.041989
0.160902
0.540050
0.993584
0.025500
0.099399
0.358074
0.919428
0.296320
0.834058
0.553621
0.988499
0.045475
0.173628
0.573925
0.978140
0.085528
0.312851
0.859901
0.481886
0.998688
0.005243
0.020861
0.081705
0.300117
0.840187
0.537091
0.994497
0.021890
0.085644
0.313236
0.860477
0.480225
0.998436
0.006247
0.024830
0.096854
0.349895
0.909874
0.328015
0.881684
0.417269
0.972622
0.106513
0.380673
0.943044
0.214846
0.674750
0.877850
0.428916
0.979789
0.079212
0.291749
0.826526
0.573522
0.978378
0.084617
0.309829
0.855340
0.494935
0.999897
0.000411
0.001642
0.006559
0.026062
0.101532
0.364892
0.926984
0.270740
0.789759
0.664159
0.892208
0.384692
0.946817
0.201420
0.643399
0.917747
0.301950
0.843105
0.529115
0.996609
0.013517
0.053338
0.201972
0.644716
0.916229
0.307014
0.851026
0.507124
0.999797
0.000812
0.003245
0.012938
0.051081
0.193886
0.625177
0.937323
0.234993
0.719086
0.808005
0.620531
0.941889
0.218936
0.684013
0.864557
0.468394
0.996004
0.015919
0.062663
0.234946
0.718986
0.808180
0.620100
0.942304
0.217470
0.680707
0.869381
0.454232
0.991621
0.033235
0.128521
0.448014
0.989190
0.042773
0.163774
0.547809
0.990857
0.036237
0.139696
0.480724
0.998514
0.005936
0.023604
