0, 2
1, 2
2, 5
3, 2
4, 4
5, 2
6, 8
7, 2
8, 4
9, 2
10, 7
11, 2
12, 4
13, 2
14, 7
15, 2
16, 4
17, 2
18, 8
19, 2
20, 4
21, 2
22, 6
23, 2
24, 4
25, 2
26, 6
27, 2
28, 4
29, 2
30, 70
31, 2
32, 4
33, 2
34, 6
35, 2
36, 4
37, 2
38, 7
39, 2
40, 4
41, 2
42, 7
43, 2
44, 4
45, 2
46, 7
47, 2
48, 4
49, 2
50, 7
51, 2
52, 4
53, 2
54, 7
55, 2
56, 4
57, 2
58, 7
59, 2
60, 4
61, 2
62, 7
63, 2
64, 4
65, 2
66, 7
67, 2
68, 4
69, 2
70, 7
71, 2
72, 4
73, 2
74, 7
75, 2
76, 4
77, 2
78, 7
79, 2
80, 4
81, 2
82, 7
83, 2
84, 4
85, 2
86, 7
87, 2
88, 4
89, 2
90, 7
91, 2
92, 4
93, 2
94, 7
95, 2
96, 4
97, 2
98, 7
99, 2
100, 4
101, 2
102, 7
103, 2
104, 4
105, 2
106, 7
107, 2
108, 4
109, 2
110, 7
111, 2
112, 4
113, 2
114, 7
115, 2
116, 4
117, 2
118, 7
119, 2
120, 4
121, 2
122, 7
123, 2
124, 4
125, 2
126, 7
127, 2
128, 4
129, 2
130, 7
131, 2
132, 4
133, 2
134, 7
135, 2
136, 4
137, 2
138, 7
139, 2
140, 4
141, 2
142, 7
143, 2
144, 4
145, 2
146, 7
147, 2
148, 4
149, 2
150, 7
151, 2
152, 4
153, 2
154, 7
155, 2
156, 4
157, 2
158, 7
159, 2
160, 4
161, 2
162, 7
163, 2
164, 4
165, 2
166, 7
167, 2
168, 4
169, 2
170, 7
171, 2
172, 4
173, 2
174, 7
175, 2
176, 4
177, 2
178, 7
179, 2
180, 4
181, 2
182, 7
183, 2
184, 4
185, 2
186, 7
187, 2
188, 4
189, 2
190, 7
191, 2
192, 4
193, 2
194, 7
195, 2
196, 4
197, 2
198, 7
199, 2
200, 4
201, 2
202, 7
203, 2
204, 4
205, 2
206, 7
207, 2
208, 4
209, 2
210, 7
211, 2
212, 4
213, 2
214, 7
215, 2
216, 4
217, 2
218, 7
219, 2
220, 4
221, 2
222, 7
223, 2
224, 4
225, 2
226, 7
227, 2
228, 4
229, 2
230, 7
231, 2
232, 4
233, 2
234, 7
235, 2
236, 4
237, 2
238, 7
239, 2
240, 4
241, 2
242, 7
243, 2
244, 4
245, 2
246, 7
247, 2
248, 4
249, 2
250, 7
251, 2
252, 4
253, 2
254, 7
255, 2
256, 4
257, 2
258, 7
259, 2
260, 4
261, 2
262, 7
263, 2
264, 4
265, 2
266, 7
267, 2
268, 4
269, 2
270, 7
271, 2
272, 4
273, 2
274, 7
275, 2
276, 4
277, 2
278, 7
279, 2
280, 4
281, 2
282, 7
283, 2
284, 4
285, 2
286, 7
287, 2
288, 4
289, 2
290, 7
291, 2
292, 4
293, 2
294, 6
295, 2
296, 4
297, 2
298, 6
299, 2
300, 4
301, 2
302, 6
303, 2
304, 4
305, 2
306, 6
307, 2
308, 4
309, 2
310, 6
311, 2
312, 4
313, 2
314, 6
315, 2
316, 4
317, 2
318, 6
319, 2
320, 4
321, 2
322, 6
323, 2
324, 4
325, 2
326, 6
327, 2
328, 4
329, 2
330, 6
331, 2
332, 4
333, 2
334, 6
335, 2
336, 4
337, 2
338, 6
339, 2
340, 4
341, 2
342, 6
343, 2
344, 4
345, 2
346, 6
347, 2
348, 4
349, 2
350, 6
351, 2
352, 4
353, 2
354, 6
355, 2
356, 4
357, 2
358, 6
359, 2
360, 4
361, 2
362, 6
363, 2
364, 4
365, 2
366, 6
367, 2
368, 4
369, 2
370, 6
371, 2
372, 4
373, 2
374, 6
375, 2
376, 4
377, 2
378, 6
379, 2
380, 4
381, 2
382, 6
383, 2
384, 4
385, 2
386, 6
387, 2
388, 4
389, 2
390, 6
391, 2
392, 4
393, 2
394, 6
395, 2
396, 4
397, 2
398, 6
399, 2
400, 4
401, 2
402, 6
403, 2
404, 4
405, 2
406, 6
407, 2
408, 4
409, 2
410, 6
411, 2
412, 4
413, 2
414, 6
415, 2
416, 4
417, 2
418, 6
419, 2
420, 4
421, 2
422, 6
423, 2
424, 4
425, 2
426, 6
427, 2
428, 4
429, 2
430, 6
431, 2
432, 4
433, 2
434, 6
435, 2
436, 4
437, 2
438, 6
439, 2
440, 4
441, 2
442, 6
443, 2
444, 4
445, 2
446, 6
447, 2
448, 4
449, 2
450, 6
451, 2
452, 4
453, 2
454, 6
455, 2
456, 4
457, 2
458, 6
459, 2
460, 4
461, 2
462, 6
463, 2
464, 4
465, 2
466, 6
467, 2
468, 4
469, 2
470, 6
471, 2
472, 4
473, 2
474, 6
475, 2
476, 4
477, 2
478, 6
479, 2
480, 4
481, 2
482, 6
483, 2
484, 4
485, 2
486, 6
487, 2
488, 4
489, 2
490, 6
491, 2
492, 4
493, 2
494, 6
495, 2
496, 4
497, 2
498, 6
499, 2
500, 4
501, 2
502, 6
503, 2
504, 4
505, 2
506, 6
507, 2
508, 4
509, 2
510, 6
511, 2
512, 4
513, 2
514, 6
515, 2
516, 4
517, 2
518, 6
519, 2
520, 4
521, 2
522, 6
523, 2
524, 4
525, 2
526, 6
527, 2
528, 4
529, 2
530, 6
531, 2
532, 4
533, 2
534, 6
535, 2
536, 4
537, 2
538, 6
539, 2
540, 4
541, 2
542, 6
543, 2
544, 4
545, 2
546, 6
547, 2
548, 4
549, 2
550, 6
551, 2
552, 4
553, 2
554, 6
555, 2
556, 4
557, 2
558, 6
559, 2
560, 4
561, 2
562, 6
563, 2
564, 4
565, 2
566, 6
567, 2
568, 4
569, 2
570, 6
571, 2
572, 4
573, 2
574, 6
575, 2
576, 4
577, 2
578, 6
579, 2
580, 4
581, 2
582, 6
583, 2
584, 4
585, 2
586, 6
587, 2
588, 4
589, 2
590, 6
591, 2
592, 4
593, 2
594, 6
595, 2
596, 4
597, 2
598, 6
599, 2
600, 4
601, 2
602, 6
603, 2
604, 4
605, 2
606, 6
607, 2
608, 4
609, 2
610, 6
611, 2
612, 4
613, 2
614, 6
615, 2
616, 4
617, 2
618, 6
619, 2
620, 4
621, 2
622, 6
623, 2
624, 4
625, 2
626, 6
627, 2
628, 4
629, 2
630, 6
631, 2
632, 4
633, 2
634, 6
635, 2
636, 4
637, 2
638, 6
639, 2
640, 4
641, 2
642, 6
643, 2
644, 4
645, 2
646, 6
647, 2
648, 4
649, 2
650, 6
651, 2
652, 4
653, 2
654, 6
655, 2
656, 4
657, 2
658, 6
659, 2
660, 4
661, 2
662, 6
663, 2
664, 4
665, 2
666, 6
667, 2
668, 4
669, 2
670, 6
671, 2
672, 4
673, 2
674, 6
675, 2
676, 4
677, 2
678, 6
679, 2
680, 4
681, 2
682, 6
683, 2
684, 4
685, 2
686, 6
687, 2
688, 4
689, 2
690, 6
691, 2
692, 4
693, 2
694, 6
695, 2
696, 4
697, 2
698, 6
699, 2
700, 4
701, 2
702, 6
703, 2
704, 4
705, 2
706, 6
707, 2
708, 4
709, 2
710, 6
711, 2
712, 4
713, 2
714, 6
715, 2
716, 4
717, 2
718, 6
719, 2
720, 4
721, 2
722, 6
723, 2
724, 4
725, 2
726, 6
727, 2
728, 4
729, 2
730, 6
731, 2
732, 4
733, 2
734, 6
735, 2
736, 4
737, 2
738, 6
739, 2
740, 4
741, 2
742, 6
743, 2
744, 4
745, 2
746, 6
747, 2
748, 4
749, 2
750, 6
751, 2
752, 4
753, 2
754, 6
755, 2
756, 4
757, 2
758, 6
759, 2
760, 4
761, 2
762, 6
763, 2
764, 4
765, 2
766, 6
767, 2
768, 4
769, 2
770, 6
771, 2
772, 4
773, 2
774, 6
775, 2
776, 4
777, 2
778, 6
779, 2
780, 4
781, 2
782, 6
783, 2
784, 4
785, 2
786, 6
787, 2
788, 4
789, 2
790, 6
791, 2
792, 4
793, 2
794, 6
795, 2
796, 4
797, 2
798, 6
799, 2
800, 4
801, 2
802, 6
803, 2
804, 4
805, 2
806, 6
807, 2
808, 4
809, 2
810, 6
811, 2
812, 4
813, 2
814, 6
815, 2
816, 4
817, 2
818, 6
819, 2
820, 4
821, 2
822, 6
823, 2
824, 4
825, 2
826, 6
827, 2
828, 4
829, 2
830, 6
831, 2
832, 4
833, 2
834, 6
835, 2
836, 4
837, 2
838, 6
839, 2
840, 4
841, 2
842, 6
843, 2
844, 4
845, 2
846, 6
847, 2
848, 4
849, 2
850, 6
851, 2
852, 4
853, 2
854, 6
855, 2
856, 4
857, 2
858, 6
859, 2
860, 4
861, 2
862, 6
863, 2
864, 4
865, 2
866, 6
867, 2
868, 4
869, 2
870, 6
871, 2
872, 4
873, 2
874, 6
875, 2
876, 4
877, 2
878, 6
879, 2
880, 4
881, 2
882, 6
883, 2
884, 4
885, 2
886, 6
887, 2
888, 4
889, 2
890, 6
891, 2
892, 4
893, 2
894, 6
895, 2
896, 4
897, 2
898, 6
899, 2
900, 4
901, 2
902, 6
903, 2
904, 4
905, 2
906, 6
907, 2
908, 4
909, 2
910, 6
911, 2
912, 4
913, 2
914, 6
915, 2
916, 4
917, 2
918, 6
919, 2
920, 4
921, 2
922, 6
923, 2
924, 4
925, 2
926, 6
927, 2
928, 4
929, 2
930, 6
931, 2
932, 4
933, 2
934, 6
935, 2
936, 4
937, 2
938, 6
939, 2
940, 4
941, 2
942, 6
943, 2
944, 4
945, 2
946, 6
947, 2
948, 4
949, 2
950, 6
951, 2
952, 4
953, 2
954, 6
955, 2
956, 4
957, 2
958, 6
959, 2
960, 4
961, 2
962, 6
963, 2
964, 4
965, 2
966, 6
967, 2
968, 4
969, 2
970, 6
971, 2
972, 4
973, 2
974, 6
975, 2
976, 4
977, 2
978, 6
979, 2
980, 4
981, 2
982, 6
983, 2
984, 4
985, 2
986, 6
987, 2
988, 4
989, 2
990, 6
991, 2
992, 4
993, 2
994, 6
995, 2
996, 4
997, 2
998, 6
999, 2
1000, 4
1001, 2
1002, 6
1003, 2
1004, 4
1005, 2
1006, 6
1007, 2
1008, 4
1009, 2
1010, 6
1011, 2
1012, 4
1013, 2
1014, 6
1015, 2
1016, 4
1017, 2
1018, 6
1019, 2
1020, 4
1021, 2
1022, 6
1023, 2
1024, 4
1025, 2
1026, 6
1027, 2
1028, 4
1029, 2
1030, 6
1031, 2
1032, 4
1033, 2
1034, 6
1035, 2
1036, 4
1037, 2
1038, 6
1039, 2
1040, 4
1041, 2
1042, 6
1043, 2
1044, 4
1045, 2
1046, 6
1047, 2
1048, 4
1049, 2
1050, 6
1051, 2
1052, 4
1053, 2
1054, 6
1055, 2
1056, 4
1057, 2
1058, 6
1059, 2
1060, 4
1061, 2
1062, 6
1063, 2
1064, 4
1065, 2
1066, 6
1067, 2
1068, 4
1069, 2
1070, 6
1071, 2
1072, 4
1073, 2
1074, 6
1075, 2
1076, 4
1077, 2
1078, 6
1079, 2
1080, 4
1081, 2
1082, 6
1083, 2
1084, 4
1085, 2
1086, 6
1087, 2
1088, 4
1089, 2
1090, 6
1091, 2
1092, 4
1093, 2
1094, 6
1095, 2
1096, 4
1097, 2
1098, 6
1099, 2
1100, 4
1101, 2
1102, 6
1103, 2
1104, 4
1105, 2
1106, 6
1107, 2
1108, 4
1109, 2
1110, 6
1111, 2
1112, 4
1113, 2
1114, 6
1115, 2
1116, 4
1117, 2
1118, 6
1119, 2
1120, 4
1121, 2
1122, 6
1123, 2
1124, 4
1125, 2
1126, 6
1127, 2
1128, 4
1129, 2
1130, 6
1131, 2
1132, 4
1133, 2
1134, 6
1135, 2
1136, 4
1137, 2
1138, 6
1139, 2
1140, 4
1141, 2
1142, 6
1143, 2
1144, 4
1145, 2
1146, 6
1147, 2
1148, 4
1149, 2
1150, 6
1151, 2
1152, 4
1153, 2
1154, 6
1155, 2
1156, 4
1157, 2
1158, 6
1159, 2
1160, 4
1161, 2
1162, 6
1163, 2
1164, 4
1165, 2
1166, 6
1167, 2
1168, 4
1169, 2
1170, 6
1171, 2
1172, 4
1173, 2
1174, 6
1175, 2
1176, 4
1177, 2
1178, 6
1179, 2
1180, 4
1181, 2
1182, 6
1183, 2
1184, 4
1185, 2
1186, 6
1187, 2
1188, 4
1189, 2
1190, 6
1191, 2
1192, 4
1193, 2
1194, 6
1195, 2
1196, 4
1197, 2
1198, 6
1199, 2
1200, 4
1201, 2
1202, 6
1203, 2
1204, 4
1205, 2
1206, 6
1207, 2
1208, 4
1209, 2
1210, 6
1211, 2
1212, 4
1213, 2
1214, 6
1215, 2
1216, 4
1217, 2
1218, 6
1219, 2
1220, 4
1221, 2
1222, 6
1223, 2
1224, 4
1225, 2
1226, 6
1227, 2
1228, 4
1229, 2
1230, 6
1231, 2
1232, 4
1233, 2
1234, 6
1235, 2
1236, 4
1237, 2
1238, 6
1239, 2
1240, 4
1241, 2
1242, 6
1243, 2
1244, 4
1245, 2
1246, 6
1247, 2
1248, 4
1249, 2
1250, 6
1251, 2
1252, 4
1253, 2
1254, 6
1255, 2
1256, 4
1257, 2
1258, 6
1259, 2
1260, 4
1261, 2
1262, 6
1263, 2
1264, 4
1265, 2
1266, 6
1267, 2
1268, 4
1269, 2
1270, 6
1271, 2
1272, 4
1273, 2
1274, 6
1275, 2
1276, 4
1277, 2
1278, 6
1279, 2
1280, 4
1281, 2
1282, 6
1283, 2
1284, 4
1285, 2
1286, 6
1287, 2
1288, 4
1289, 2
1290, 6
1291, 2
1292, 4
1293, 2
1294, 6
1295, 2
1296, 4
1297, 2
1298, 6
1299, 2
1300, 4
1301, 2
1302, 6
1303, 2
1304, 4
1305, 2
1306, 6
1307, 2
1308, 4
1309, 2
1310, 6
1311, 2
1312, 4
1313, 2
1314, 6
1315, 2
1316, 4
1317, 2
1318, 6
1319, 2
1320, 4
1321, 2
1322, 6
1323, 2
1324, 4
1325, 2
1326, 6
1327, 2
1328, 4
1329, 2
1330, 6
1331, 2
1332, 4
1333, 2
1334, 6
1335, 2
1336, 4
1337, 2
1338, 6
1339, 2
1340, 4
1341, 2
1342, 6
1343, 2
1344, 4
1345, 2
1346, 6
1347, 2
1348, 4
1349, 2
1350, 6
1351, 2
1352, 4
1353, 2
1354, 6
1355, 2
1356, 4
1357, 2
1358, 6
1359, 2
1360, 4
1361, 2
1362, 6
1363, 2
1364, 4
1365, 2
1366, 6
1367, 2
1368, 4
1369, 2
1370, 6
1371, 2
1372, 4
1373, 2
1374, 6
1375, 2
1376, 4
1377, 2
1378, 6
1379, 2
1380, 4
1381, 2
1382, 6
1383, 2
1384, 4
1385, 2
1386, 6
1387, 2
1388, 4
1389, 2
1390, 6
1391, 2
1392, 4
1393, 2
1394, 6
1395, 2
1396, 4
1397, 2
1398, 6
1399, 2
1400, 4
1401, 2
1402, 6
1403, 2
1404, 4
1405, 2
1406, 6
1407, 2
1408, 4
1409, 2
1410, 6
1411, 2
1412, 4
1413, 2
1414, 6
1415, 2
1416, 4
1417, 2
1418, 6
1419, 2
1420, 4
1421, 2
1422, 6
1423, 2
1424, 4
1425, 2
1426, 6
1427, 2
1428, 4
1429, 2
1430, 6
1431, 2
1432, 4
1433, 2
1434, 6
1435, 2
1436, 4
1437, 2
1438, 6
1439, 2
1440, 4
1441, 2
1442, 6
1443, 2
1444, 4
1445, 2
1446, 6
1447, 2
1448, 4
1449, 2
1450, 6
1451, 2
1452, 4
1453, 2
1454, 6
1455, 2
1456, 4
1457, 2
1458, 6
1459, 2
1460, 4
1461, 2
1462, 6
1463, 2
1464, 4
1465, 2
1466, 6
1467, 2
1468, 4
1469, 2
1470, 6
1471, 2
1472, 4
1473, 2
1474, 6
1475, 2
1476, 4
1477, 2
1478, 6
1479, 2
1480, 4
1481, 2
1482, 6
1483, 2
1484, 4
1485, 2
1486, 6
1487, 2
1488, 4
1489, 2
1490, 6
1491, 2
1492, 4
1493, 2
1494, 6
1495, 2
1496, 4
1497, 2
1498, 6
1499, 2
1500, 4
1501, 2
1502, 6
1503, 2
1504, 4
1505, 2
1506, 6
1507, 2
1508, 4
1509, 2
1510, 6
1511, 2
1512, 4
1513, 2
1514, 6
1515, 2
1516, 4
1517, 2
1518, 6
1519, 2
1520, 4
1521, 2
1522, 6
1523, 2
1524, 4
1525, 2
1526, 6
1527, 2
1528, 4
1529, 2
1530, 6
1531, 2
1532, 4
1533, 2
1534, 6
1535, 2
1536, 4
1537, 2
1538, 6
1539, 2
1540, 4
1541, 2
1542, 6
1543, 2
1544, 4
1545, 2
1546, 6
1547, 2
1548, 4
1549, 2
1550, 6
1551, 2
1552, 4
1553, 2
1554, 6
1555, 2
1556, 4
1557, 2
1558, 6
1559, 2
1560, 4
1561, 2
1562, 6
1563, 2
1564, 4
1565, 2
1566, 6
1567, 2
1568, 4
1569, 2
1570, 6
1571, 2
1572, 4
1573, 2
1574, 6
1575, 2
1576, 4
1577, 2
1578, 6
1579, 2
1580, 4
1581, 2
1582, 6
1583, 2
1584, 4
1585, 2
1586, 6
1587, 2
1588, 4
1589, 2
1590, 6
1591, 2
1592, 4
1593, 2
1594, 6
1595, 2
1596, 4
1597, 2
1598, 6
1599, 2
1600, 4
1601, 2
1602, 6
1603, 2
1604, 4
1605, 2
1606, 6
1607, 2
1608, 4
1609, 2
1610, 6
1611, 2
1612, 4
1613, 2
1614, 6
1615, 2
1616, 4
1617, 2
1618, 6
1619, 2
1620, 4
1621, 2
1622, 6
1623, 2
1624, 4
1625, 2
1626, 6
1627, 2
1628, 4
1629, 2
1630, 6
1631, 2
1632, 4
1633, 2
1634, 6
1635, 2
1636, 4
1637, 2
1638, 6
1639, 2
1640, 4
1641, 2
1642, 6
1643, 2
1644, 4
1645, 2
1646, 6
1647, 2
1648, 4
1649, 2
1650, 6
1651, 2
1652, 4
1653, 2
1654, 6
1655, 2
1656, 4
1657, 2
1658, 6
1659, 2
1660, 4
1661, 2
1662, 6
1663, 2
1664, 4
1665, 2
1666, 6
1667, 2
1668, 4
1669, 2
1670, 6
1671, 2
1672, 4
1673, 2
1674, 6
1675, 2
1676, 4
1677, 2
1678, 6
1679, 2
1680, 4
1681, 2
1682, 6
1683, 2
1684, 4
1685, 2
1686, 6
1687, 2
1688, 4
1689, 2
1690, 6
1691, 2
1692, 4
1693, 2
1694, 6
1695, 2
1696, 4
1697, 2
1698, 6
1699, 2
1700, 4
1701, 2
1702, 6
1703, 2
1704, 4
1705, 2
1706, 6
1707, 2
1708, 4
1709, 2
1710, 6
1711, 2
1712, 4
1713, 2
1714, 6
1715, 2
1716, 4
1717, 2
1718, 6
1719, 2
1720, 4
1721, 2
1722, 6
1723, 2
1724, 4
1725, 2
1726, 6
1727, 2
1728, 4
1729, 2
1730, 6
1731, 2
1732, 4
1733, 2
1734, 6
1735, 2
1736, 4
1737, 2
1738, 6
1739, 2
1740, 4
1741, 2
1742, 6
1743, 2
1744, 4
1745, 2
1746, 6
1747, 2
1748, 4
1749, 2
1750, 6
1751, 2
1752, 4
1753, 2
1754, 6
1755, 2
1756, 4
1757, 2
1758, 6
1759, 2
1760, 4
1761, 2
1762, 6
1763, 2
1764, 4
1765, 2
1766, 6
1767, 2
1768, 4
1769, 2
1770, 6
1771, 2
1772, 4
1773, 2
1774, 6
1775, 2
1776, 4
1777, 2
1778, 6
1779, 2
1780, 4
1781, 2
1782, 6
1783, 2
1784, 4
1785, 2
1786, 6
1787, 2
1788, 4
1789, 2
1790, 6
1791, 2
1792, 4
1793, 2
1794, 6
1795, 2
1796, 4
1797, 2
1798, 6
1799, 2
1800, 4
1801, 2
1802, 6
1803, 2
1804, 4
1805, 2
1806, 6
1807, 2
1808, 4
1809, 2
1810, 6
1811, 2
1812, 4
1813, 2
1814, 6
1815, 2
1816, 4
1817, 2
1818, 6
1819, 2
1820, 4
1821, 2
1822, 6
1823, 2
1824, 4
1825, 2
1826, 6
1827, 2
1828, 4
1829, 2
1830, 6
1831, 2
1832, 4
1833, 2
1834, 6
1835, 2
1836, 4
1837, 2
1838, 6
1839, 2
1840, 4
1841, 2
1842, 6
1843, 2
1844, 4
1845, 2
1846, 6
1847, 2
1848, 4
1849, 2
1850, 6
1851, 2
1852, 4
1853, 2
1854, 6
1855, 2
1856, 4
1857, 2
1858, 6
1859, 2
1860, 4
1861, 2
1862, 6
1863, 2
1864, 4
1865, 2
1866, 6
1867, 2
1868, 4
1869, 2
1870, 6
1871, 2
1872, 4
1873, 2
1874, 6
1875, 2
1876, 4
1877, 2
1878, 6
1879, 2
1880, 4
1881, 2
1882, 6
1883, 2
1884, 4
1885, 2
1886, 6
1887, 2
1888, 4
1889, 2
1890, 6
1891, 2
1892, 4
1893, 2
1894, 6
1895, 2
1896, 4
1897, 2
1898, 6
1899, 2
1900, 4
1901, 2
1902, 6
1903, 2
1904, 4
1905, 2
1906, 6
1907, 2
1908, 4
1909, 2
1910, 6
1911, 2
1912, 4
1913, 2
1914, 6
1915, 2
1916, 4
1917, 2
1918, 6
1919, 2
1920, 4
1921, 2
1922, 6
1923, 2
1924, 4
1925, 2
1926, 6
1927, 2
1928, 4
1929, 2
1930, 6
1931, 2
1932, 4
1933, 2
1934, 6
1935, 2
1936, 4
1937, 2
1938, 6
1939, 2
1940, 4
1941, 2
1942, 6
1943, 2
1944, 4
1945, 2
1946, 6
1947, 2
1948, 4
1949, 2
1950, 6
1951, 2
1952, 4
1953, 2
1954, 6
1955, 2
1956, 4
1957, 2
1958, 6
1959, 2
1960, 4
1961, 2
1962, 6
1963, 2
1964, 4
1965, 2
1966, 6
1967, 2
1968, 4
1969, 2
1970, 6
1971, 2
1972, 4
1973, 2
1974, 6
1975, 2
1976, 4
1977, 2
1978, 6
1979, 2
1980, 4
1981, 2
1982, 6
1983, 2
1984, 4
1985, 2
1986, 6
1987, 2
1988, 4
1989, 2
1990, 6
1991, 2
1992, 4
1993, 2
1994, 6
1995, 2
1996, 4
1997, 2
1998, 6
1999, 2
2000, 4
2001, 2
2002, 6
2003, 2
2004, 4
2005, 2
2006, 6
2007, 2
2008, 4
2009, 2
2010, 6
2011, 2
2012, 4
2013, 2
2014, 6
2015, 2
2016, 4
2017, 2
2018, 6
2019, 2
2020, 4
2021, 2
2022, 6
2023, 2
2024, 4
2025, 2
2026, 6
2027, 2
2028, 4
2029, 2
2030, 6
2031, 2
2032, 4
2033, 2
2034, 6
2035, 2
2036, 4
2037, 2
2038, 6
2039, 2
2040, 4
2041, 2
2042, 6
2043, 2
2044, 4
2045, 2
2046, 6
2047, 2
2048, 4
2049, 2
2050, 6
2051, 2
2052, 4
2053, 2
2054, 6
2055, 2
2056, 4
2057, 2
2058, 6
2059, 2
2060, 4
2061, 2
2062, 6
2063, 2
2064, 4
2065, 2
2066, 6
2067, 2
2068, 4
2069, 2
2070, 6
2071, 2
2072, 4
2073, 2
2074, 6
2075, 2
2076, 4
2077, 2
2078, 6
2079, 2
2080, 4
2081, 2
2082, 6
2083, 2
2084, 4
2085, 2
2086, 6
2087, 2
2088, 4
2089, 2
2090, 6
2091, 2
2092, 4
2093, 2
2094, 6
2095, 2
2096, 4
2097, 2
2098, 6
2099, 2
2100, 4
2101, 2
2102, 6
2103, 2
2104, 4
2105, 2
2106, 6
2107, 2
2108, 4
2109, 2
2110, 6
2111, 2
2112, 4
2113, 2
2114, 6
2115, 2
2116, 4
2117, 2
2118, 6
2119, 2
2120, 4
2121, 2
2122, 6
2123, 2
2124, 4
2125, 2
2126, 6
2127, 2
2128, 4
2129, 2
2130, 6
2131, 2
2132, 4
2133, 2
2134, 6
2135, 2
2136, 4
2137, 2
2138, 6
2139, 2
2140, 4
2141, 2
2142, 6
2143, 2
2144, 4
2145, 2
2146, 6
2147, 2
2148, 4
2149, 2
2150, 6
2151, 2
2152, 4
2153, 2
2154, 6
2155, 2
2156, 4
2157, 2
2158, 6
2159, 2
2160, 4
2161, 2
2162, 6
2163, 2
2164, 4
2165, 2
2166, 6
2167, 2
2168, 4
2169, 2
2170, 6
2171, 2
2172, 4
2173, 2
2174, 6
2175, 2
2176, 4
2177, 2
2178, 6
2179, 2
2180, 4
2181, 2
2182, 6
2183, 2
2184, 4
2185, 2
2186, 6
2187, 2
2188, 4
2189, 2
2190, 6
2191, 2
2192, 4
2193, 2
2194, 6
2195, 2
2196, 4
2197, 2
2198, 6
2199, 2
2200, 4
2201, 2
2202, 6
2203, 2
2204, 4
2205, 2
2206, 6
2207, 2
2208, 4
2209, 2
2210, 6
2211, 2
2212, 4
2213, 2
2214, 6
2215, 2
2216, 4
2217, 2
2218, 6
2219, 2
2220, 4
2221, 2
2222, 6
2223, 2
2224, 4
2225, 2
2226, 6
2227, 2
2228, 4
2229, 2
2230, 6
2231, 2
2232, 4
2233, 2
2234, 6
2235, 2
2236, 4
2237, 2
2238, 6
2239, 2
2240, 4
2241, 2
2242, 6
2243, 2
2244, 4
2245, 2
2246, 6
2247, 2
2248, 4
2249, 2
2250, 6
2251, 2
2252, 4
2253, 2
2254, 6
2255, 2
2256, 4
2257, 2
2258, 6
2259, 2
2260, 4
2261, 2
2262, 6
2263, 2
2264, 4
2265, 2
2266, 6
2267, 2
2268, 4
2269, 2
2270, 6
2271, 2
2272, 4
2273, 2
2274, 6
2275, 2
2276, 4
2277, 2
2278, 6
2279, 2
2280, 4
2281, 2
2282, 6
2283, 2
2284, 4
2285, 2
2286, 6
2287, 2
2288, 4
2289, 2
2290, 6
2291, 2
2292, 4
2293, 2
2294, 6
2295, 2
2296, 4
2297, 2
2298, 6
2299, 2
2300, 4
2301, 2
2302, 6
2303, 2
2304, 4
2305, 2
2306, 6
2307, 2
2308, 4
2309, 2
2310, 6
2311, 2
2312, 4
2313, 2
2314, 6
2315, 2
2316, 4
2317, 2
2318, 6
2319, 2
2320, 4
2321, 2
2322, 6
2323, 2
2324, 4
2325, 2
2326, 6
2327, 2
2328, 4
2329, 2
2330, 6
2331, 2
2332, 4
2333, 2
2334, 6
2335, 2
2336, 4
2337, 2
2338, 6
2339, 2
2340, 4
2341, 2
2342, 6
2343, 2
2344, 4
2345, 2
2346, 6
2347, 2
2348, 4
2349, 2
2350, 6
2351, 2
2352, 4
2353, 2
2354, 6
2355, 2
2356, 4
2357, 2
2358, 6
2359, 2
2360, 4
2361, 2
2362, 6
2363, 2
2364, 4
2365, 2
2366, 6
2367, 2
2368, 4
2369, 2
2370, 6
2371, 2
2372, 4
2373, 2
2374, 6
2375, 2
2376, 4
2377, 2
2378, 6
2379, 2
2380, 4
2381, 2
2382, 6
2383, 2
2384, 4
2385, 2
2386, 6
2387, 2
2388, 4
2389, 2
2390, 6
2391, 2
2392, 4
2393, 2
2394, 6
2395, 2
2396, 4
2397, 2
2398, 6
2399, 2
2400, 4
2401, 2
2402, 6
2403, 2
2404, 4
2405, 2
2406, 6
2407, 2
2408, 4
2409, 2
2410, 6
2411, 2
2412, 4
2413, 2
2414, 6
2415, 2
2416, 4
2417, 2
2418, 6
2419, 2
2420, 4
2421, 2
2422, 6
2423, 2
2424, 4
2425, 2
2426, 6
2427, 2
2428, 4
2429, 2
2430, 6
2431, 2
2432, 4
2433, 2
2434, 6
2435, 2
2436, 4
2437, 2
2438, 6
2439, 2
2440, 4
2441, 2
2442, 6
2443, 2
2444, 4
2445, 2
2446, 6
2447, 2
2448, 4
2449, 2
2450, 6
2451, 2
2452, 4
2453, 2
2454, 6
2455, 2
2456, 4
2457, 2
2458, 6
2459, 2
2460, 4
2461, 2
2462, 6
2463, 2
2464, 4
2465, 2
2466, 6
2467, 2
2468, 4
2469, 2
2470, 6
2471, 2
2472, 4
2473, 2
2474, 6
2475, 2
2476, 4
2477, 2
2478, 6
2479, 2
2480, 4
2481, 2
2482, 6
2483, 2
2484, 4
2485, 2
2486, 6
2487, 2
2488, 4
2489, 2
2490, 6
2491, 2
2492, 4
2493, 2
2494, 6
2495, 2
2496, 4
2497, 2
2498, 6
2499, 2
2500, 4
2501, 2
2502, 6
2503, 2
2504, 4
2505, 2
2506, 6
2507, 2
2508, 4
2509, 2
2510, 6
2511, 2
2512, 4
2513, 2
2514, 6
2515, 2
2516, 4
2517, 2
2518, 6
2519, 2
2520, 4
2521, 2
2522, 6
2523, 2
2524, 4
2525, 2
2526, 6
2527, 2
2528, 4
2529, 2
2530, 6
2531, 2
2532, 4
2533, 2
2534, 6
2535, 2
2536, 4
2537, 2
2538, 6
2539, 2
2540, 4
2541, 2
2542, 6
2543, 2
2544, 4
2545, 2
2546, 6
2547, 2
2548, 4
2549, 2
2550, 6
2551, 2
2552, 4
2553, 2
2554, 6
2555, 2
2556, 4
2557, 2
2558, 6
2559, 2
2560, 4
2561, 2
2562, 6
2563, 2
2564, 4
2565, 2
2566, 6
2567, 2
2568, 4
2569, 2
2570, 6
2571, 2
2572, 4
2573, 2
2574, 6
2575, 2
2576, 4
2577, 2
2578, 6
2579, 2
2580, 4
2581, 2
2582, 6
2583, 2
2584, 4
2585, 2
2586, 6
2587, 2
2588, 4
2589, 2
2590, 6
2591, 2
2592, 4
2593, 2
2594, 6
2595, 2
2596, 4
2597, 2
2598, 6
2599, 2
2600, 4
2601, 2
2602, 6
2603, 2
2604, 4
2605, 2
2606, 6
2607, 2
2608, 4
2609, 2
2610, 6
2611, 2
2612, 4
2613, 2
2614, 6
2615, 2
2616, 4
2617, 2
2618, 6
2619, 2
2620, 4
2621, 2
2622, 6
2623, 2
2624, 4
2625, 2
2626, 6
2627, 2
2628, 4
2629, 2
2630, 6
2631, 2
2632, 4
2633, 2
2634, 6
2635, 2
2636, 4
2637, 2
2638, 6
2639, 2
2640, 4
2641, 2
2642, 6
2643, 2
2644, 4
2645, 2
2646, 6
2647, 2
2648, 4
2649, 2
2650, 6
2651, 2
2652, 4
2653, 2
2654, 6
2655, 2
2656, 4
2657, 2
2658, 6
2659, 2
2660, 4
2661, 2
2662, 6
2663, 2
2664, 4
2665, 2
2666, 6
2667, 2
2668, 4
2669, 2
2670, 6
2671, 2
2672, 4
2673, 2
2674, 6
2675, 2
2676, 4
2677, 2
2678, 6
2679, 2
2680, 4
2681, 2
2682, 6
2683, 2
2684, 4
2685, 2
2686, 6
2687, 2
2688, 4
2689, 2
2690, 6
2691, 2
2692, 4
2693, 2
2694, 6
2695, 2
2696, 4
2697, 2
2698, 6
2699, 2
2700, 4
2701, 2
2702, 6
2703, 2
2704, 4
2705, 2
2706, 6
2707, 2
2708, 4
2709, 2
2710, 6
2711, 2
2712, 4
2713, 2
2714, 6
2715, 2
2716, 4
2717, 2
2718, 6
2719, 2
2720, 4
2721, 2
2722, 6
2723, 2
2724, 4
2725, 2
2726, 6
2727, 2
2728, 4
2729, 2
2730, 6
2731, 2
2732, 4
2733, 2
2734, 6
2735, 2
2736, 4
2737, 2
2738, 6
2739, 2
2740, 4
2741, 2
2742, 6
2743, 2
2744, 4
2745, 2
2746, 6
2747, 2
2748, 4
2749, 2
2750, 6
2751, 2
2752, 4
2753, 2
2754, 6
2755, 2
2756, 4
2757, 2
2758, 6
2759, 2
2760, 4
2761, 2
2762, 6
2763, 2
2764, 4
2765, 2
2766, 6
2767, 2
2768, 4
2769, 2
2770, 6
2771, 2
2772, 4
2773, 2
2774, 6
2775, 2
2776, 4
2777, 2
2778, 6
2779, 2
2780, 4
2781, 2
2782, 6
2783, 2
2784, 4
2785, 2
2786, 6
2787, 2
2788, 4
2789, 2
2790, 6
2791, 2
2792, 4
2793, 2
2794, 6
2795, 2
2796, 4
2797, 2
2798, 6
2799, 2
2800, 4
2801, 2
2802, 6
2803, 2
2804, 4
2805, 2
2806, 6
2807, 2
2808, 4
2809, 2
2810, 6
2811, 2
2812, 4
2813, 2
2814, 6
2815, 2
2816, 4
2817, 2
2818, 6
2819, 2
2820, 4
2821, 2
2822, 6
2823, 2
2824, 4
2825, 2
2826, 6
2827, 2
2828, 4
2829, 2
2830, 6
2831, 2
2832, 4
2833, 2
2834, 6
2835, 2
2836, 4
2837, 2
2838, 6
2839, 2
2840, 4
2841, 2
2842, 6
2843, 2
2844, 4
2845, 2
2846, 6
2847, 2
2848, 4
2849, 2
2850, 6
2851, 2
2852, 4
2853, 2
2854, 6
2855, 2
2856, 4
2857, 2
2858, 6
2859, 2
2860, 4
2861, 2
2862, 6
2863, 2
2864, 4
2865, 2
2866, 6
2867, 2
2868, 4
2869, 2
2870, 6
2871, 2
2872, 4
2873, 2
2874, 6
2875, 2
2876, 4
2877, 2
2878, 6
2879, 2
2880, 4
2881, 2
2882, 6
2883, 2
2884, 4
2885, 2
2886, 6
2887, 2
2888, 4
2889, 2
2890, 6
2891, 2
2892, 4
2893, 2
2894, 6
2895, 2
2896, 4
2897, 2
2898, 6
2899, 2
2900, 4
2901, 2
2902, 6
2903, 2
2904, 4
2905, 2
2906, 6
2907, 2
2908, 4
2909, 2
2910, 6
2911, 2
2912, 4
2913, 2
2914, 6
2915, 2
2916, 4
2917, 2
2918, 6
2919, 2
2920, 4
2921, 2
2922, 6
2923, 2
2924, 4
2925, 2
2926, 6
2927, 2
2928, 4
2929, 2
2930, 6
2931, 2
2932, 4
2933, 2
2934, 6
2935, 2
2936, 4
2937, 2
2938, 6
2939, 2
2940, 4
2941, 2
2942, 6
2943, 2
2944, 4
2945, 2
2946, 6
2947, 2
2948, 4
2949, 2
2950, 6
2951, 2
2952, 4
2953, 2
2954, 6
2955, 2
2956, 4
2957, 2
2958, 6
2959, 2
2960, 4
2961, 2
2962, 6
2963, 2
2964, 4
2965, 2
2966, 6
2967, 2
2968, 4
2969, 2
2970, 6
2971, 2
2972, 4
2973, 2
2974, 6
2975, 2
2976, 4
2977, 2
2978, 6
2979, 2
2980, 4
2981, 2
2982, 6
2983, 2
2984, 4
2985, 2
2986, 6
2987, 2
2988, 4
2989, 2
2990, 6
2991, 2
2992, 4
2993, 2
2994, 6
2995, 2
2996, 4
2997, 2
2998, 6
2999, 2
3000, 4
3001, 2
3002, 6
3003, 2
3004, 4
3005, 2
3006, 6
3007, 2
3008, 4
3009, 2
3010, 6
3011, 2
3012, 4
3013, 2
3014, 6
3015, 2
3016, 4
3017, 2
3018, 6
3019, 2
3020, 4
3021, 2
3022, 6
3023, 2
3024, 4
3025, 2
3026, 6
3027, 2
3028, 4
3029, 2
3030, 6
3031, 2
3032, 4
3033, 2
3034, 6
3035, 2
3036, 4
3037, 2
3038, 6
3039, 2
3040, 4
3041, 2
3042, 6
3043, 2
3044, 4
3045, 2
3046, 6
3047, 2
3048, 4
3049, 2
3050, 6
3051, 2
3052, 4
3053, 2
3054, 6
3055, 2
3056, 4
3057, 2
3058, 6
3059, 2
3060, 4
3061, 2
3062, 6
3063, 2
3064, 4
3065, 2
3066, 6
3067, 2
3068, 4
3069, 2
3070, 6
3071, 2
3072, 4
3073, 2
3074, 6
3075, 2
3076, 4
3077, 2
3078, 6
3079, 2
3080, 4
3081, 2
3082, 6
3083, 2
3084, 4
3085, 2
3086, 6
3087, 2
3088, 4
3089, 2
3090, 6
3091, 2
3092, 4
3093, 2
3094, 6
3095, 2
3096, 4
3097, 2
3098, 6
3099, 2
3100, 4
3101, 2
3102, 6
3103, 2
3104, 4
3105, 2
3106, 6
3107, 2
3108, 4
3109, 2
3110, 6
3111, 2
3112, 4
3113, 2
3114, 6
3115, 2
3116, 4
3117, 2
3118, 6
3119, 2
3120, 4
3121, 2
3122, 6
3123, 2
3124, 4
3125, 2
3126, 6
3127, 2
3128, 4
3129, 2
3130, 6
3131, 2
3132, 4
3133, 2
3134, 6
3135, 2
3136, 4
3137, 2
3138, 6
3139, 2
3140, 4
3141, 2
3142, 6
3143, 2
3144, 4
3145, 2
3146, 6
3147, 2
3148, 4
3149, 2
3150, 6
3151, 2
3152, 4
3153, 2
3154, 6
3155, 2
3156, 4
3157, 2
3158, 6
3159, 2
3160, 4
3161, 2
3162, 6
3163, 2
3164, 4
3165, 2
3166, 6
3167, 2
3168, 4
3169, 2
3170, 6
3171, 2
3172, 4
3173, 2
3174, 6
3175, 2
3176, 4
3177, 2
3178, 6
3179, 2
3180, 4
3181, 2
3182, 6
3183, 2
3184, 4
3185, 2
3186, 6
3187, 2
3188, 4
3189, 2
3190, 6
3191, 2
3192, 4
3193, 2
3194, 6
3195, 2
3196, 4
3197, 2
3198, 6
3199, 2
3200, 4
3201, 2
3202, 6
3203, 2
3204, 4
3205, 2
3206, 6
3207, 2
3208, 4
3209, 2
3210, 6
3211, 2
3212, 4
3213, 2
3214, 6
3215, 2
3216, 4
3217, 2
3218, 6
3219, 2
3220, 4
3221, 2
3222, 6
3223, 2
3224, 4
3225, 2
3226, 6
3227, 2
3228, 4
3229, 2
3230, 6
3231, 2
3232, 4
3233, 2
3234, 6
3235, 2
3236, 4
3237, 2
3238, 6
3239, 2
3240, 4
3241, 2
3242, 6
3243, 2
3244, 4
3245, 2
3246, 6
3247, 2
3248, 4
3249, 2
3250, 6
3251, 2
3252, 4
3253, 2
3254, 6
3255, 2
3256, 4
3257, 2
3258, 6
3259, 2
3260, 4
3261, 2
3262, 6
3263, 2
3264, 4
3265, 2
3266, 6
3267, 2
3268, 4
3269, 2
3270, 6
3271, 2
3272, 4
3273, 2
3274, 6
3275, 2
3276, 4
3277, 2
3278, 6
3279, 2
3280, 4
3281, 2
3282, 6
3283, 2
3284, 4
3285, 2
3286, 6
3287, 2
3288, 4
3289, 2
3290, 6
3291, 2
3292, 4
3293, 2
3294, 6
3295, 2
3296, 4
3297, 2
3298, 6
3299, 2
3300, 4
3301, 2
3302, 6
3303, 2
3304, 4
3305, 2
3306, 6
3307, 2
3308, 4
3309, 2
3310, 6
3311, 2
3312, 4
3313, 2
3314, 6
3315, 2
3316, 4
3317, 2
3318, 6
3319, 2
3320, 4
3321, 2
3322, 6
3323, 2
3324, 4
3325, 2
3326, 6
3327, 2
3328, 4
3329, 2
3330, 6
3331, 2
3332, 4
3333, 2
3334, 6
3335, 2
3336, 4
3337, 2
3338, 6
3339, 2
3340, 4
3341, 2
3342, 6
3343, 2
3344, 4
3345, 2
3346, 6
3347, 2
3348, 4
3349, 2
3350, 6
3351, 2
3352, 4
3353, 2
3354, 6
3355, 2
3356, 4
3357, 2
3358, 6
3359, 2
3360, 4
3361, 2
3362, 6
3363, 2
3364, 4
3365, 2
3366, 6
3367, 2
3368, 4
3369, 2
3370, 6
3371, 2
3372, 4
3373, 2
3374, 6
3375, 2
3376, 4
3377, 2
3378, 6
3379, 2
3380, 4
3381, 2
3382, 6
3383, 2
3384, 4
3385, 2
3386, 6
3387, 2
3388, 4
3389, 2
3390, 6
3391, 2
3392, 4
3393, 2
3394, 6
3395, 2
3396, 4
3397, 2
3398, 6
3399, 2
3400, 4
3401, 2
3402, 6
3403, 2
3404, 4
3405, 2
3406, 6
3407, 2
3408, 4
3409, 2
3410, 6
3411, 2
3412, 4
3413, 2
3414, 6
3415, 2
3416, 4
3417, 2
3418, 6
3419, 2
3420, 4
3421, 2
3422, 6
3423, 2
3424, 4
3425, 2
3426, 6
3427, 2
3428, 4
3429, 2
3430, 6
3431, 2
3432, 4
3433, 2
3434, 6
3435, 2
3436, 4
3437, 2
3438, 6
3439, 2
3440, 4
3441, 2
3442, 6
3443, 2
3444, 4
3445, 2
3446, 6
3447, 2
3448, 4
3449, 2
3450, 6
3451, 2
3452, 4
3453, 2
3454, 6
3455, 2
3456, 4
3457, 2
3458, 6
3459, 2
3460, 4
3461, 2
3462, 6
3463, 2
3464, 4
3465, 2
3466, 6
3467, 2
3468, 4
3469, 2
3470, 6
3471, 2
3472, 4
3473, 2
3474, 6
3475, 2
3476, 4
3477, 2
3478, 6
3479, 2
3480, 4
3481, 2
3482, 6
3483, 2
3484, 4
3485, 2
3486, 6
3487, 2
3488, 4
3489, 2
3490, 6
3491, 2
3492, 4
3493, 2
3494, 6
3495, 2
3496, 4
3497, 2
3498, 6
3499, 2
3500, 4
3501, 2
3502, 6
3503, 2
3504, 4
3505, 2
3506, 6
3507, 2
3508, 4
3509, 2
3510, 6
3511, 2
3512, 4
3513, 2
3514, 6
3515, 2
3516, 4
3517, 2
3518, 6
3519, 2
3520, 4
3521, 2
3522, 6
3523, 2
3524, 4
3525, 2
3526, 6
3527, 2
3528, 4
3529, 2
3530, 6
3531, 2
3532, 4
3533, 2
3534, 6
3535, 2
3536, 4
3537, 2
3538, 6
3539, 2
3540, 4
3541, 2
3542, 6
3543, 2
3544, 4
3545, 2
3546, 6
3547, 2
3548, 4
3549, 2
3550, 6
3551, 2
3552, 4
3553, 2
3554, 6
3555, 2
3556, 4
3557, 2
3558, 6
3559, 2
3560, 4
3561, 2
3562, 6
3563, 2
3564, 4
3565, 2
3566, 6
3567, 2
3568, 4
3569, 2
3570, 6
3571, 2
3572, 4
3573, 2
3574, 6
3575, 2
3576, 4
3577, 2
3578, 6
3579, 2
3580, 4
3581, 2
3582, 6
3583, 2
3584, 4
3585, 2
3586, 6
3587, 2
3588, 4
3589, 2
3590, 6
3591, 2
3592, 4
3593, 2
3594, 6
3595, 2
3596, 4
3597, 2
3598, 6
3599, 2
3600, 4
3601, 2
3602, 6
3603, 2
3604, 4
3605, 2
3606, 6
3607, 2
3608, 4
3609, 2
3610, 6
3611, 2
3612, 4
3613, 2
3614, 6
3615, 2
3616, 4
3617, 2
3618, 6
3619, 2
3620, 4
3621, 2
3622, 6
3623, 2
3624, 4
3625, 2
3626, 6
3627, 2
3628, 4
3629, 2
3630, 5
3631, 2
3632, 3
3633, 1
