0, 2
1, 2
2, 5
3, 2
4, 4
5, 2
6, 8
7, 2
8, 4
9, 2
10, 7
11, 2
12, 4
13, 2
14, 7
15, 2
16, 4
17, 2
18, 8
19, 2
20, 4
21, 2
22, 6
23, 2
24, 4
25, 2
26, 6
27, 2
28, 4
29, 2
30, 70
31, 2
32, 4
33, 2
34, 6
35, 2
36, 4
37, 2
38, 7
39, 2
40, 4
41, 2
42, 7
43, 2
44, 4
45, 2
46, 7
47, 2
48, 4
49, 2
50, 7
51, 2
52, 4
53, 2
54, 7
55, 2
56, 4
57, 2
58, 7
59, 2
60, 4
61, 2
62, 7
63, 2
64, 4
65, 2
66, 7
67, 2
68, 4
69, 2
70, 7
71, 2
72, 4
73, 2
74, 7
75, 2
76, 4
77, 2
78, 7
79, 2
80, 4
81, 2
82, 7
83, 2
84, 4
85, 2
86, 7
87, 2
88, 4
89, 2
90, 7
91, 2
92, 4
93, 2
94, 7
95, 2
96, 4
97, 2
98, 7
99, 2
100, 4
101, 2
102, 7
103, 2
104, 4
105, 2
106, 7
107, 2
108, 4
109, 2
110, 7
111, 2
112, 4
113, 2
114, 7
115, 2
116, 4
117, 2
118, 7
119, 2
120, 4
121, 2
122, 7
123, 2
124, 4
125, 2
126, 7
127, 2
128, 4
129, 2
130, 7
131, 2
132, 4
133, 2
134, 7
135, 2
136, 4
137, 2
138, 7
139, 2
140, 4
141, 2
142, 7
143, 2
144, 4
145, 2
146, 7
147, 2
148, 4
149, 2
150, 7
151, 2
152, 4
153, 2
154, 7
155, 2
156, 4
157, 2
158, 7
159, 2
160, 4
161, 2
162, 7
163, 2
164, 4
165, 2
166, 7
167, 2
168, 4
169, 2
170, 7
171, 2
172, 4
173, 2
174, 7
175, 2
176, 4
177, 2
178, 7
179, 2
180, 4
181, 2
182, 7
183, 2
184, 4
185, 2
186, 7
187, 2
188, 4
189, 2
190, 7
191, 2
192, 4
193, 2
194, 7
195, 2
196, 4
197, 2
198, 7
199, 2
200, 4
201, 2
202, 7
203, 2
204, 4
205, 2
206, 7
207, 2
208, 4
209, 2
210, 7
211, 2
212, 4
213, 2
214, 7
215, 2
216, 4
217, 2
218, 7
219, 2
220, 4
221, 2
222, 7
223, 2
224, 4
225, 2
226, 7
227, 2
228, 4
229, 2
230, 7
231, 2
232, 4
233, 2
234, 7
235, 2
236, 4
237, 2
238, 7
239, 2
240, 4
241, 2
242, 7
243, 2
244, 4
245, 2
246, 7
247, 2
248, 4
249, 2
250, 7
251, 2
252, 4
253, 2
254, 7
255, 2
256, 4
257, 2
258, 7
259, 2
260, 4
261, 2
262, 7
263, 2
264, 4
265, 2
266, 7
267, 2
268, 4
269, 2
270, 7
271, 2
272, 4
273, 2
274, 7
275, 2
276, 4
277, 2
278, 7
279, 2
280, 4
281, 2
282, 7
283, 2
284, 4
285, 2
286, 7
287, 2
288, 4
289, 2
290, 7
291, 2
292, 4
293, 2
294, 6
295, 2
296, 4
297, 2
298, 6
299, 2
300, 4
301, 2
302, 6
303, 2
304, 4
305, 2
306, 6
307, 2
308, 4
309, 2
310, 6
311, 2
312, 4
313, 2
314, 6
315, 2
316, 4
317, 2
318, 6
319, 2
320, 4
321, 2
322, 6
323, 2
324, 4
325, 2
326, 6
327, 2
328, 4
329, 2
330, 6
331, 2
332, 4
333, 2
334, 6
335, 2
336, 4
337, 2
338, 6
339, 2
340, 4
341, 2
342, 6
343, 2
344, 4
345, 2
346, 6
347, 2
348, 4
349, 2
350, 6
351, 2
352, 4
353, 2
354, 6
355, 2
356, 4
357, 2
358, 6
359, 2
360, 4
361, 2
362, 6
363, 2
364, 4
365, 2
366, 6
367, 2
368, 4
369, 2
370, 6
371, 2
372, 4
373, 2
374, 6
375, 2
376, 4
377, 2
378, 6
379, 2
380, 4
381, 2
382, 6
383, 2
384, 4
385, 2
386, 6
387, 2
388, 4
389, 2
390, 6
391, 2
392, 4
393, 2
394, 6
395, 2
396, 4
397, 2
398, 6
399, 2
400, 4
401, 2
402, 6
403, 2
404, 4
405, 2
406, 6
407, 2
408, 4
409, 2
410, 6
411, 2
412, 4
413, 2
414, 6
415, 2
416, 4
417, 2
418, 6
419, 2
420, 4
421, 2
422, 6
423, 2
424, 4
425, 2
426, 6
427, 2
428, 4
429, 2
430, 6
431, 2
432, 4
433, 2
434, 6
435, 2
436, 4
437, 2
438, 6
439, 2
440, 4
441, 2
442, 6
443, 2
444, 4
445, 2
446, 6
447, 2
448, 4
449, 2
450, 6
451, 2
452, 4
453, 2
454, 6
455, 2
456, 4
457, 2
458, 6
459, 2
460, 4
461, 2
462, 6
463, 2
464, 4
465, 2
466, 6
467, 2
468, 4
469, 2
470, 6
471, 2
472, 4
473, 2
474, 6
475, 2
476, 4
477, 2
478, 6
479, 2
480, 4
481, 2
482, 6
483, 2
484, 4
485, 2
486, 6
487, 2
488, 4
489, 2
490, 6
491, 2
492, 4
493, 2
494, 6
495, 2
496, 4
497, 2
498, 6
499, 2
500, 4
501, 2
502, 6
503, 2
504, 4
505, 2
506, 6
507, 2
508, 4
509, 2
510, 6
511, 2
512, 4
513, 2
514, 6
515, 2
516, 4
517, 2
518, 6
519, 2
520, 4
521, 2
522, 6
523, 2
524, 4
525, 2
526, 6
527, 2
528, 4
529, 2
530, 6
531, 2
532, 4
533, 2
534, 6
535, 2
536, 4
537, 2
538, 6
539, 2
540, 4
541, 2
542, 6
543, 2
544, 4
545, 2
546, 6
547, 2
548, 4
549, 2
550, 6
551, 2
552, 4
553, 2
554, 6
555, 2
556, 4
557, 2
558, 6
559, 2
560, 4
561, 2
562, 6
563, 2
564, 4
565, 2
566, 6
567, 2
568, 4
569, 2
570, 6
571, 2
572, 4
573, 2
574, 6
575, 2
576, 4
577, 2
578, 6
579, 2
580, 4
581, 2
582, 6
583, 2
584, 4
585, 2
586, 6
587, 2
588, 4
589, 2
590, 6
591, 2
592, 4
593, 2
594, 6
595, 2
596, 4
597, 2
598, 6
599, 2
600, 4
601, 2
602, 6
603, 2
604, 4
605, 2
606, 6
607, 2
608, 4
609, 2
610, 6
611, 2
612, 4
613, 2
614, 6
615, 2
616, 4
617, 2
618, 6
619, 2
620, 4
621, 2
622, 6
623, 2
624, 4
625, 2
626, 6
627, 2
628, 4
629, 2
630, 6
631, 2
632, 4
633, 2
634, 6
635, 2
636, 4
637, 2
638, 6
639, 2
640, 4
641, 2
642, 6
643, 2
644, 4
645, 2
646, 6
647, 2
648, 4
649, 2
650, 6
651, 2
652, 4
653, 2
654, 6
655, 2
656, 4
657, 2
658, 6
659, 2
660, 4
661, 2
662, 6
663, 2
664, 4
665, 2
666, 6
667, 2
668, 4
669, 2
670, 6
671, 2
672, 4
673, 2
674, 6
675, 2
676, 4
677, 2
678, 6
679, 2
680, 4
681, 2
682, 6
683, 2
684, 4
685, 2
686, 6
687, 2
688, 4
689, 2
690, 6
691, 2
692, 4
693, 2
694, 6
695, 2
696, 4
697, 2
698, 6
699, 2
700, 4
701, 2
702, 6
703, 2
704, 4
705, 2
706, 6
707, 2
708, 4
709, 2
710, 6
711, 2
712, 4
713, 2
714, 6
715, 2
716, 4
717, 2
718, 6
719, 2
720, 4
721, 2
722, 6
723, 2
724, 4
725, 2
726, 6
727, 2
728, 4
729, 2
730, 6
731, 2
732, 4
733, 2
734, 6
735, 2
736, 4
737, 2
738, 6
739, 2
740, 4
741, 2
742, 6
743, 2
744, 4
745, 2
746, 6
747, 2
748, 4
749, 2
750, 6
751, 2
752, 4
753, 2
754, 6
755, 2
756, 4
757, 2
758, 4
759, 1
