0, 2
1, 2
2, 4
3, 2
4, 6
5, 2
6, 3
7, 4
8, 2
9, 11
10, 3
11, 3
12, 11
13, 2
14, 3
15, 5
16, 2
17, 5
18, 2
19, 9
20, 2
21, 3
22, 4
23, 2
24, 12
25, 2
26, 3
27, 4
28, 2
29, 7
30, 2
31, 4
32, 2
33, 8
34, 2
35, 4
36, 2
37, 6
38, 2
39, 4
40, 2
41, 11
42, 3
43, 3
44, 14
45, 3
46, 3
47, 8
48, 3
49, 3
50, 8
51, 3
52, 3
53, 8
54, 3
55, 3
56, 9
57, 3
58, 3
59, 9
60, 3
61, 3
62, 6
63, 3
64, 3
65, 8
66, 3
67, 3
68, 6
69, 3
70, 3
71, 15
72, 3
73, 3
74, 8
75, 2
76, 3
77, 4
78, 2
79, 8
80, 2
81, 3
82, 4
83, 2
84, 8
85, 3
86, 3
87, 8
88, 3
89, 3
90, 6
91, 3
92, 3
93, 12
94, 3
95, 3
96, 7
97, 2
98, 3
99, 7
100, 2
101, 3
102, 4
103, 2
104, 9
105, 3
106, 3
107, 8
108, 3
109, 3
110, 6
111, 3
112, 3
113, 16
114, 3
115, 3
116, 7
117, 2
118, 3
119, 4
120, 2
121, 10
122, 2
123, 3
124, 8
125, 2
126, 3
127, 4
128, 2
129, 11
130, 2
131, 5
132, 6
133, 3
134, 6
135, 2
136, 7
137, 2
138, 12
139, 3
140, 3
141, 10
142, 3
143, 3
144, 6
145, 3
146, 3
147, 15
148, 3
149, 3
150, 10
151, 2
152, 3
153, 6
154, 2
155, 6
156, 2
157, 8
158, 2
159, 4
160, 2
161, 11
162, 2
163, 3
164, 5
165, 2
166, 4
167, 2
168, 11
169, 3
170, 3
171, 8
172, 3
173, 3
174, 9
175, 3
176, 3
177, 6
178, 3
179, 3
180, 14
181, 3
182, 3
183, 8
184, 2
185, 3
186, 4
187, 2
188, 8
189, 2
190, 3
191, 5
192, 2
193, 4
194, 2
195, 11
196, 3
197, 3
198, 7
199, 3
200, 3
201, 7
202, 3
203, 3
204, 21
205, 3
206, 3
207, 7
208, 2
209, 3
210, 4
211, 2
212, 9
213, 3
214, 3
215, 6
216, 3
217, 3
218, 7
219, 3
220, 3
221, 15
222, 3
223, 3
224, 9
225, 2
226, 3
227, 10
228, 2
229, 3
230, 4
231, 2
232, 6
233, 2
234, 8
235, 2
236, 4
237, 2
238, 11
239, 2
240, 3
241, 4
242, 2
243, 18
244, 3
245, 3
246, 10
247, 3
248, 3
249, 9
250, 3
251, 3
252, 9
253, 3
254, 3
255, 9
256, 3
257, 3
258, 10
259, 3
260, 3
261, 11
262, 3
263, 3
264, 6
265, 3
266, 3
267, 8
268, 3
269, 3
270, 6
271, 3
272, 3
273, 17
274, 3
275, 3
276, 9
277, 2
278, 3
279, 8
280, 2
281, 3
282, 4
283, 2
284, 9
285, 2
286, 3
287, 4
288, 2
289, 9
290, 3
291, 3
292, 11
293, 3
294, 3
295, 8
296, 3
297, 3
298, 7
299, 3
300, 3
301, 8
302, 3
303, 3
304, 14
305, 3
306, 3
307, 7
308, 2
309, 3
310, 5
311, 2
312, 4
313, 2
314, 9
315, 3
316, 3
317, 6
318, 3
319, 3
320, 20
321, 3
322, 3
323, 11
324, 2
325, 3
326, 4
327, 2
328, 10
329, 2
330, 4
331, 2
332, 5
333, 2
334, 12
335, 2
336, 5
337, 3
338, 5
339, 2
340, 16
341, 2
342, 7
343, 5
344, 7
345, 4
346, 7
347, 2
348, 8
349, 2
350, 12
351, 2
352, 4
353, 2
354, 11
355, 3
356, 3
357, 16
358, 3
359, 3
360, 8
361, 2
362, 3
363, 8
364, 2
365, 3
366, 5
367, 2
368, 4
369, 2
370, 9
371, 3
372, 3
373, 12
374, 3
375, 3
376, 6
377, 3
378, 3
379, 8
380, 3
381, 3
382, 6
383, 3
384, 3
385, 12
386, 3
387, 3
388, 7
389, 2
390, 3
391, 7
392, 2
393, 3
394, 4
395, 2
396, 14
397, 3
398, 3
399, 7
400, 2
401, 3
402, 4
403, 2
404, 7
405, 3
406, 3
407, 11
408, 3
409, 3
410, 7
411, 2
412, 3
413, 4
414, 2
415, 7
416, 3
417, 3
418, 13
419, 3
420, 3
421, 7
422, 2
423, 3
424, 4
425, 2
426, 7
427, 3
428, 3
429, 9
430, 3
431, 3
432, 8
433, 3
434, 3
435, 9
436, 3
437, 3
438, 6
439, 3
440, 3
441, 15
442, 3
443, 3
444, 8
445, 2
446, 3
447, 5
448, 2
449, 7
450, 2
451, 4
452, 2
453, 10
454, 3
455, 3
456, 6
457, 3
458, 3
459, 11
460, 3
461, 3
462, 7
463, 2
464, 3
465, 8
466, 2
467, 3
468, 5
469, 2
470, 5
471, 2
472, 13
473, 3
474, 3
475, 8
476, 2
477, 3
478, 8
479, 2
480, 4
481, 5
482, 2
483, 5
484, 2
485, 10
486, 3
487, 3
488, 21
489, 3
490, 3
491, 7
492, 2
493, 3
494, 4
495, 2
496, 15
497, 3
498, 3
499, 7
500, 2
501, 3
502, 7
503, 2
504, 3
505, 4
506, 2
507, 8
508, 3
509, 3
510, 18
511, 3
512, 3
513, 10
514, 2
515, 3
516, 10
517, 2
518, 3
519, 13
520, 2
521, 3
522, 5
523, 2
524, 5
525, 2
526, 8
527, 2
528, 4
529, 2
530, 7
531, 2
532, 4
533, 2
534, 12
535, 3
536, 3
537, 10
538, 3
539, 3
540, 11
541, 3
542, 3
543, 16
544, 3
545, 3
546, 6
547, 3
548, 3
549, 13
550, 3
551, 3
552, 6
553, 3
554, 3
555, 13
556, 3
557, 3
558, 6
559, 3
560, 3
561, 7
562, 3
563, 3
564, 17
565, 3
566, 3
567, 10
568, 2
569, 3
570, 10
571, 2
572, 3
573, 7
574, 2
575, 4
576, 5
577, 2
578, 5
579, 2
580, 13
581, 3
582, 3
583, 10
584, 3
585, 3
586, 10
587, 3
588, 3
589, 25
590, 3
591, 3
592, 7
593, 2
594, 3
595, 4
596, 2
597, 12
598, 2
599, 3
600, 10
601, 2
602, 3
603, 5
604, 2
605, 4
606, 2
607, 13
608, 2
609, 3
610, 5
611, 2
612, 4
613, 2
614, 9
615, 2
616, 3
617, 4
618, 2
619, 12
620, 3
621, 3
622, 9
623, 3
624, 3
625, 11
626, 3
627, 3
628, 14
629, 3
630, 3
631, 8
632, 2
633, 3
634, 5
635, 2
636, 4
637, 2
638, 8
639, 3
640, 3
641, 18
642, 3
643, 3
644, 7
645, 2
646, 3
647, 4
648, 2
649, 15
650, 3
651, 3
652, 7
653, 2
654, 3
655, 7
656, 2
657, 3
658, 4
659, 2
660, 8
661, 3
662, 3
663, 18
664, 3
665, 3
666, 10
667, 2
668, 3
669, 10
670, 2
671, 3
672, 13
673, 2
674, 3
675, 5
676, 2
677, 5
678, 2
679, 8
680, 2
681, 4
682, 2
683, 7
684, 2
685, 4
686, 2
687, 12
688, 3
689, 3
690, 10
691, 3
692, 3
693, 11
694, 3
695, 3
696, 16
697, 3
698, 3
699, 6
700, 3
701, 3
702, 13
703, 3
704, 3
705, 6
706, 3
707, 3
708, 13
709, 3
710, 3
711, 6
712, 3
713, 3
714, 7
715, 3
716, 3
717, 17
718, 3
719, 3
720, 10
721, 2
722, 3
723, 10
724, 2
725, 3
726, 7
727, 2
728, 4
729, 5
730, 2
731, 5
732, 2
733, 13
734, 3
735, 3
736, 10
737, 3
738, 3
739, 10
740, 3
741, 3
742, 25
743, 3
744, 3
745, 7
746, 2
747, 3
748, 4
749, 2
750, 12
751, 2
752, 3
753, 10
754, 2
755, 3
756, 5
757, 2
758, 4
759, 2
760, 13
761, 2
762, 3
763, 5
764, 2
765, 4
766, 2
767, 9
768, 2
769, 3
770, 4
771, 2
772, 12
773, 3
774, 3
775, 9
776, 3
777, 3
778, 11
779, 3
780, 3
781, 14
782, 3
783, 3
784, 8
785, 2
786, 3
787, 5
788, 2
789, 4
790, 2
791, 8
792, 3
793, 3
794, 18
795, 3
796, 3
797, 7
798, 2
799, 3
800, 4
801, 2
802, 15
803, 3
804, 3
805, 7
806, 2
807, 3
808, 7
809, 2
810, 3
811, 4
812, 2
813, 8
814, 3
815, 3
816, 18
817, 3
818, 3
819, 10
820, 2
821, 3
822, 10
823, 2
824, 3
825, 13
826, 2
827, 3
828, 5
829, 2
830, 5
831, 2
832, 8
833, 2
834, 4
835, 2
836, 7
837, 2
838, 4
839, 2
840, 12
841, 3
842, 3
843, 10
844, 3
845, 3
846, 11
847, 3
848, 3
849, 16
850, 3
851, 3
852, 6
853, 3
854, 3
855, 13
856, 3
857, 3
858, 6
859, 3
860, 3
861, 13
862, 3
863, 3
864, 6
865, 3
866, 3
867, 7
868, 3
869, 3
870, 17
871, 3
872, 3
873, 10
874, 2
875, 3
876, 10
877, 2
878, 3
879, 7
880, 2
881, 4
882, 5
883, 2
884, 5
885, 2
886, 13
887, 3
888, 3
889, 10
890, 3
891, 3
892, 10
893, 3
894, 3
895, 25
896, 3
897, 3
898, 7
899, 2
900, 3
901, 4
902, 2
903, 12
904, 2
905, 3
906, 10
907, 2
908, 3
909, 5
910, 2
911, 4
912, 2
913, 13
914, 2
915, 3
916, 5
917, 2
918, 4
919, 2
920, 9
921, 2
922, 3
923, 4
924, 2
925, 12
926, 3
927, 3
928, 9
929, 3
930, 3
931, 11
932, 3
933, 3
934, 14
935, 3
936, 3
937, 8
938, 2
939, 3
940, 5
941, 2
942, 4
943, 2
944, 8
945, 3
946, 3
947, 18
948, 3
949, 3
950, 7
951, 2
952, 3
953, 4
954, 2
955, 15
956, 3
957, 3
958, 7
959, 2
960, 3
961, 7
962, 2
963, 3
964, 4
965, 2
966, 8
967, 3
968, 3
969, 18
970, 3
971, 3
972, 10
973, 2
974, 3
975, 10
976, 2
977, 3
978, 13
979, 2
980, 3
981, 5
982, 2
983, 5
984, 2
985, 8
986, 2
987, 4
988, 2
989, 7
990, 2
991, 4
992, 2
993, 12
994, 3
995, 3
996, 10
997, 3
998, 3
999, 11
1000, 3
1001, 3
1002, 16
1003, 3
1004, 3
1005, 6
1006, 3
1007, 3
1008, 13
1009, 3
1010, 3
1011, 6
1012, 3
1013, 3
1014, 13
1015, 3
1016, 3
1017, 6
1018, 3
1019, 3
1020, 7
1021, 3
1022, 3
1023, 17
1024, 3
1025, 3
1026, 10
1027, 2
1028, 3
1029, 10
1030, 2
1031, 3
1032, 7
1033, 2
1034, 4
1035, 5
1036, 2
1037, 5
1038, 2
1039, 13
1040, 3
1041, 3
1042, 10
1043, 3
1044, 3
1045, 10
1046, 3
1047, 3
1048, 25
1049, 3
1050, 3
1051, 7
1052, 2
1053, 3
1054, 4
1055, 2
1056, 12
1057, 2
1058, 3
1059, 10
1060, 2
1061, 3
1062, 5
1063, 2
1064, 4
1065, 2
1066, 13
1067, 2
1068, 3
1069, 5
1070, 2
1071, 4
1072, 2
1073, 9
1074, 2
1075, 3
1076, 4
1077, 2
1078, 12
1079, 3
1080, 3
1081, 9
1082, 3
1083, 3
1084, 11
1085, 3
1086, 3
1087, 14
1088, 3
1089, 3
1090, 8
1091, 2
1092, 3
1093, 5
1094, 2
1095, 4
1096, 2
1097, 8
1098, 3
1099, 3
1100, 18
1101, 3
1102, 3
1103, 7
1104, 2
1105, 3
1106, 4
1107, 2
1108, 15
1109, 3
1110, 3
1111, 7
1112, 2
1113, 3
1114, 7
1115, 2
1116, 3
1117, 4
1118, 2
1119, 8
1120, 3
1121, 3
1122, 18
1123, 3
1124, 3
1125, 10
1126, 2
1127, 3
1128, 10
1129, 2
1130, 3
1131, 13
1132, 2
1133, 3
1134, 5
1135, 2
1136, 5
1137, 2
1138, 8
1139, 2
1140, 4
1141, 2
1142, 7
1143, 2
1144, 4
1145, 2
1146, 12
1147, 3
1148, 3
1149, 10
1150, 3
1151, 3
1152, 11
1153, 3
1154, 3
1155, 16
1156, 3
1157, 3
1158, 6
1159, 3
1160, 3
1161, 13
1162, 3
1163, 3
1164, 6
1165, 3
1166, 3
1167, 13
1168, 3
1169, 3
1170, 6
1171, 3
1172, 3
1173, 7
1174, 3
1175, 3
1176, 17
1177, 3
1178, 3
1179, 10
1180, 2
1181, 3
1182, 10
1183, 2
1184, 3
1185, 7
1186, 2
1187, 4
1188, 5
1189, 2
1190, 5
1191, 2
1192, 13
1193, 3
1194, 3
1195, 10
1196, 3
1197, 3
1198, 10
1199, 3
1200, 3
1201, 25
1202, 3
1203, 3
1204, 7
1205, 2
1206, 3
1207, 4
1208, 2
1209, 12
1210, 2
1211, 3
1212, 10
1213, 2
1214, 3
1215, 5
1216, 2
1217, 4
1218, 2
1219, 13
1220, 2
1221, 3
1222, 5
1223, 2
1224, 4
1225, 2
1226, 9
1227, 2
1228, 3
1229, 4
1230, 2
1231, 12
1232, 3
1233, 3
1234, 9
1235, 3
1236, 3
1237, 11
1238, 3
1239, 3
1240, 14
1241, 3
1242, 3
1243, 8
1244, 2
1245, 3
1246, 5
1247, 2
1248, 4
1249, 2
1250, 8
1251, 3
1252, 3
1253, 18
1254, 3
1255, 3
1256, 7
1257, 2
1258, 3
1259, 4
1260, 2
1261, 15
1262, 3
1263, 3
1264, 7
1265, 2
1266, 3
1267, 7
1268, 2
1269, 3
1270, 4
1271, 2
1272, 8
1273, 3
1274, 3
1275, 18
1276, 3
1277, 3
1278, 10
1279, 2
1280, 3
1281, 10
1282, 2
1283, 3
1284, 13
1285, 2
1286, 3
1287, 5
1288, 2
1289, 5
1290, 2
1291, 8
1292, 2
1293, 4
1294, 2
1295, 7
1296, 2
1297, 4
1298, 2
1299, 12
1300, 3
1301, 3
1302, 10
1303, 3
1304, 3
1305, 11
1306, 3
1307, 3
1308, 16
1309, 3
1310, 3
1311, 6
1312, 3
1313, 3
1314, 13
1315, 3
1316, 3
1317, 6
1318, 3
1319, 3
1320, 13
1321, 3
1322, 3
1323, 6
1324, 3
1325, 3
1326, 7
1327, 3
1328, 3
1329, 17
1330, 3
1331, 3
1332, 10
1333, 2
1334, 3
1335, 10
1336, 2
1337, 3
1338, 7
1339, 2
1340, 4
1341, 5
1342, 2
1343, 5
1344, 2
1345, 13
1346, 3
1347, 3
1348, 10
1349, 3
1350, 3
1351, 10
1352, 3
1353, 3
1354, 25
1355, 3
1356, 3
1357, 7
1358, 2
1359, 3
1360, 4
1361, 2
1362, 12
1363, 2
1364, 3
1365, 10
1366, 2
1367, 3
1368, 5
1369, 2
1370, 4
1371, 2
1372, 13
1373, 2
1374, 3
1375, 5
1376, 2
1377, 4
1378, 2
1379, 9
1380, 2
1381, 3
1382, 4
1383, 2
1384, 12
1385, 3
1386, 3
1387, 9
1388, 3
1389, 3
1390, 11
1391, 3
1392, 3
1393, 14
1394, 3
1395, 3
1396, 8
1397, 2
1398, 3
1399, 5
1400, 2
1401, 4
1402, 2
1403, 8
1404, 3
1405, 3
1406, 18
1407, 3
1408, 3
1409, 7
1410, 2
1411, 3
1412, 4
1413, 2
1414, 15
1415, 3
1416, 3
1417, 7
1418, 2
1419, 3
1420, 7
1421, 2
1422, 3
1423, 4
1424, 2
1425, 8
1426, 3
1427, 3
1428, 18
1429, 3
1430, 3
1431, 10
1432, 2
1433, 3
1434, 10
1435, 2
1436, 3
1437, 13
1438, 2
1439, 3
1440, 5
1441, 2
1442, 5
1443, 2
1444, 8
1445, 2
1446, 4
1447, 2
1448, 7
1449, 2
1450, 4
1451, 2
1452, 12
1453, 3
1454, 3
1455, 10
1456, 3
1457, 3
1458, 11
1459, 3
1460, 3
1461, 16
1462, 3
1463, 3
1464, 6
1465, 3
1466, 3
1467, 13
1468, 3
1469, 3
1470, 6
1471, 3
1472, 3
1473, 13
1474, 3
1475, 3
1476, 6
1477, 3
1478, 3
1479, 7
1480, 3
1481, 3
1482, 17
1483, 3
1484, 3
1485, 10
1486, 2
1487, 3
1488, 10
1489, 2
1490, 3
1491, 7
1492, 2
1493, 4
1494, 5
1495, 2
1496, 5
1497, 2
1498, 13
1499, 3
1500, 3
1501, 10
1502, 3
1503, 3
1504, 10
1505, 3
1506, 3
1507, 25
1508, 3
1509, 3
1510, 7
1511, 2
1512, 3
1513, 4
1514, 2
1515, 12
1516, 2
1517, 3
1518, 10
1519, 2
1520, 3
1521, 5
1522, 2
1523, 4
1524, 2
1525, 13
1526, 2
1527, 3
1528, 5
1529, 2
1530, 4
1531, 2
1532, 9
1533, 2
1534, 3
1535, 4
1536, 2
1537, 12
1538, 3
1539, 3
1540, 9
1541, 3
1542, 3
1543, 11
1544, 3
1545, 3
1546, 14
1547, 3
1548, 3
1549, 8
1550, 2
1551, 3
1552, 5
1553, 2
1554, 4
1555, 2
1556, 8
1557, 3
1558, 3
1559, 11
1560, 3
1561, 3
1562, 7
1563, 2
1564, 3
1565, 4
1566, 2
1567, 8
1568, 3
1569, 3
1570, 6
1571, 2
1572, 3
1573, 5
1574, 2
1575, 2
