0, 2
1, 2
2, 4
3, 2
4, 6
5, 2
6, 3
7, 4
8, 2
9, 11
10, 3
11, 3
12, 11
13, 2
14, 3
15, 5
16, 2
17, 5
18, 2
19, 9
20, 2
21, 3
22, 4
23, 2
24, 12
25, 2
26, 3
27, 4
28, 2
29, 7
30, 2
31, 4
32, 2
33, 8
34, 2
35, 4
36, 2
37, 6
38, 2
39, 4
40, 2
41, 11
42, 3
43, 3
44, 14
45, 3
46, 3
47, 8
48, 3
49, 3
50, 8
51, 3
52, 3
53, 8
54, 3
55, 3
56, 9
57, 3
58, 3
59, 9
60, 3
61, 3
62, 6
63, 3
64, 3
65, 8
66, 3
67, 3
68, 6
69, 3
70, 3
71, 15
72, 3
73, 3
74, 8
75, 2
76, 3
77, 4
78, 2
79, 8
80, 2
81, 3
82, 4
83, 2
84, 8
85, 3
86, 3
87, 8
88, 3
89, 3
90, 6
91, 3
92, 3
93, 12
94, 3
95, 3
96, 7
97, 2
98, 3
99, 7
100, 2
101, 3
102, 4
103, 2
104, 9
105, 3
106, 3
107, 8
108, 3
109, 3
110, 6
111, 3
112, 3
113, 16
114, 3
115, 3
116, 7
117, 2
118, 3
119, 4
120, 2
121, 10
122, 2
123, 3
124, 8
125, 2
126, 3
127, 4
128, 2
129, 11
130, 2
131, 5
132, 6
133, 3
134, 6
135, 2
136, 7
137, 2
138, 12
139, 3
140, 3
141, 10
142, 3
143, 3
144, 6
145, 3
146, 3
147, 15
148, 3
149, 3
150, 10
151, 2
152, 3
153, 6
154, 2
155, 6
156, 2
157, 8
158, 2
159, 4
160, 2
161, 11
162, 2
163, 3
164, 5
165, 2
166, 4
167, 2
168, 11
169, 3
170, 3
171, 8
172, 3
173, 3
174, 9
175, 3
176, 3
177, 6
178, 3
179, 3
180, 14
181, 3
182, 3
183, 8
184, 2
185, 3
186, 4
187, 2
188, 8
189, 2
190, 3
191, 5
192, 2
193, 4
194, 2
195, 11
196, 3
197, 3
198, 7
199, 3
200, 3
201, 7
202, 3
203, 3
204, 21
205, 3
206, 3
207, 7
208, 2
209, 3
210, 4
211, 2
212, 9
213, 3
214, 3
215, 6
216, 3
217, 3
218, 7
219, 3
220, 3
221, 15
222, 3
223, 3
224, 9
225, 2
226, 3
227, 10
228, 2
229, 3
230, 4
231, 2
232, 6
233, 2
234, 8
235, 2
236, 4
237, 2
238, 11
239, 2
240, 3
241, 4
242, 2
243, 18
244, 3
245, 3
246, 10
247, 3
248, 3
249, 9
250, 3
251, 3
252, 9
253, 3
254, 3
255, 9
256, 3
257, 3
258, 10
259, 3
260, 3
261, 11
262, 3
263, 3
264, 6
265, 3
266, 3
267, 8
268, 3
269, 3
270, 6
271, 3
272, 3
273, 17
274, 3
275, 3
276, 9
277, 2
278, 3
279, 8
280, 2
281, 3
282, 4
283, 2
284, 9
285, 2
286, 3
287, 4
288, 2
289, 9
290, 3
291, 3
292, 11
293, 3
294, 3
295, 8
296, 3
297, 3
298, 7
299, 3
300, 3
301, 8
302, 3
303, 3
304, 14
305, 3
306, 3
307, 7
308, 2
309, 3
310, 5
311, 2
312, 4
313, 2
314, 9
315, 3
316, 3
317, 6
318, 3
319, 3
320, 20
321, 3
322, 3
323, 11
324, 2
325, 3
326, 4
327, 2
328, 10
329, 2
330, 4
331, 2
332, 5
333, 2
334, 12
335, 2
336, 5
337, 3
338, 5
339, 2
340, 16
341, 2
342, 7
343, 5
344, 7
345, 4
346, 7
347, 2
348, 8
349, 2
350, 12
351, 2
352, 4
353, 2
354, 11
355, 3
356, 3
357, 16
358, 3
359, 3
360, 8
361, 2
362, 3
363, 8
364, 2
365, 3
366, 5
367, 2
368, 4
369, 2
370, 9
371, 3
372, 3
373, 12
374, 3
375, 3
376, 6
377, 3
378, 3
379, 8
380, 3
381, 3
382, 6
383, 3
384, 3
385, 12
386, 3
387, 3
388, 7
389, 2
390, 3
391, 7
392, 2
393, 3
394, 4
395, 2
396, 14
397, 3
398, 3
399, 7
400, 2
401, 3
402, 4
403, 2
404, 7
405, 3
406, 3
407, 11
408, 3
409, 3
410, 7
411, 2
412, 3
413, 4
414, 2
415, 7
416, 3
417, 3
418, 13
419, 3
420, 3
421, 7
422, 2
423, 3
424, 4
425, 2
426, 7
427, 3
428, 3
429, 9
430, 3
431, 3
432, 8
433, 3
434, 3
435, 9
436, 3
437, 3
438, 6
439, 3
440, 3
441, 15
442, 3
443, 3
444, 8
445, 2
446, 3
447, 5
448, 2
449, 7
450, 2
451, 4
452, 2
453, 10
454, 3
455, 3
456, 6
457, 3
458, 3
459, 11
460, 3
461, 3
462, 7
463, 2
464, 3
465, 8
466, 2
467, 3
468, 5
469, 2
470, 5
471, 2
472, 13
473, 3
474, 3
475, 8
476, 2
477, 3
478, 8
479, 2
480, 4
481, 5
482, 2
483, 5
484, 2
485, 10
486, 3
487, 3
488, 21
489, 3
490, 3
491, 7
492, 2
493, 3
494, 4
495, 2
496, 15
497, 3
498, 3
499, 7
500, 2
501, 3
502, 7
503, 2
504, 3
505, 4
506, 2
507, 8
508, 3
509, 3
510, 18
511, 3
512, 3
513, 10
514, 2
515, 3
516, 10
517, 2
518, 3
519, 13
520, 2
521, 3
522, 5
523, 2
524, 5
525, 2
526, 8
527, 2
528, 4
529, 2
530, 7
531, 2
532, 4
533, 2
534, 12
535, 3
536, 3
537, 10
538, 3
539, 3
540, 11
541, 3
542, 3
543, 16
544, 3
545, 3
546, 6
547, 3
548, 3
549, 13
550, 3
551, 3
552, 6
553, 3
554, 3
555, 13
556, 3
557, 3
558, 6
559, 3
560, 3
561, 7
562, 3
563, 3
564, 17
565, 3
566, 3
567, 10
568, 2
569, 3
570, 10
571, 2
572, 3
573, 7
574, 2
575, 4
576, 5
577, 2
578, 5
579, 2
580, 13
581, 3
582, 3
583, 10
584, 3
585, 3
586, 10
587, 3
588, 3
589, 25
590, 3
591, 3
592, 7
593, 2
594, 3
595, 4
596, 2
597, 12
598, 2
599, 3
600, 10
601, 2
602, 3
603, 5
604, 2
605, 4
606, 2
607, 13
608, 2
609, 3
610, 5
611, 2
612, 4
613, 2
614, 9
615, 2
616, 3
617, 4
618, 2
619, 12
620, 3
621, 3
622, 9
623, 3
624, 3
625, 11
626, 3
627, 3
628, 14
629, 3
630, 3
631, 8
632, 2
633, 3
634, 5
635, 2
636, 4
637, 2
638, 8
639, 3
640, 3
641, 18
642, 3
643, 3
644, 7
645, 2
646, 3
647, 4
648, 2
649, 15
650, 3
651, 3
652, 7
653, 2
654, 3
655, 7
656, 2
657, 3
658, 4
659, 2
660, 8
661, 3
662, 3
663, 18
664, 3
665, 3
666, 10
667, 2
668, 3
669, 10
670, 2
671, 3
672, 13
673, 2
674, 3
675, 5
676, 2
677, 5
678, 2
679, 8
680, 2
681, 4
682, 2
683, 7
684, 2
685, 4
686, 2
687, 12
688, 3
689, 3
690, 10
691, 3
692, 3
693, 11
694, 3
695, 3
696, 16
697, 3
698, 3
699, 6
700, 3
701, 3
702, 13
703, 3
704, 3
705, 6
706, 3
707, 3
708, 13
709, 3
710, 3
711, 6
712, 3
713, 3
714, 7
715, 3
716, 3
717, 17
718, 3
719, 3
720, 10
721, 2
722, 3
723, 10
724, 2
725, 3
726, 7
727, 2
728, 4
729, 5
730, 2
731, 5
732, 2
733, 13
734, 3
735, 3
736, 10
737, 3
738, 3
739, 10
740, 3
741, 3
742, 25
743, 3
744, 3
745, 7
746, 2
747, 3
748, 4
749, 2
750, 12
751, 2
752, 3
753, 10
754, 2
755, 3
756, 5
757, 2
758, 4
759, 2
760, 13
761, 2
762, 3
763, 5
764, 2
765, 4
766, 2
767, 9
768, 2
769, 3
770, 4
771, 2
772, 12
773, 3
774, 3
775, 9
776, 3
777, 3
778, 11
779, 3
780, 3
781, 14
782, 3
783, 3
784, 8
785, 2
786, 3
787, 5
788, 2
789, 4
790, 2
791, 8
792, 3
793, 3
794, 14
795, 3
796, 3
797, 7
798, 2
799, 3
800, 4
801, 2
802, 12
803, 3
804, 3
805, 7
806, 2
807, 3
808, 7
809, 2
810, 3
811, 4
812, 2
813, 8
814, 3
815, 3
816, 15
817, 3
818, 3
819, 10
820, 2
821, 3
822, 10
823, 2
824, 3
825, 13
826, 2
827, 3
828, 5
829, 2
830, 5
831, 2
832, 8
833, 2
834, 4
835, 2
836, 7
837, 2
838, 4
839, 2
840, 12
841, 3
842, 3
843, 10
844, 3
845, 3
846, 11
847, 3
848, 3
849, 13
850, 3
851, 3
852, 6
853, 3
854, 3
855, 10
856, 3
857, 3
858, 5
859, 2
860, 2
